labels 22 11 4 0 5 19 13
22 0.975809 0.000347338 0.00100115 0.000534422 0.0177433 0.000618993 0.00394577
22 0.919473 0.00332803 0.00201764 0.00968465 0.0577665 0.00242726 0.00530325
22 0.972741 0.000453407 0.000946451 0.00247128 0.0216495 0.000878809 0.000859991
22 0.979269 0.000235964 6.44115e-05 0.00128939 0.0186405 0.000383824 0.000116482
22 0.940333 0.000164893 8.21498e-05 0.000176893 0.0584184 0.00046943 0.000355255
22 0.93932 0.000252516 6.64787e-05 0.00107966 0.0582503 0.000661583 0.000368997
22 0.912491 0.00644291 0.00361932 0.00898738 0.0568897 0.00230048 0.00926911
22 0.954321 0.000257035 3.62125e-05 0.00103599 0.0425115 0.00049027 0.00134808
22 0.923387 0.00290924 0.00568359 0.0211743 0.039461 0.00267718 0.00470758
22 0.936853 0.0014513 0.000407544 0.000648602 0.0581917 0.00076362 0.0016843
22 0.934863 0.00201559 0.00149935 0.00113026 0.0563067 0.00170007 0.00248483
22 0.959749 0.00266591 0.00244446 0.00293373 0.0260328 0.00110699 0.00506674
22 0.938008 0.000268827 0.000252262 0.00236061 0.0581369 0.000749432 0.000223966
22 0.935088 0.00456242 0.00993943 0.0178943 0.0210396 0.00445759 0.00701858
22 0.955984 0.00281582 0.00601239 0.0151834 0.0104587 0.00363011 0.00591602
22 0.924824 0.00335963 0.0146104 0.0180445 0.0290599 0.00706227 0.00303917
22 0.971726 9.56524e-05 4.97455e-05 0.0020348 0.0255685 0.000340202 0.000185196
22 0.923034 0.0029169 0.00683441 0.0211708 0.0391693 0.00425877 0.00261562
22 0.96582 0.00274623 0.00448255 0.0143587 0.00457301 0.00338257 0.00463688
22 0.9716 0.000271059 0.000661182 0.00548593 0.0212251 0.000405801 0.000351105
22 0.967549 0.000822771 0.00843226 0.00703903 0.0130593 0.00259613 0.000501305
22 0.918129 0.00303449 0.00569747 0.0102924 0.0577922 0.0036041 0.00145071
22 0.934862 0.000472248 0.000368852 0.00336129 0.0580478 0.000727943 0.00216005
22 0.930718 0.00120741 0.000800652 0.00724253 0.0580684 0.000387802 0.0015751
22 0.932332 0.00124534 0.0062116 0.000884332 0.0580453 0.00107968 0.000201438
11 0.00224109 0.97607 0.000776869 0.00346724 0.00155595 0.00916745 0.00672174
11 0.00237994 0.967555 0.00408534 0.00262738 0.00268608 0.0124218 0.00824468
11 0.000722809 0.983736 0.00147647 0.00458464 0.00190577 0.0013867 0.00618735
11 0.00185641 0.971565 0.00772822 0.00388768 0.00230879 0.00511513 0.00753854
11 0.00236421 0.961088 0.00725285 0.00542972 0.00343185 0.0116298 0.00880397
11 0.00161693 0.9798 0.00216448 0.00495664 0.00350544 0.00161541 0.0063412
11 0.00136375 0.967949 0.00445401 0.00555944 0.00342915 0.0100159 0.00722856
11 0.000343984 0.989377 0.000537758 0.000444486 0.000748963 0.00701478 0.00153259
11 0.000743324 0.99194 0.00181278 0.000562234 0.00133566 0.00215758 0.00144871
11 0.000251465 0.986454 0.000359474 0.00199262 0.00101592 0.00362969 0.00629666
11 0.00237492 0.965355 0.00166474 0.00451743 0.00299713 0.0170506 0.00604067
11 0.000452819 0.977523 0.000862853 0.000715931 0.000655803 0.0145939 0.00519589
11 0.00225563 0.96359 0.0049197 0.00426189 0.0019844 0.0172333 0.00575544
11 0.000680742 0.971198 0.00315619 0.00156392 0.000660211 0.0164011 0.00634006
11 0.00215039 0.958042 0.0122855 0.00329065 0.00296597 0.0168822 0.0043836
11 0.00241893 0.963116 0.00516338 0.00415474 0.0011832 0.0162412 0.00772259
4 0.00231844 0.00314765 0.974633 0.0048043 0.00418838 0.00117292 0.00973574
4 0.00138057 0.00254753 0.972319 0.00814095 0.00154307 0.010345 0.00372388
4 0.00267247 0.00884486 0.970546 0.00245748 0.00318544 0.00574465 0.00654933
4 0.0055387 0.00422162 0.963083 0.00602415 0.0067867 0.0117178 0.0026281
4 0.00356993 0.00220405 0.974956 0.00733684 0.00479107 0.00192292 0.00521921
4 0.00676117 0.00483616 0.962389 0.00792663 0.00703806 0.00522302 0.0058264
4 0.000748676 0.00672061 0.973728 0.00339388 0.0114138 0.00290871 0.00108613
4 0.000418914 0.000628177 0.988167 0.00170119 0.000457538 0.00837523 0.000252004
4 0.00355947 0.000379268 0.980673 0.00694415 0.00133952 0.00618426 0.000920807
0 0.00720333 0.00223807 0.00643943 0.961047 0.0198964 0.000495806 0.00268003
0 0.000275269 0.000592084 0.00946266 0.985595 0.000104507 0.00388153 8.8842e-05
0 0.000445786 0.0010181 0.0107833 0.975948 0.000272723 0.00826421 0.00326777
0 0.00167859 0.000356938 0.00690891 0.987414 0.00270328 0.000604209 0.000334293
0 0.00572561 0.000669684 0.0041795 0.98346 0.00375035 0.000588226 0.00162619
0 0.000119898 0.00594373 0.00128869 0.978876 0.000143221 0.0101901 0.00343825
0 0.0031429 0.00251058 0.00558371 0.980255 0.00120064 0.0029932 0.00431387
0 0.000392596 0.00564151 0.000703609 0.983569 0.000289051 0.00521994 0.00418471
0 0.00273928 0.00624371 0.000412261 0.965599 0.0180091 0.00141667 0.00558048
0 0.00728707 0.00487314 0.00617774 0.960354 0.0116023 0.00364911 0.00605665
0 0.00409582 0.00083956 0.00125645 0.973842 0.0174781 0.000293743 0.00219472
0 0.00343621 0.00549775 0.00370703 0.976244 0.0044481 0.00223895 0.0044284
0 0.00679279 0.00474909 0.00326613 0.963681 0.0110956 0.00399733 0.00641757
5 0.0309873 0.000224548 5.22252e-05 0.000873205 0.965371 0.000576996 0.00191461
5 0.0360989 0.00525244 0.00814725 0.00923448 0.929326 0.00305607 0.00888455
5 0.00199029 0.000318167 5.13352e-05 0.00046464 0.996543 0.000296096 0.000336204
5 0.0386124 0.000204991 0.000504892 0.000912868 0.952253 0.000761876 0.00674985
5 0.0386717 0.00376033 0.00136874 0.0109503 0.938906 0.00271158 0.00363125
5 0.0384706 0.000266252 0.000116727 0.00886997 0.951207 0.000711807 0.000357196
5 0.0382549 0.000212203 0.000255244 0.00207661 0.958007 0.00100379 0.000190178
5 0.0385948 0.00222511 0.00284944 0.0109682 0.942599 0.00159213 0.00117127
5 0.0226087 0.00252452 0.00411648 0.0247661 0.940782 0.00127822 0.00392386
5 0.00498329 0.00276006 0.00144994 0.0231894 0.955808 0.00121468 0.0105946
5 0.0290252 0.00377065 0.00542036 0.0185119 0.923419 0.00289027 0.0169623
5 0.0351097 0.000742958 0.00184711 0.00555139 0.940609 0.00154274 0.0145967
5 0.0384887 0.00246132 0.000894909 0.0139647 0.934615 0.00129974 0.00827545
5 0.0206475 0.00714134 0.00588939 0.0161357 0.931089 0.00326538 0.0158318
19 0.00262326 0.00103203 0.00910658 0.00226125 0.00317001 0.981056 0.000750787
19 0.00403026 0.00316091 0.0152841 0.00768803 0.00427249 0.962658 0.00290573
19 0.0036593 0.0024684 0.0155013 0.00580891 0.00545707 0.965631 0.00147434
19 0.00152857 0.001788 0.0150495 0.00230415 0.00303559 0.975623 0.000671519
19 0.00267227 0.00887452 0.00282439 0.00557943 0.00477635 0.970799 0.00447371
19 0.00266971 0.00889049 0.00693555 0.00616284 0.00364522 0.967269 0.00442764
19 0.00292789 0.00881151 0.00673128 0.00557007 0.00393228 0.967759 0.00426813
19 0.0035266 0.00921076 0.00558378 0.00495309 0.00485805 0.967071 0.00479678
19 0.00318267 0.00902017 0.012179 0.00848051 0.0032083 0.958491 0.00543816
19 0.00287946 0.00473258 0.00543973 0.0105082 0.00362356 0.963505 0.00931192
19 0.00077043 0.00803505 0.00138577 0.00392314 0.0015578 0.980799 0.00352901
19 0.00268899 0.00866691 0.00606513 0.00349841 0.00356624 0.970967 0.00454701
13 0.00258622 0.00440725 0.012725 0.00394953 0.00871365 0.00264719 0.964971
13 0.00718634 0.000402148 0.00964314 0.00522544 0.00801666 0.00124487 0.968281
13 0.0054739 0.0021829 0.00486094 0.00299443 0.00990293 0.00204941 0.972535
13 0.00950006 0.00105994 0.00261896 0.00208949 0.00938254 0.00256712 0.972782
13 0.00333924 0.000613341 0.00882225 0.00290862 0.0103633 0.00204789 0.971905
13 0.00175236 0.00124924 0.00276094 0.00370262 0.00896016 0.000733945 0.980841
13 0.00181766 0.00699295 0.00279503 0.00186491 0.000960235 0.00248443 0.983085
13 0.00392338 0.00341779 0.00357888 0.00494839 0.0047775 0.00219696 0.977157
13 0.00468651 0.00751646 0.000969477 0.00112926 0.00417366 0.0029007 0.978624
13 0.0038371 0.00729171 0.0015703 0.0023796 0.00167555 0.00228108 0.980965
13 0.00376797 0.000692992 0.000439072 0.000506075 0.00160032 0.000278974 0.992715
13 0.00377419 0.002081 0.00265123 0.00187266 0.004091 0.00248995 0.98304
13 0.00749086 0.00419248 0.00264188 0.0030373 0.00599456 0.00303681 0.973606
13 0.00113972 0.00750167 0.00565892 0.00223835 0.00321839 0.00574924 0.974494
13 0.0014166 0.00709537 0.000390755 0.00274178 0.00355999 0.00309042 0.981705
0 0.00257103 0.00626804 0.00623081 0.966554 0.00942626 0.00375493 0.00519444
5 0.0391742 0.00217206 0.00324191 0.0141715 0.933222 0.00247464 0.00554346
19 0.001988 0.00922011 0.00916318 0.000993166 0.00231185 0.972851 0.00347238
22 0.936392 0.00137095 0.00130157 0.00146325 0.0581504 0.000657914 0.000663912
22 0.918409 0.00382781 0.00945465 0.0210234 0.0363877 0.004636 0.00626116
22 0.938884 0.000501243 8.77714e-05 0.00119873 0.0582131 0.000598212 0.000516705
22 0.932368 0.00060163 0.000334826 0.00701606 0.0580923 0.000690313 0.000897308
22 0.927869 0.00101483 0.000670007 0.00694232 0.0578492 0.000532344 0.00512185
22 0.915894 0.00311404 0.00214849 0.021365 0.0497902 0.00241647 0.00527219
22 0.915049 0.00287603 0.0106377 0.00633343 0.0573063 0.00381816 0.00397932
22 0.924107 0.00356221 0.0033725 0.00447065 0.0578115 0.00230797 0.00436817
22 0.93454 0.001272 0.000717735 0.00240917 0.05811 0.000835045 0.00211628
22 0.924131 0.00243375 0.00183245 0.0123031 0.0575081 0.000535962 0.00125552
22 0.932109 0.00321382 0.00138408 0.0200865 0.0369575 0.00132786 0.00492167
22 0.930852 0.00173837 0.000484413 0.00241291 0.0579912 0.00102023 0.00550087
22 0.956228 0.00034954 0.000149839 0.0174405 0.0246698 0.000256212 0.000906246
22 0.938382 0.00102125 0.000176871 0.00176973 0.0572569 0.000298534 0.00109426
22 0.909139 0.00578007 0.00289346 0.0111001 0.0512763 0.00226616 0.0175454
22 0.933632 0.00133464 0.000167796 0.00741534 0.054926 0.000179024 0.00234565
22 0.92025 0.00226163 0.000543431 0.0138622 0.057176 0.00104102 0.0048661
22 0.939581 0.000236596 4.72839e-05 0.000999227 0.058363 0.000207234 0.000565908
22 0.921095 0.000900541 0.000875776 0.016229 0.056214 0.00117479 0.00351079
22 0.925329 0.00278623 0.00245684 0.0216515 0.0420932 0.00075535 0.00492747
22 0.935461 0.0021263 0.00166533 0.00162662 0.0581063 0.000576157 0.000438127
22 0.923297 0.00259448 0.00358197 0.00928351 0.058051 0.00235701 0.00083458
22 0.925244 0.0024791 0.00467016 0.0042867 0.057953 0.00221909 0.00314833
22 0.935106 0.000274146 0.000498861 0.00927114 0.0535316 0.000620537 0.000697431
22 0.911381 0.00335727 0.00683335 0.013039 0.0443706 0.00209411 0.0189241
11 0.000803369 0.964567 0.0061212 0.00254401 0.00203784 0.016912 0.00701499
11 0.00071635 0.968824 0.00268646 0.00460079 0.00059883 0.0169949 0.00557872
11 0.0012278 0.983318 0.0027653 0.00426734 0.00125231 0.00104532 0.0061238
11 0.00364266 0.964631 0.00675039 0.00679818 0.00635291 0.00460627 0.00721837
11 0.00647385 0.95605 0.00790176 0.00676519 0.0092572 0.0046762 0.008876
11 0.00511905 0.963258 0.0101003 0.00371091 0.00849724 0.000668906 0.00864595
11 0.0038734 0.969038 0.00784372 0.00420093 0.00536723 0.00244693 0.0072294
11 0.00118736 0.965976 0.00961108 0.00700448 0.000597299 0.0109547 0.00466942
11 0.00223955 0.962763 0.00731196 0.00461755 0.0021883 0.014441 0.00643873
11 0.00235375 0.953995 0.00995213 0.0129298 0.00414124 0.00913247 0.00749591
11 0.00184912 0.961917 0.00542969 0.0070721 0.00218502 0.0128665 0.0086801
11 0.000978072 0.963277 0.00945968 0.00552907 0.000897549 0.0160545 0.00380397
11 0.00262939 0.969818 0.00471795 0.00613491 0.00739642 0.00258554 0.00671764
11 0.00377877 0.956987 0.0060281 0.00546492 0.00496265 0.0144933 0.00828484
11 0.001325 0.970011 0.00456571 0.000906545 0.00239421 0.0126912 0.0081067
11 0.000443838 0.977919 0.00637843 0.00160739 0.00192135 0.00498821 0.00674175
4 0.00163366 0.00466527 0.96824 0.00393888 0.00452994 0.0125727 0.00441964
4 0.00236948 0.00532796 0.965751 0.00560312 0.00811652 0.00191134 0.0109201
4 0.00309403 0.00169567 0.971552 0.00657627 0.0131967 0.00186725 0.0020184
4 0.000672223 0.0060121 0.977005 0.0038965 0.000536672 0.0109208 0.000956745
4 0.00205077 0.00710177 0.969089 0.00815005 0.00675679 0.00187763 0.00497436
4 0.00289066 0.00148794 0.971757 0.00829761 0.00889295 0.00132217 0.00535123
4 0.00124192 0.00715841 0.97129 0.00126148 0.00266499 0.0106697 0.00571336
4 0.000678317 0.00678499 0.969387 0.00440934 0.00126345 0.0118842 0.00559234
4 0.0042627 0.00894972 0.960753 0.00752817 0.00687258 0.00556639 0.00606763
0 0.000300854 0.00412984 0.00477342 0.979069 0.000265175 0.009772 0.00168962
0 0.000915501 0.0045169 0.00442052 0.976787 0.00061543 0.0100466 0.0026976
0 0.00451097 0.000322609 0.000120246 0.989 0.00181477 0.00022992 0.00400102
0 0.00455533 0.00375046 0.00826596 0.970066 0.00497714 0.00405137 0.00433374
0 0.00821484 0.00229993 0.000498693 0.968447 0.0128216 0.00238741 0.00533092
0 0.000447419 0.000267141 0.00161817 0.993092 0.0019737 0.00086467 0.00173653
0 0.00290548 0.00147117 0.00293479 0.965405 0.0221337 0.00215609 0.00299378
0 0.00736667 0.000202389 0.000698957 0.967008 0.0209989 0.000106309 0.00361921
0 0.00790437 0.000350449 0.000800262 0.975687 0.0137742 0.000276484 0.00120707
0 0.00172579 0.00479951 0.00631222 0.974362 0.0049403 0.00364713 0.00421303
0 0.00182309 0.000481972 0.0006741 0.986149 0.00809403 0.000307899 0.00246969
0 0.00485644 0.00297463 0.0113626 0.960147 0.00819066 0.00661501 0.00585377
0 0.00680536 0.00033941 0.0118749 0.963961 0.0149344 0.000338767 0.00174627
5 0.0388988 0.00168849 0.00194433 0.0145156 0.939042 0.00181051 0.00210002
5 0.0374658 0.00325847 0.00461827 0.0215224 0.923831 0.00313774 0.00616641
5 0.0296444 0.00281333 0.0035276 0.026001 0.929002 0.00355 0.00546217
5 0.0390994 0.00298604 0.0027775 0.0112068 0.934861 0.00262898 0.00644027
5 0.036359 0.00388976 0.00322969 0.0175787 0.924375 0.00320237 0.0113659
5 0.0376796 0.00390089 0.00104815 0.00897271 0.933101 0.00197922 0.013318
5 0.0353227 0.00403633 0.00371427 0.00447182 0.937683 0.00115603 0.0136161
5 0.00664202 0.000277537 0.000228866 0.00069242 0.990731 0.000665916 0.00076228
5 0.0385915 0.00426697 0.00749818 0.0106616 0.932316 0.00279875 0.00386748
5 0.0382397 0.000325989 0.000251262 0.00453233 0.954743 0.000709596 0.00119767
5 0.0204236 0.000715542 0.000294798 0.0240492 0.952269 0.000822522 0.00142548
5 0.0184054 0.00184631 0.00181836 0.0119384 0.962189 0.00174397 0.0020583
5 0.0388635 0.00398074 0.00675768 0.017224 0.924852 0.00294028 0.00538161
5 0.0382809 0.00026772 0.000378847 0.00387009 0.956241 0.000793948 0.000167433
19 0.00263807 0.00651965 0.00612787 0.00468444 0.00340672 0.96724 0.00938353
19 0.00256871 0.00882831 0.00549622 0.0031817 0.00372722 0.971487 0.00471115
19 0.00102358 0.0091059 0.00919895 0.00116961 0.00109968 0.977101 0.00130091
19 0.000767066 0.00900047 0.0123576 0.00212517 0.00121061 0.972966 0.00157336
19 0.000289552 0.00797314 0.00326845 0.00110132 0.000874774 0.985626 0.000866405
19 0.002612 0.00945581 0.014374 0.00358503 0.00359824 0.9633 0.00307465
19 0.00260159 0.0101625 0.0122786 0.00456895 0.00375346 0.96405 0.00258462
19 0.00276709 0.00421118 0.0105553 0.00264127 0.00403574 0.973513 0.00227627
19 0.00320245 0.00485449 0.0152523 0.00144003 0.00445699 0.968342 0.00245149
19 0.00221695 0.0084372 0.00295571 0.0097893 0.003354 0.968823 0.00442392
19 0.00040107 0.00275674 0.00063284 0.00138201 0.00106926 0.992347 0.00141083
19 0.00320473 0.00135568 0.0127514 0.00882428 0.00196442 0.970787 0.00111295
13 0.000251126 0.00694458 0.0033125 0.00188741 0.000258823 0.00688377 0.980462
13 0.00112916 0.00803046 0.00581042 0.00302276 0.00255861 0.00703073 0.972418
13 0.000137458 0.00686217 0.00022301 0.00161752 0.00012729 0.0055161 0.985516
13 0.00225716 0.00709926 0.00285913 0.0042193 0.00150862 0.00449727 0.977559
13 0.00016315 0.00523233 7.41687e-05 0.000205559 0.000223012 0.00202929 0.992072
13 0.00130778 0.00326202 0.00112011 0.00182803 0.0012276 0.00404358 0.987211
13 8.53544e-05 0.00675991 0.000128614 0.000748021 0.000182869 0.00563186 0.986463
13 0.00312997 0.00849568 0.00420023 0.0040256 0.00365017 0.00810125 0.968397
13 0.00313959 0.00185207 0.00182481 0.00405419 0.0040154 0.00324341 0.981871
13 0.00199675 0.000406546 0.000103062 0.000378618 0.000976489 0.00020299 0.995936
13 0.0028594 0.0072719 0.00118222 0.00314915 0.00306564 0.00422724 0.978244
13 0.000507196 0.000881212 0.000252856 0.000315429 0.000425481 0.000679645 0.996938
13 0.000111758 0.000859918 0.00020747 0.000294662 0.000236784 0.00067851 0.997611
13 0.00406193 0.00802323 0.008414 0.00471641 0.00866264 0.00141415 0.964708
13 0.00326417 0.00420316 0.00472324 0.00465506 0.00436148 0.000642805 0.97815
13 0.00309047 0.00774229 0.00530529 0.00445607 0.00385642 0.00114555 0.974404
22 0.938788 0.00020933 0.000222082 0.00174305 0.0582606 0.000583165 0.000193991
0 0.0038109 0.00198826 0.0113717 0.963782 0.0115717 0.00371481 0.00376065
22 0.925108 0.00207343 0.00288332 0.00972355 0.0579837 0.00114519 0.00108303
22 0.924087 0.000516181 0.00262168 0.0080411 0.0578693 0.000916684 0.0059477
22 0.937995 0.00115057 0.00042695 0.00460537 0.0527571 0.00120584 0.00185943
22 0.922199 0.00313888 0.00477371 0.00772181 0.0579188 0.00238382 0.00186403
22 0.93232 0.000566794 0.000625629 0.00697288 0.0580842 0.000959653 0.000471151
22 0.938421 0.000564148 0.000820505 0.00611471 0.0520529 0.00147321 0.000553656
22 0.931569 0.000654718 0.000729022 0.00737199 0.0580396 0.00141977 0.000216279
22 0.911977 0.00374964 0.0033317 0.00906387 0.0550052 0.00236968 0.0145031
22 0.913247 0.00374163 0.00361089 0.0207613 0.0515645 0.00223126 0.00484355
22 0.930497 0.00309961 0.000747785 0.00166864 0.058116 0.00190885 0.00396227
22 0.969877 0.000771177 0.000463924 0.00186246 0.0253392 0.000951846 0.000734097
22 0.928156 0.000380431 0.000116554 0.0114818 0.0579123 0.000774171 0.00117835
22 0.928941 0.00153588 0.000564096 0.00846982 0.0580897 0.00186725 0.00053206
22 0.937466 0.000253768 0.000267188 0.00226582 0.0580951 0.00104099 0.000610714
22 0.936034 0.0005604 0.000475577 0.00210041 0.0582202 0.000967828 0.00164192
22 0.920073 0.00317622 0.000984982 0.0151023 0.0568716 0.000865418 0.00292602
22 0.934164 0.00135031 0.000674355 0.00413807 0.0580853 0.000874722 0.000713361
22 0.921063 0.00301024 0.000919166 0.0132546 0.057581 0.00238599 0.00178608
22 0.915363 0.00403511 0.000887055 0.0201609 0.0417899 0.00231318 0.0154507
22 0.933358 0.000848706 0.000590936 0.00467796 0.0579084 0.00175138 0.000864863
22 0.923043 0.00375421 0.00679835 0.00227478 0.0579233 0.00197693 0.00422957
22 0.936226 0.000692917 0.000384144 0.00284905 0.0581065 0.000822569 0.000918612
22 0.929243 0.00262551 0.000632627 0.00367537 0.0579166 0.00118891 0.00471762
22 0.98896 0.000654678 0.00243289 0.00240693 0.00238594 0.000846277 0.00231325
22 0.980792 0.000374515 0.000321817 0.000559413 0.0172762 0.000432365 0.000243945
11 0.000241855 0.989593 0.000592885 0.000841701 0.000678906 0.00195293 0.00609901
11 0.000657827 0.982315 0.00239107 0.00347833 0.00160825 0.00329088 0.00625844
11 0.000627653 0.982428 0.00251048 0.00165487 0.00216982 0.00431761 0.00629162
11 0.00242536 0.966834 0.00522477 0.0045649 0.00312578 0.010312 0.00751286
11 0.00088552 0.973473 0.00872219 0.000766889 0.00163307 0.0105903 0.00392889
11 0.000210634 0.990333 0.00121264 0.000421684 0.000231414 0.00151001 0.00608064
11 5.53913e-06 0.996293 0.000395896 0.000103459 0.000180862 0.0026341 0.000387598
11 0.000939458 0.981 0.00551493 0.00301045 0.00460228 0.00186582 0.00306751
11 0.00248259 0.975013 0.00204584 0.00581755 0.00718087 0.000970205 0.00649026
11 0.000868343 0.970194 0.000742843 0.00474995 0.000890663 0.0144351 0.00811907
11 0.00126695 0.967791 0.00342945 0.00490212 0.00189205 0.0124945 0.00822419
11 0.00213208 0.962421 0.00453925 0.00416549 0.00285654 0.0163977 0.007488
11 0.000471147 0.974174 0.00123983 0.0044308 0.000712433 0.0111769 0.00779451
11 0.000493557 0.971953 0.000846673 0.00445527 0.000600055 0.0169791 0.00467187
11 0.00115524 0.968431 0.00457777 0.00414989 0.00155833 0.0167994 0.00332875
11 0.00224047 0.965778 0.003002 0.00432785 0.00245445 0.0170548 0.00514256
4 0.000402395 0.00463488 0.979203 0.000766741 0.00158697 0.0122493 0.00115666
4 0.00312756 0.00475706 0.966436 0.00836312 0.0033542 0.00889048 0.00507128
4 0.00509538 0.00549963 0.966864 0.00740939 0.00290064 0.00560475 0.00662608
4 0.00235668 0.0057012 0.962458 0.00611941 0.00361002 0.0126107 0.00714356
4 0.00623972 0.00257976 0.968308 0.00815546 0.00378358 0.00731405 0.00361965
4 0.00205525 0.00283562 0.971261 0.00793104 0.00320053 0.00793139 0.00478484
4 0.0060139 0.000984167 0.977355 0.00750523 0.000926908 0.00632214 0.000892385
4 0.00571483 0.00226974 0.970795 0.00827408 0.00588559 0.000686167 0.00637419
4 0.00528424 0.00248854 0.973568 0.00403285 0.0124992 0.00152921 0.000597578
0 0.00193332 0.00333925 0.0113922 0.962228 0.00780745 0.0091344 0.00416559
0 0.000919891 0.00540108 0.010732 0.974691 0.00109545 0.00436165 0.00279873
0 0.00838844 0.00360314 0.00177295 0.968164 0.0141331 0.000822381 0.00311593
0 0.00433431 0.00459428 0.00228317 0.963078 0.018382 0.000387464 0.00694047
0 0.00121466 0.000321283 0.000649067 0.991221 0.00545843 0.000171166 0.000964241
0 0.00243177 0.000541646 0.00750672 0.985109 0.00104443 0.000428165 0.0029379
0 0.00519947 0.00242936 0.00640569 0.960702 0.0216784 0.00216026 0.00142456
0 0.00167 0.0117936 0.00871359 0.962891 0.00537557 0.00662832 0.00292747
0 0.00307994 0.00535174 0.00173077 0.965316 0.0223393 0.00162364 0.000558638
0 0.0067659 0.000283492 0.00270784 0.968092 0.0214946 0.000582148 7.36603e-05
0 0.00421708 0.00433748 0.0116079 0.959054 0.0169952 0.00203757 0.00175036
0 0.00191863 0.00511338 0.00123926 0.977518 0.00992169 0.000494108 0.00379508
0 0.000810401 0.00474946 0.00154069 0.987156 0.00216384 0.00164135 0.00193825
5 0.038275 0.00017506 0.000175106 0.000409432 0.960007 0.000400556 0.000557718
5 0.0361623 0.00704727 0.0112094 0.0179233 0.91603 0.00292007 0.00870757
5 0.0293173 0.000900363 0.000563159 0.0258661 0.938053 0.00115258 0.00414771
5 0.0389002 0.00499783 0.00164254 0.011244 0.933819 0.00270343 0.00669254
5 0.0383331 0.00112648 0.000425075 0.00519352 0.949526 0.00115599 0.00424013
5 0.0388448 0.002878 0.00253264 0.00910794 0.93785 0.00229398 0.00649264
5 0.0388633 0.0030243 0.000743971 0.00815973 0.940862 0.00271299 0.00563329
5 0.0388607 0.00369315 0.00299694 0.00974117 0.932515 0.00267134 0.00952191
5 0.002577 0.000850377 0.000137741 0.00083767 0.993731 0.00138255 0.000483683
5 0.0388869 0.00044422 0.000235321 0.0142054 0.945184 0.00091558 0.000128964
5 0.0389775 0.0022523 0.00265937 0.0103068 0.937303 0.0013832 0.00711737
5 0.0391763 0.00289181 0.00277525 0.011833 0.932892 0.00214902 0.00828223
5 0.0243389 0.00433365 0.0119253 0.0249227 0.927537 0.00295089 0.00399125
5 0.0204626 0.00128455 0.00312068 0.0246782 0.944693 0.00136419 0.00439632
19 0.0030239 0.0101135 0.0136568 0.00921263 0.00354658 0.954675 0.00577206
19 0.00082362 0.00060799 0.00274312 0.00073787 0.00103431 0.993745 0.000307699
19 0.00270953 0.00699952 0.0155963 0.00181228 0.00354715 0.966069 0.00326661
19 0.00257967 0.00949952 0.00474144 0.00783993 0.00377667 0.962734 0.00882875
19 0.00058847 0.00167747 0.000617498 0.000460107 0.00223156 0.993936 0.000488402
19 0.00256812 0.00982719 0.0132163 0.0095582 0.00269659 0.959335 0.00279888
19 0.00145032 0.0024704 0.0149757 0.00282188 0.00228987 0.973631 0.00236062
19 0.000924249 0.00532001 0.0133907 0.00274452 0.000963092 0.976289 0.000367944
19 0.00074074 0.00197991 0.00818476 0.00289064 0.00177496 0.984151 0.000277504
19 0.00333267 0.00282842 0.0150678 0.00254867 0.00223191 0.972821 0.00116927
19 0.00185035 0.0048675 0.0147111 0.00234837 0.00370892 0.971199 0.00131502
19 0.000541933 0.00793423 0.00537499 0.00235136 0.00157865 0.979229 0.00299023
13 0.00699502 0.00200915 0.00378361 0.00221116 0.0101533 0.00102113 0.973827
13 0.00443678 0.00345762 0.00556016 0.00494267 0.00287217 0.000666673 0.978064
13 0.00587857 0.0087769 0.00773955 0.00229772 0.0075732 0.00106713 0.966667
13 0.00297528 0.00712788 0.00748353 0.00570214 0.00280395 0.00575815 0.968149
13 0.000306548 0.00737091 0.00327666 0.00404363 0.000513866 0.00450238 0.979986
13 0.00070865 0.00728882 0.0075106 0.00481313 0.000656716 0.00362613 0.975396
13 0.00345812 0.00583968 0.0120629 0.00468803 0.00591168 0.0025574 0.965482
13 0.00325695 0.00835511 0.0104216 0.0017158 0.00211228 0.0027901 0.971348
13 0.0019745 0.00824836 0.00708046 0.00387563 0.00443468 0.0029061 0.97148
13 0.000816525 0.00716609 0.00472238 0.00122727 0.00304011 0.00102119 0.982006
13 0.000327478 0.00798052 0.00829428 0.00321859 0.000346167 0.00480192 0.975031
13 0.00118126 0.00610275 0.00608732 0.00576229 0.00477036 0.00351039 0.972586
13 0.00143889 0.00766766 0.00638127 0.00397358 0.00146879 0.00595912 0.973111
13 0.000146029 0.00722984 0.00575718 0.00295404 0.000227544 0.00571255 0.977973
13 0.00112195 0.00773288 0.00613216 0.00292796 0.00171317 0.00568568 0.974686
19 0.00102451 0.00830875 0.00652199 0.00333974 0.00197231 0.975213 0.00361984
13 0.000704701 0.00743979 0.00120369 0.000902776 0.00481031 0.00456155 0.980377
0 0.00608069 0.00537944 0.00440683 0.956717 0.0218012 0.00127874 0.00433656
22 0.926584 0.00279411 0.00553945 0.0207239 0.0377052 0.00174884 0.00490466
22 0.977649 0.00105201 0.00546236 0.00604092 0.00682482 0.000999875 0.00197083
22 0.958988 0.00276481 0.00662975 0.0105186 0.0155772 0.00238181 0.00313994
22 0.927008 0.000488179 0.00676953 0.0167984 0.0466961 0.000883331 0.00135624
22 0.905547 0.00298826 0.00864857 0.019972 0.0515255 0.0027696 0.00854912
22 0.948893 0.0010264 0.000789059 0.0064629 0.0353961 0.0010285 0.00640441
22 0.932992 0.00135298 0.00162447 0.00320455 0.0580413 0.00074067 0.00204424
22 0.964444 0.000736691 0.0023719 0.0157889 0.0143231 0.00113528 0.00119989
22 0.988438 0.00163013 0.001397 0.00142105 0.00331558 0.00073872 0.00305998
22 0.925645 0.00265102 0.0129248 0.0200161 0.0320835 0.00329234 0.0033876
22 0.921987 0.00169972 0.00708599 0.00764824 0.0579086 0.00103261 0.00263744
22 0.995368 0.000306308 0.0002323 6.50571e-05 0.00323379 0.00067728 0.0001174
22 0.932689 0.0024367 0.000572015 0.0033158 0.0579777 0.0023614 0.0006469
22 0.935062 0.000203645 0.000117643 0.00577846 0.0580943 0.00067524 6.88983e-05
22 0.936484 0.00136379 0.000335374 0.00187848 0.0581868 0.00139134 0.000360674
22 0.933431 0.000139137 0.000274567 0.00750697 0.0580958 0.000455095 9.72664e-05
22 0.92424 0.000691298 0.000859567 0.0170244 0.0557767 0.00128765 0.000120224
22 0.927841 0.000396486 0.000152914 0.01258 0.0577548 0.00117191 0.000103396
22 0.913151 0.00789764 0.00550812 0.0220643 0.0421421 0.00233802 0.00689836
22 0.966942 0.00139205 0.000510412 0.00313454 0.0265355 0.000789092 0.000696697
22 0.939028 0.000208847 4.36219e-05 0.0017225 0.0582671 0.000669707 6.04092e-05
22 0.932702 0.0018358 0.000557394 0.00440193 0.0580303 0.00215166 0.000320597
22 0.935583 0.000844438 0.000330078 0.0037574 0.0578391 0.00154832 9.77436e-05
22 0.925704 0.00150758 0.000477407 0.0130208 0.0575804 0.00121662 0.000493484
22 0.975207 0.000390012 0.000212076 0.00936837 0.0141891 0.000527941 0.000105699
11 0.000949093 0.968157 0.00312745 0.00422045 0.00128376 0.0139504 0.00831177
11 0.000226711 0.971119 0.000502553 0.00440899 0.000518969 0.0161622 0.00706164
11 0.00475214 0.974695 0.00433152 0.00508212 0.00410106 0.00055568 0.00648219
11 0.00356848 0.965098 0.0128018 0.00674015 0.00682754 0.00344882 0.00151558
11 0.00231963 0.970961 0.00834622 0.00582707 0.00450288 0.00168617 0.00635714
11 0.000380181 0.980106 0.000884364 0.00056572 0.000542886 0.0155316 0.00198965
11 0.00294481 0.962266 0.0114704 0.00470888 0.00389158 0.00650576 0.00821277
11 0.00332279 0.958853 0.00901165 0.0138136 0.00342114 0.0074376 0.0041402
11 0.000204813 0.974185 0.00452225 0.00103509 0.000201145 0.0142989 0.00555288
11 0.000787324 0.975026 0.0108308 0.00151989 0.000440775 0.00954428 0.00185123
11 0.00159939 0.969672 0.0118621 0.00505653 0.00213846 0.0026065 0.00706469
11 0.00265144 0.96653 0.0127642 0.00272231 0.00510497 0.00474126 0.00548636
11 0.00176931 0.966789 0.0129213 0.00480677 0.00125047 0.00654563 0.00591735
11 0.00448302 0.964388 0.00641972 0.00889299 0.00494234 0.00241509 0.00845853
11 0.00279906 0.956487 0.0130745 0.00635201 0.00602381 0.0109277 0.00433632
11 0.000590127 0.978482 0.0121247 0.000379045 0.000744008 0.00615053 0.00152983
4 0.00551963 0.00742851 0.962278 0.00420007 0.0136071 0.00292646 0.00404058
4 0.0095977 0.0061954 0.958284 0.00303136 0.00935872 0.00360472 0.00992762
4 0.00471268 0.00573533 0.967434 0.00586493 0.00638231 0.00680375 0.00306742
4 0.00160795 0.00817911 0.973857 0.00305829 0.00458793 0.00331956 0.00539058
4 0.00688214 0.00798275 0.959742 0.0085857 0.00882896 0.00467612 0.00330259
4 0.00591424 0.00637372 0.965815 0.00345255 0.00692129 0.00134781 0.0101758
4 0.00527566 0.00922673 0.96347 0.00217253 0.00460403 0.0072445 0.00800692
4 0.00197977 0.00484001 0.973656 0.000701735 0.00899414 0.00835745 0.00147104
4 0.00615676 0.00367766 0.968816 0.00734765 0.00713435 0.001005 0.00586237
0 0.00461165 0.00402625 0.00733226 0.955902 0.0206858 0.00213282 0.00530939
0 0.00725011 0.000463418 0.00081925 0.967365 0.0213524 0.000303201 0.00244703
0 0.00541678 0.00262981 0.00321427 0.97037 0.0137497 0.00065114 0.00396828
0 0.00766804 0.000950344 0.00383428 0.971423 0.0122692 0.000556049 0.0032994
0 0.00115367 0.00124626 0.00973741 0.978662 0.000512577 0.00758819 0.00110009
0 0.00372066 0.00120648 0.00685342 0.959659 0.020551 0.00158363 0.00642543
0 0.0054459 0.00378197 0.00400298 0.95879 0.022132 0.00160485 0.00424193
0 0.00831176 0.000198969 0.000400507 0.970463 0.0201797 0.000192262 0.000253995
0 0.00759501 0.000459747 0.00119337 0.976827 0.0132469 0.000155127 0.000522902
0 0.00619602 0.000285989 0.00399218 0.977761 0.011164 0.000355196 0.000245274
0 0.00709002 0.000428449 0.000511253 0.978839 0.0124381 0.000516619 0.000176621
0 0.00753964 0.00325772 0.00438615 0.969587 0.0130532 0.000796575 0.00138007
0 0.00889065 0.000561756 0.000222189 0.971507 0.0184833 0.00019502 0.000139953
5 0.0383381 0.00153644 0.00287193 0.0131594 0.941635 0.000633829 0.00182509
5 0.0191334 0.0033464 0.00322262 0.0242733 0.941539 0.00265543 0.00582959
5 0.0307071 0.00501162 0.00881491 0.0254925 0.919465 0.00308903 0.0074198
5 0.0386309 0.000651992 0.00194147 0.0112554 0.945652 0.00134639 0.000521745
5 0.0383037 0.00172583 0.000254056 0.00349963 0.95398 0.00161412 0.000622895
5 0.0388892 0.00189118 0.00331009 0.0125884 0.940153 0.00275348 0.000414661
5 0.0383948 0.00618649 0.00141979 0.0117693 0.937301 0.00284778 0.00208057
5 0.01269 0.000875074 0.000470883 0.000996812 0.981593 0.00216638 0.00120779
5 0.0046021 0.0048785 0.00251185 0.0202623 0.963762 0.00335608 0.000627567
5 0.0617586 0.00128637 0.000726385 0.0190663 0.915652 0.00124275 0.000267452
5 0.0383036 0.00106432 0.001083 0.00123742 0.956067 0.00172748 0.000517
5 0.0386287 0.00244799 0.00263632 0.0112395 0.942432 0.00164946 0.000966448
5 0.210132 0.000927687 0.00324322 0.0113389 0.77271 0.00142763 0.000221028
5 0.0386992 0.000834441 0.00338796 0.0110148 0.942279 0.0034259 0.000358337
19 0.00302195 0.0106448 0.012827 0.00622439 0.00389077 0.95783 0.00556086
19 0.00227027 0.000970549 0.0120769 0.002717 0.00234085 0.979032 0.000592562
19 0.00254799 0.00952935 0.00890503 0.00384359 0.00356588 0.966637 0.0049716
19 0.00275312 0.00746959 0.0157201 0.00528695 0.00350485 0.96318 0.00208496
19 0.00290208 0.00903629 0.0147156 0.00414471 0.00348412 0.96535 0.00036686
19 0.00247263 0.00466753 0.013261 0.00500566 0.00330766 0.970989 0.000296132
19 0.000918299 0.000160259 0.00188896 0.000761765 0.00064943 0.995541 8.05587e-05
19 0.000469202 0.00261059 0.00127264 0.00095728 0.000481707 0.994104 0.00010473
19 0.000473757 0.00187869 0.00678587 0.00166149 0.000401726 0.988744 5.42703e-05
19 0.00287827 0.00142371 0.0152167 0.00399919 0.00358694 0.972192 0.000703103
19 0.00249146 0.00710152 0.0156178 0.00430212 0.00353032 0.964792 0.00216454
19 0.000687695 0.00769628 0.00311754 0.00276506 0.00181354 0.98362 0.00029972
13 0.000363844 0.00692914 0.000774942 0.00121258 0.00313594 0.00168474 0.985899
13 0.00190064 0.00455416 0.00249742 0.00371423 0.000485602 0.00496175 0.981886
13 0.000373864 0.00744909 0.00528446 0.00435426 0.000638695 0.00471448 0.977185
13 0.000431204 0.00141459 0.000988758 0.00352276 0.00042668 0.004519 0.988697
13 0.00151219 0.0072591 0.0029287 0.00176541 0.00099185 0.00630074 0.979242
13 0.001602 0.00168944 0.00110725 0.00387229 0.000507169 0.00431949 0.986902
13 0.00321361 0.00309899 0.00421421 0.00433795 0.00377392 0.00318661 0.978175
13 0.000571291 0.0012506 0.000788139 0.000927039 0.000545316 0.00402345 0.991894
13 0.00150319 0.0069456 0.00102975 0.00225496 0.00118497 0.00511102 0.981971
13 0.00210829 0.00842995 0.00320213 0.00321167 0.00337752 0.00894934 0.970721
13 0.000104806 0.00683837 0.00151165 0.0013372 0.000240271 0.00549399 0.984474
13 0.000135772 0.0066604 0.0014477 0.00322106 0.000611865 0.00237644 0.985547
13 0.0105819 0.00111241 0.00578716 0.00484555 0.00669516 0.000379736 0.970598
13 0.00408691 0.00796642 0.00638584 0.00222718 0.00595304 0.000530909 0.97285
13 0.00702115 0.00706736 0.00421594 0.00571828 0.0054335 0.00178578 0.968758
13 0.00263786 0.00723929 0.00454898 0.00255115 0.000745179 0.00237526 0.979902
0 0.00750697 0.000474677 0.00856132 0.972153 0.0107104 0.000235765 0.000357879
13 0.00303962 0.0082905 0.0113666 0.00222037 0.00293404 0.00349195 0.968657
