labels 22 11 4 0 5 19 13
22 0.910856 0.000236666 0.00248574 0.00817848 0.0760859 0.000848012 0.00130911
22 0.892366 0.00283146 0.012508 0.0196604 0.0663341 0.00269933 0.00360063
22 0.963369 0.000982074 0.00539519 0.0045384 0.0238479 0.000958567 0.000908565
22 0.956837 0.00382353 0.00106266 0.0020755 0.0273418 0.00248639 0.00637289
22 0.927598 0.00258288 0.00568786 0.0159168 0.042057 0.00337033 0.00278745
22 0.97411 0.000246631 0.000233366 0.00117069 0.0228377 0.000556486 0.000845614
22 0.923951 0.000202074 3.11572e-05 0.00234469 0.0726549 0.000405147 0.000410842
22 0.707942 0.00289116 0.00935937 0.00681802 0.259819 0.00247808 0.010692
22 0.895322 0.00271571 0.00429237 0.00697556 0.0742594 0.00231527 0.0141193
22 0.902473 0.0034941 0.00632346 0.0215794 0.0573424 0.00219918 0.00658804
22 0.965027 0.000922575 0.000932934 0.0025829 0.0273043 0.000938859 0.00229104
22 0.891446 0.00263767 0.00843638 0.0184806 0.0695943 0.00264261 0.00676265
22 0.953143 0.0026576 0.00326488 0.00944874 0.0282411 0.00133163 0.00191255
22 0.970128 0.00026151 0.000459532 0.000768942 0.0277446 0.000365035 0.000272733
22 0.903772 0.000950135 0.00451352 0.018226 0.0699923 0.000962921 0.0015828
22 0.939998 0.000242981 0.000845238 0.00429196 0.0525626 0.00173926 0.000320158
22 0.92321 0.00162948 0.00488256 0.00142952 0.0666512 0.00148576 0.00071098
22 0.908435 0.000536512 0.000541245 0.0142349 0.0740097 0.00129255 0.000950004
22 0.910814 0.000481013 0.000581679 0.0106884 0.0751378 0.000743738 0.00155304
22 0.919408 0.000233207 0.0001204 0.00191971 0.0766235 0.000985435 0.000710208
22 0.901873 0.000891081 0.00527689 0.0119277 0.075052 0.00237354 0.00260536
22 0.933315 0.000361047 0.00197705 0.00128777 0.0615728 0.00115959 0.000326416
22 0.898178 0.00240947 0.00719464 0.0103476 0.0752405 0.00262773 0.00400186
22 0.935826 0.000558353 0.00486828 0.0103152 0.0457764 0.00110941 0.0015468
22 0.974546 0.000360492 0.00615179 0.00481854 0.0120075 0.0011755 0.000939834
11 0.00320049 0.936706 0.00399063 0.00858318 0.00561104 0.0292045 0.0127043
11 0.000863104 0.902541 0.00240049 0.003496 0.000563262 0.0700681 0.0200676
11 0.00111814 0.901214 0.0200718 0.001999 0.00199459 0.0686352 0.00496728
11 0.00243514 0.886976 0.00667385 0.00420101 0.00212876 0.065526 0.0320589
11 0.00189843 0.911586 0.0119049 0.0037767 0.00483993 0.0470546 0.0189394
11 0.00305612 0.959721 0.00537904 0.00485941 0.00720066 0.00960642 0.0101771
11 0.00450356 0.951543 0.00705526 0.0046115 0.0084041 0.011584 0.0122982
11 0.00281087 0.955925 0.00368615 0.00349861 0.00715848 0.0203736 0.00654766
11 0.00487537 0.933708 0.0135627 0.00546471 0.00890673 0.0194279 0.0140546
11 0.00129892 0.936869 0.00730437 0.0023049 0.0041298 0.0367014 0.0113916
11 0.0048876 0.932837 0.013977 0.0070324 0.0090149 0.0233733 0.00887789
11 0.00299866 0.956097 0.0107861 0.00151397 0.0062835 0.0166828 0.0056381
11 0.00201261 0.964119 0.00660213 0.000786338 0.00330811 0.0178586 0.00531289
11 0.00342495 0.925327 0.0142311 0.00554356 0.00896982 0.0341933 0.00831034
11 0.00202871 0.947907 0.0092061 0.00431805 0.00464312 0.0189085 0.0129883
11 0.00307434 0.965591 0.00184034 0.00593179 0.00418302 0.0110565 0.00832283
4 0.00133585 0.00740442 0.970877 0.00441036 0.00699917 0.0063649 0.00260807
4 0.00805183 0.00190563 0.97384 0.00132899 0.0113192 0.00203054 0.00152383
4 0.00885849 0.00370046 0.965263 0.00316841 0.0155095 0.00327659 0.000224
4 0.00901389 0.00144539 0.967882 0.00217952 0.0160318 0.0020639 0.00138365
4 0.00778886 0.00194149 0.97633 0.00443846 0.0078912 0.00141397 0.00019647
4 0.00408123 0.00799525 0.966461 0.00228379 0.0161985 0.00144611 0.0015345
4 0.00842955 0.000394809 0.97398 0.00326924 0.0117938 0.0017407 0.000391778
4 0.00888576 0.00248778 0.969606 0.00395675 0.0128131 0.00107386 0.00117652
4 0.000781405 0.00239566 0.987795 0.00120624 0.00288997 0.00432708 0.000604528
0 0.00536781 0.000613645 0.000382501 0.945926 0.0462942 0.000302577 0.0011128
0 0.00933874 0.00154059 0.00937394 0.937717 0.0388207 0.00232325 0.00088602
0 0.0115433 0.00111817 0.00529376 0.940353 0.0384223 0.00094567 0.00232406
0 0.0112719 0.000629689 0.00578403 0.940578 0.040614 0.000803076 0.000319751
0 0.010755 0.00141701 0.00422588 0.939853 0.0375898 0.00139426 0.00476531
0 0.011459 0.000177881 0.00103103 0.94688 0.0399839 0.000123008 0.000345145
0 0.00832487 0.000332659 0.00106156 0.944242 0.0447681 0.000778316 0.00049228
0 0.0096006 0.000321789 0.00351031 0.955209 0.0298908 0.000669359 0.000798604
0 0.0106805 0.000389568 0.00356063 0.949399 0.0329273 0.00197592 0.00106679
0 0.00840399 0.000153046 0.00154633 0.944576 0.0446352 0.000505942 0.000179177
0 0.00688849 0.00161113 0.000718233 0.941169 0.0453956 0.00069874 0.00351911
0 0.000439663 0.00124887 0.00418811 0.97823 0.00495557 0.0103216 0.000616183
0 0.00093195 0.000337301 0.00707146 0.985204 0.00365078 0.00231371 0.000491216
5 0.0402843 0.00489387 0.012108 0.0554935 0.872571 0.00389264 0.0107564
5 0.0405746 0.0073202 0.0128735 0.0553464 0.877771 0.00220463 0.00390959
5 0.00882499 0.00322226 0.00973498 0.0511411 0.916114 0.00120141 0.00976124
5 0.0434823 0.00368762 0.00661024 0.0548975 0.874458 0.00364154 0.0132229
5 0.0316537 0.00313258 0.0134199 0.0530997 0.89153 0.00337419 0.00378963
5 0.0341446 0.00599135 0.0153876 0.054177 0.883323 0.00308242 0.00389428
5 0.0306916 0.00322604 0.0116065 0.0520608 0.893841 0.00409209 0.00448197
5 0.0212538 0.00294788 0.0281575 0.035131 0.901425 0.00676173 0.00432297
5 0.0123315 0.00296378 0.0144629 0.0520207 0.909793 0.00242423 0.00600341
5 0.0418616 0.00603409 0.020916 0.0329154 0.885925 0.000893547 0.0114541
5 0.0646434 0.00212174 0.00407602 0.0197343 0.901382 0.00083419 0.0072081
5 0.00757046 0.00366151 0.00119308 0.0051199 0.974965 0.00229989 0.00518987
5 0.0259315 0.00598448 0.00966111 0.0426108 0.891994 0.0016557 0.0221628
5 0.0667758 0.00147996 0.000818811 0.0218707 0.905238 0.00126615 0.00255071
19 0.00255471 0.0709281 0.00112108 0.00323674 0.0027853 0.91317 0.00620435
19 0.00204123 0.332711 0.000589208 0.00246485 0.00268921 0.654158 0.00534661
19 0.00295178 0.0698055 0.00782435 0.00401654 0.00274455 0.900374 0.0122834
19 0.00289267 0.0682485 0.0155076 0.0048465 0.00396544 0.898022 0.00651769
19 0.000542507 0.0126072 0.0110714 0.00213497 0.000686562 0.972689 0.000267988
19 0.00333675 0.0693864 0.0128259 0.00396521 0.00302403 0.901955 0.00550693
19 0.00140241 0.0707398 0.00715407 0.0020865 0.00372277 0.909421 0.00547318
19 0.00326235 0.0227103 0.0147264 0.00639825 0.00549932 0.945086 0.00231743
19 0.00142527 0.0107533 0.00672588 0.00649985 0.00220296 0.971744 0.000648519
19 0.00281396 0.0156972 0.0135879 0.00181956 0.00242073 0.962845 0.000815241
19 0.000528286 0.0138363 0.00527784 0.00120137 0.0012655 0.977738 0.000152752
19 0.00209737 0.0154313 0.00727189 0.00980032 0.00426726 0.9606 0.000531344
13 0.0030795 0.00929408 0.00183164 0.00614732 0.00875111 0.0043037 0.966593
13 0.00126878 0.00840406 0.00077037 0.00103604 0.00183456 0.00322758 0.983459
13 0.00295406 0.00537695 0.000622358 0.00298912 0.00760283 0.00143272 0.979022
13 0.00333796 0.0102445 0.00825301 0.00527542 0.00489669 0.00893551 0.959057
13 0.0019821 0.00370671 0.000723694 0.00578359 0.00159541 0.0044009 0.981808
13 0.00298184 0.00827226 0.00325798 0.00148169 0.00377844 0.00186636 0.978361
13 0.00196391 0.00955373 0.00495741 0.00511293 0.00353234 0.0093169 0.965563
13 0.00474134 0.00624927 0.00232071 0.00600937 0.00875669 0.00562099 0.966302
13 0.00341922 0.00943277 0.00389869 0.0053396 0.00608364 0.00518767 0.966638
13 0.00247103 0.00952019 0.00612247 0.0032049 0.00390602 0.00580302 0.968972
13 0.00249559 0.00946168 0.0045368 0.00819161 0.0072986 0.00419041 0.963825
13 0.00278641 0.00913793 0.00263821 0.00411815 0.00887592 0.00119714 0.971246
13 0.00187477 0.00792814 0.00651921 0.00596711 0.0102282 0.000443441 0.967039
13 0.00268773 0.00385363 0.00576604 0.00717206 0.0076788 0.00160963 0.971232
13 0.00269865 0.00915926 0.0048025 0.00154715 0.00336206 0.00511136 0.973319
22 0.90486 0.00250635 0.00387817 0.0074479 0.0759059 0.00172337 0.00367815
11 0.00136003 0.96998 0.00169456 0.00452993 0.00255243 0.0167025 0.00318052
4 0.00287316 0.00238391 0.977242 0.00512592 0.00372228 0.0057364 0.0029166
22 0.985698 0.000104042 0.0009697 0.000639538 0.0106416 0.000568511 0.0013786
22 0.901234 0.00280219 0.0157834 0.0162254 0.0571719 0.00311756 0.00366546
22 0.962243 0.000422599 0.00396834 0.00477223 0.0269317 0.000773862 0.000888138
22 0.973858 0.000151981 0.000880305 0.0043196 0.0200814 0.000466934 0.000241581
22 0.918529 9.03552e-05 0.000563737 0.00394876 0.0759854 0.000492949 0.000390085
22 0.935138 8.83196e-05 0.000111719 0.00146488 0.062255 0.000682811 0.000259497
22 0.892279 0.00425765 0.00798613 0.0123549 0.0729641 0.00235257 0.00780581
22 0.917655 0.000232962 7.03272e-05 0.00400358 0.0761078 0.000621884 0.00130889
22 0.900826 0.00237129 0.0111179 0.0215762 0.0562741 0.00230193 0.00553273
22 0.92988 0.000750381 0.00101709 0.00108338 0.0649687 0.000805453 0.00149489
22 0.910166 0.000706538 0.00642418 0.00665324 0.0734345 0.00130759 0.00130816
22 0.937762 0.000872151 0.0161694 0.00395647 0.0371716 0.00106541 0.00300299
22 0.918561 0.000123959 0.00140244 0.00245981 0.0764056 0.000758949 0.000287895
22 0.926213 0.00363831 0.0127205 0.0148626 0.0312403 0.00580184 0.00552323
22 0.914109 0.0035324 0.0135376 0.0171266 0.0396794 0.00450003 0.00751511
22 0.913416 0.00305627 0.019691 0.0172341 0.0345707 0.00830333 0.00372861
22 0.93392 9.4759e-05 0.000258944 0.00310466 0.0619189 0.000459912 0.000242601
22 0.924299 0.00299863 0.013639 0.0164463 0.0353175 0.004658 0.0026416
22 0.961672 0.00269796 0.00605911 0.0102767 0.0118502 0.00397709 0.00346695
22 0.990051 0.000164917 0.00138751 0.00193491 0.00599234 0.000382265 8.70202e-05
22 0.97019 0.000454122 0.0146984 0.00382344 0.00877301 0.00178472 0.000276239
22 0.91839 0.00207749 0.0119344 0.0106578 0.0531389 0.00336855 0.000432728
22 0.915961 0.000498783 0.000401522 0.00525165 0.075763 0.000763153 0.00136108
22 0.910234 0.00101018 0.00396297 0.00726619 0.0761558 0.000467681 0.000903374
22 0.95631 0.000899694 0.00872828 0.000613343 0.0324934 0.000819007 0.000136013
11 0.00397386 0.926056 0.00419343 0.00577877 0.00454893 0.0424692 0.0129801
11 0.00571208 0.889749 0.00967262 0.00671133 0.00726421 0.0619846 0.0189063
11 0.000966365 0.955032 0.0036091 0.0054898 0.00283233 0.0226124 0.00945788
11 0.00241402 0.907079 0.00804803 0.00338583 0.00184783 0.0570259 0.0201994
11 0.00255221 0.901104 0.00596389 0.00833948 0.00346045 0.0607714 0.0178087
11 0.00234279 0.967912 0.00124353 0.00392681 0.00306902 0.0125561 0.00894965
11 0.00206334 0.914888 0.0048961 0.00596613 0.00484371 0.0500812 0.0172616
11 0.000817964 0.91321 0.00167393 0.00067493 0.00125089 0.0709508 0.0114213
11 0.00117834 0.905605 0.00268079 0.000737831 0.001633 0.0771035 0.011062
11 0.000726415 0.912233 0.000748777 0.00178839 0.00142617 0.0645626 0.0185148
11 0.00217082 0.899175 0.00163232 0.00389661 0.00270957 0.081146 0.00927011
11 0.00108367 0.922514 0.0039268 0.00159087 0.00218949 0.0553217 0.0133738
11 0.00237969 0.901006 0.00380604 0.00323308 0.00112957 0.0816428 0.00680309
11 0.00148483 0.90556 0.00239029 0.00255781 0.00161656 0.0812029 0.0051876
11 0.00212747 0.894732 0.0100746 0.00268538 0.00326771 0.0802646 0.00684861
11 0.00259391 0.896383 0.00385529 0.00301606 0.000772779 0.0773667 0.0160126
4 0.00189809 0.00290567 0.976618 0.00386858 0.00810957 0.00182316 0.00477686
4 0.00146937 0.00267107 0.972544 0.00648082 0.00343524 0.0106103 0.00278909
4 0.00238062 0.00757607 0.972399 0.00164634 0.00508978 0.00748103 0.00342734
4 0.00679284 0.00510149 0.961426 0.0052297 0.00701243 0.011254 0.003184
4 0.00244697 0.0019336 0.977703 0.00553078 0.00750686 0.0021743 0.00270418
4 0.00343468 0.00105682 0.965006 0.00718238 0.0153835 0.00456176 0.00337493
4 0.000523505 0.00564793 0.971177 0.00331394 0.0167825 0.00196649 0.000588179
4 0.000477414 0.00247246 0.984604 0.00214333 0.000718909 0.00921433 0.00036931
4 0.00371473 0.000937087 0.969119 0.00638274 0.0114249 0.00734749 0.00107363
0 0.00842944 0.000962695 0.00829702 0.939741 0.0411292 0.000507907 0.000932531
0 0.000154329 0.000143867 0.00683519 0.989727 0.000970695 0.00208519 8.36581e-05
0 0.000535394 0.000771939 0.00798537 0.976765 0.00289291 0.00875852 0.0022905
0 0.00304304 0.000451992 0.00331464 0.98162 0.0101831 0.000977795 0.000409446
0 0.00778959 0.000398142 0.00812385 0.963806 0.016457 0.00151645 0.00190915
0 0.000168119 0.00308803 0.00278029 0.981281 0.000286365 0.0100044 0.00239154
0 0.00255763 0.0022508 0.00587138 0.96979 0.00875869 0.00587403 0.00489775
0 0.000289052 0.00334911 0.000639167 0.982624 0.00178105 0.00802132 0.003296
0 0.00295101 0.004683 0.00131438 0.939538 0.0444739 0.0014383 0.00560166
0 0.00690895 0.00469805 0.00855305 0.939927 0.0273764 0.00387976 0.00865634
0 0.00832317 0.000626006 0.00188895 0.942388 0.0447843 0.000383989 0.00160577
0 0.00421254 0.00548963 0.00686974 0.952273 0.0197013 0.00358795 0.0078659
0 0.00572647 0.00350448 0.00326053 0.944217 0.0288864 0.00493671 0.00946802
5 0.0399084 0.000238654 7.7917e-05 0.00138346 0.954532 0.000868514 0.00299146
5 0.062153 0.00747299 0.0240951 0.0129739 0.883552 0.00283855 0.00691399
5 0.0348577 0.000373667 0.000353909 0.00375989 0.959352 0.000343608 0.000959038
5 0.0314062 0.000263085 0.000791702 0.00284118 0.961153 0.000524413 0.00302043
5 0.0660846 0.0010418 0.00246672 0.0244338 0.902335 0.00277982 0.000858642
5 0.066121 0.000285612 0.000307965 0.0212277 0.910617 0.000964473 0.00047579
5 0.0659238 0.000140803 0.00176072 0.0137243 0.91701 0.00124426 0.000195961
5 0.0661036 0.00073135 0.00752645 0.0245345 0.8987 0.00181316 0.00059128
5 0.0641526 0.000452468 0.013991 0.046755 0.872246 0.000949561 0.0014538
5 0.0265019 0.0025625 0.00368818 0.0527473 0.901499 0.00170295 0.0112986
5 0.0562278 0.00552859 0.00610232 0.0366355 0.874778 0.00330944 0.0174182
5 0.0656957 0.000574961 0.000466661 0.0121165 0.915039 0.00111509 0.00499174
5 0.0662243 0.00354258 0.0011459 0.0187889 0.904158 0.00131866 0.00482155
5 0.0244327 0.0157665 0.0113512 0.0438524 0.877255 0.00483859 0.022504
19 0.00281962 0.00718218 0.00767574 0.00392818 0.00396853 0.973653 0.000772375
19 0.00414708 0.017475 0.0131078 0.00935185 0.00553187 0.948072 0.00231439
19 0.00368219 0.0186086 0.0145696 0.00748803 0.00622595 0.947704 0.00172177
19 0.00195284 0.0387233 0.018106 0.00600224 0.00521818 0.92902 0.00097714
19 0.00281992 0.0475207 0.0045244 0.00763308 0.00558193 0.926619 0.00530055
19 0.00271623 0.0681582 0.00929121 0.0126421 0.00601192 0.897514 0.00366602
19 0.00270832 0.0707421 0.00516704 0.00577 0.00438664 0.906434 0.00479216
19 0.00442824 0.0693994 0.00912283 0.00980679 0.00474008 0.896465 0.00603804
19 0.00321727 0.0609095 0.012431 0.0169764 0.00240743 0.89588 0.00817789
19 0.00335309 0.0325269 0.00291984 0.0123719 0.00436548 0.927054 0.0174088
19 0.00103064 0.0694269 0.00340757 0.00961904 0.00128914 0.91183 0.00339692
19 0.00276584 0.0707631 0.00579378 0.00316407 0.00265392 0.908247 0.0066122
13 0.0024782 0.0089388 0.00500702 0.00544837 0.00881485 0.00221576 0.967097
13 0.00506643 0.000702968 0.00492611 0.00490679 0.0100623 0.000735961 0.973599
13 0.00420357 0.00614889 0.00155897 0.00503779 0.0102319 0.000890654 0.971928
13 0.00829644 0.00617925 0.00248026 0.00535888 0.0110204 0.00232464 0.96434
13 0.00327728 0.00605665 0.00430714 0.00529624 0.0102092 0.00184669 0.969007
13 0.00204314 0.00349208 0.000456315 0.0049305 0.0080448 0.000717268 0.980316
13 0.00408433 0.00944033 0.00365799 0.00602244 0.00384409 0.00380982 0.969141
13 0.00364015 0.00612581 0.0035249 0.00940527 0.00589321 0.003946 0.967465
13 0.00388776 0.00861668 0.00098001 0.00120346 0.00398703 0.00165583 0.979669
13 0.00273606 0.00833401 0.00503624 0.00872406 0.00227349 0.0014494 0.971447
13 0.0064054 0.00196349 0.0011465 0.00211708 0.00546879 0.000453856 0.982445
13 0.00366024 0.00436357 0.00373928 0.00246043 0.00504365 0.00168896 0.979044
13 0.00970778 0.00889961 0.00517738 0.00656615 0.00500225 0.00321829 0.961429
13 0.00160375 0.00971038 0.0048813 0.00392568 0.00281336 0.0101505 0.966915
13 0.00153542 0.00892999 0.000806941 0.00561302 0.00412018 0.0051972 0.973797
0 0.00273083 0.00535496 0.00530365 0.958412 0.0178661 0.00500943 0.00532302
5 0.0668231 0.00196873 0.00587331 0.0241874 0.895869 0.00181894 0.00345906
19 0.00163864 0.0703882 0.00625392 0.000490022 0.00121231 0.918101 0.00191558
22 0.915912 0.00182057 0.0034828 0.00123661 0.0764428 0.000589545 0.000515529
22 0.939377 0.00329153 0.0150885 0.0131352 0.0202637 0.00360796 0.00523622
22 0.920769 0.000379803 0.000126332 0.00112909 0.0767998 0.000597252 0.000199186
22 0.911224 0.00105578 0.0019263 0.00617357 0.076266 0.000971718 0.00238231
22 0.911047 0.00200333 0.00262287 0.00273541 0.0762049 0.000606338 0.00478014
22 0.906991 0.00287952 0.0153516 0.0197228 0.0459227 0.00317502 0.00595787
22 0.900317 0.00387874 0.0246328 0.00947318 0.0543882 0.00407068 0.00323937
22 0.901867 0.0040962 0.00537877 0.00597623 0.0759195 0.00257976 0.00418234
22 0.914828 0.00213784 0.00117071 0.00245235 0.0763979 0.00101935 0.00199422
22 0.908878 0.000746506 0.00633125 0.00803425 0.0746909 0.000509386 0.000809767
22 0.929906 0.00217024 0.00213298 0.0158681 0.0429323 0.0014303 0.00555966
22 0.911875 0.0017223 0.00171086 0.00239339 0.0763209 0.00114195 0.00483509
22 0.972251 0.000333602 0.000624919 0.00451584 0.0214195 0.000358452 0.000496694
22 0.951634 0.000505945 0.000267837 0.0032461 0.0432915 0.000312023 0.000742149
22 0.887632 0.00624261 0.00425174 0.0181735 0.0629666 0.00247309 0.0182606
22 0.914576 0.000947259 0.000396953 0.00571476 0.0754898 0.00029161 0.00258348
22 0.930382 0.00118112 0.000876545 0.00881012 0.0533205 0.000873958 0.00455574
22 0.959883 0.000100827 5.87344e-05 0.000566898 0.039025 0.000184306 0.000181309
22 0.906427 0.000833376 0.00136709 0.0175445 0.0710158 0.00103169 0.0017807
22 0.896733 0.00262873 0.00613734 0.0175781 0.0711691 0.000957619 0.00479564
22 0.957741 0.000484471 0.00506417 0.00158915 0.034475 0.000360563 0.000285526
22 0.90175 0.00258776 0.00470494 0.0150152 0.0733587 0.00172025 0.000863335
22 0.904151 0.00292729 0.00703366 0.00464122 0.0760999 0.0024286 0.00271804
22 0.911497 0.000916993 0.00181403 0.00774127 0.0761562 0.000776416 0.00109808
22 0.891069 0.00299129 0.00869716 0.0134706 0.0676978 0.00205914 0.014015
11 0.000690538 0.906369 0.00489282 0.00136336 0.000643442 0.0817222 0.00431899
11 0.000455903 0.905241 0.00196989 0.00392862 0.000327132 0.0819494 0.00612817
11 0.00235062 0.971721 0.00364537 0.00414817 0.00294153 0.00713354 0.00805974
11 0.00467788 0.955973 0.00717682 0.00557958 0.00500993 0.0112462 0.0103367
11 0.00591131 0.94337 0.00817836 0.00676068 0.0114857 0.011516 0.0127774
11 0.00529189 0.966899 0.00893339 0.00250244 0.00582056 0.00230344 0.00824956
11 0.00478629 0.947054 0.00900124 0.00474106 0.00681039 0.0161231 0.0114842
11 0.00287679 0.897051 0.0146572 0.0184073 0.00232534 0.0527663 0.0119161
11 0.00300954 0.896967 0.0137833 0.0107434 0.00486725 0.058195 0.0124341
11 0.00396259 0.906367 0.0116725 0.0192726 0.00999404 0.0382664 0.0104647
11 0.00285943 0.907302 0.00678754 0.0106956 0.00330223 0.049848 0.0192054
11 0.00233421 0.890994 0.0179057 0.0106788 0.00397672 0.067176 0.00693464
11 0.0032377 0.959991 0.00335238 0.0062582 0.00708672 0.0103476 0.00972606
11 0.00370997 0.892603 0.00841197 0.00837728 0.00617597 0.060619 0.0201029
11 0.00204148 0.900915 0.004355 0.00141218 0.00318962 0.0679621 0.0201247
11 0.000506757 0.949038 0.00640802 0.00152271 0.00118761 0.0282408 0.0130966
4 0.000797789 0.00722653 0.971642 0.00265739 0.00247528 0.0124502 0.00275083
4 0.00187041 0.00428561 0.968107 0.00420982 0.012126 0.00269195 0.00670874
4 0.00220723 0.0024632 0.969116 0.00531577 0.0185776 0.00104019 0.00127992
4 0.00077316 0.00643172 0.976583 0.0039185 0.00317933 0.00838733 0.00072745
4 0.00211111 0.00551339 0.971643 0.00690587 0.0104413 0.00101612 0.00236889
4 0.00331502 0.00183479 0.975813 0.00581784 0.0106562 0.000512177 0.002051
4 0.0013555 0.00755189 0.969416 0.0018466 0.0064582 0.00969419 0.00367742
4 0.000707908 0.00776475 0.973111 0.00337183 0.00154383 0.0104765 0.00302391
4 0.00501253 0.00756902 0.965208 0.00694495 0.00918105 0.00373998 0.00234437
0 0.000136953 0.00183377 0.003692 0.9812 0.00175035 0.0100595 0.00132714
0 0.000437813 0.00229721 0.00408254 0.979663 0.00170561 0.0102579 0.00155548
0 0.00387768 0.000235159 0.0001931 0.983905 0.00742422 0.000362275 0.00400235
0 0.00439884 0.00272008 0.00751466 0.96983 0.00817608 0.00372935 0.00363128
0 0.00975829 0.00197414 0.000781872 0.938695 0.0390618 0.00303556 0.0066929
0 0.000824599 0.000267817 0.000982947 0.990421 0.00424045 0.00129593 0.00196698
0 0.00213529 0.000999358 0.00180629 0.942395 0.0467387 0.00244721 0.00347803
0 0.0102414 0.000302534 0.000632118 0.942577 0.0425901 0.000164234 0.00349252
0 0.0114151 0.000300953 0.00196535 0.946815 0.0376403 0.000360395 0.00150321
0 0.00106938 0.00444869 0.00704927 0.955334 0.0194591 0.0062032 0.00643596
0 0.00199737 0.000252305 0.000529852 0.984477 0.0114722 0.00028835 0.000982711
0 0.00319153 0.00363442 0.0113863 0.93979 0.0248762 0.00775709 0.00936484
0 0.0043325 0.000338934 0.00938569 0.940193 0.044785 0.000262909 0.000701704
5 0.0675762 0.00122433 0.00395017 0.0370611 0.886896 0.00131988 0.00197269
5 0.0519905 0.00445537 0.00803023 0.0548359 0.871079 0.0032124 0.0063965
5 0.0542032 0.0010896 0.00610072 0.0541789 0.875489 0.00345334 0.00548503
5 0.0660576 0.00329976 0.00677141 0.0254743 0.886842 0.00287376 0.00868158
5 0.0543652 0.00455815 0.00591589 0.0532062 0.865948 0.0042509 0.0117556
5 0.0573642 0.00402431 0.00184212 0.0175552 0.896953 0.00164389 0.0206172
5 0.063675 0.00271343 0.00244102 0.00659774 0.910402 0.00119262 0.0129779
5 0.0359672 0.000226879 0.0002029 0.00222499 0.960444 0.000583131 0.000350396
5 0.0654415 0.00829999 0.0165878 0.0245258 0.878305 0.00312867 0.00371125
5 0.0659221 0.000528459 0.000373452 0.00423943 0.926633 0.000904505 0.00139937
5 0.0671218 0.00075072 0.000585495 0.0409165 0.888451 0.00101969 0.0011544
5 0.0664569 0.00145549 0.00162616 0.0242364 0.903657 0.00177285 0.000795238
5 0.0659074 0.00656167 0.0111444 0.0322266 0.874001 0.00296737 0.00719155
5 0.066084 0.000548337 0.000999973 0.00493802 0.926222 0.00104218 0.000165188
19 0.00304941 0.0498318 0.00734833 0.00950673 0.00321958 0.905214 0.0218306
19 0.00267478 0.0708466 0.00453315 0.00167632 0.00191801 0.910725 0.00762639
19 0.000973823 0.0696845 0.0094917 0.00122624 0.000849404 0.916526 0.0012482
19 0.000933895 0.0504443 0.0187756 0.0035706 0.000988615 0.923666 0.00162083
19 0.000344883 0.0650496 0.0114346 0.00215302 0.00057876 0.919492 0.00094688
19 0.00333758 0.0450305 0.0197198 0.00533145 0.0042602 0.917715 0.00460557
19 0.00279825 0.0609881 0.0212269 0.00492097 0.0043213 0.902124 0.0036205
19 0.00300985 0.0322738 0.015072 0.00523473 0.00453339 0.935987 0.00388952
19 0.00355615 0.0271656 0.0139844 0.00177122 0.00523623 0.945186 0.00310013
19 0.00192562 0.0612613 0.00542075 0.0175952 0.00318292 0.906315 0.0042988
19 0.000676877 0.0209068 0.00139409 0.00318824 0.00109506 0.97204 0.000699188
19 0.00320572 0.00346288 0.00826671 0.00863315 0.00292512 0.97172 0.001786
13 0.000669633 0.010065 0.0025172 0.00383978 0.000407558 0.0138791 0.968622
13 0.00248204 0.0094033 0.00888131 0.00543503 0.00337899 0.0106969 0.959722
13 0.000199219 0.0095406 0.000317785 0.00457761 0.000124024 0.0103697 0.974871
13 0.00215541 0.00918394 0.00345635 0.00703547 0.00124888 0.00799736 0.968923
13 0.000560218 0.00831914 0.000117282 0.00128637 0.000443039 0.0081575 0.981116
13 0.00105554 0.00851292 0.00103708 0.0067701 0.00104783 0.00527393 0.976303
13 0.000138741 0.00848776 0.000140904 0.00189513 0.000218712 0.00855592 0.980563
13 0.00388109 0.01022 0.00302215 0.00617539 0.00353324 0.0106755 0.962493
13 0.00271404 0.00154202 0.00172938 0.00863008 0.00413629 0.00324949 0.977999
13 0.00277288 0.000589402 0.000140114 0.000448694 0.000604674 0.000376602 0.995068
13 0.00258349 0.00863103 0.000994872 0.00357508 0.00171956 0.00741327 0.975083
13 0.000851174 0.00809591 0.000669626 0.00246979 0.000545305 0.00325564 0.984113
13 0.000141815 0.00192456 0.000216956 0.00036167 0.000182609 0.00192597 0.995246
13 0.00618061 0.0087605 0.00572461 0.00658506 0.00915196 0.00238958 0.961208
13 0.00325044 0.00286159 0.00432414 0.00906488 0.00599497 0.000721766 0.973782
13 0.00329153 0.00931802 0.00444385 0.00657238 0.00363739 0.000702277 0.972035
22 0.916862 0.00023902 0.000805937 0.00511036 0.0759515 0.000626402 0.000405203
0 0.00408172 0.00220069 0.0126989 0.943277 0.0292423 0.00344557 0.00505357
22 0.901814 0.00185247 0.00565662 0.0142725 0.0737254 0.00110881 0.00157009
22 0.906261 0.000937583 0.00273352 0.00880739 0.0757693 0.000853137 0.00463769
22 0.914457 0.00163654 0.00112745 0.0034322 0.0763181 0.00110398 0.00192429
22 0.905536 0.00247552 0.00615969 0.00742726 0.0759625 0.00187491 0.00056389
22 0.918765 0.000737279 0.000631301 0.00177403 0.0766536 0.000902 0.000537134
22 0.916835 0.00134071 0.000933545 0.00129901 0.0765378 0.00154592 0.00150834
22 0.956649 0.000679925 0.000728704 0.00174381 0.0386446 0.00129647 0.000257335
22 0.898882 0.00251303 0.00472003 0.00970136 0.0755332 0.00236791 0.00628226
22 0.897392 0.00296659 0.0056272 0.0146857 0.0735188 0.00180731 0.00400251
22 0.914433 0.00191555 0.000831276 0.00325846 0.0763091 0.00183347 0.00141909
22 0.917611 0.000625161 0.000545083 0.00343951 0.076269 0.000909501 0.000600835
22 0.913011 0.000585188 0.000375502 0.00812752 0.0760094 0.0011876 0.000703966
22 0.803979 0.00260851 0.00156491 0.0089144 0.179907 0.00241029 0.000615591
22 0.911354 0.000428037 0.000921935 0.0107907 0.0745264 0.00123235 0.000746139
22 0.91687 0.000812345 0.00109279 0.00336864 0.076333 0.000920552 0.000602893
22 0.908509 0.000888727 0.00105811 0.0137119 0.0743232 0.000822084 0.000686813
22 0.913186 0.000695352 0.00170461 0.00655161 0.0761711 0.00132287 0.000368714
22 0.905533 0.00170227 0.00132765 0.0145 0.0737206 0.00255739 0.000658755
22 0.898678 0.00272875 0.00191888 0.0212935 0.0625739 0.00258431 0.0102224
22 0.912089 0.000717431 0.00227394 0.00868909 0.0738788 0.00176683 0.000584594
22 0.902822 0.00279313 0.0110826 0.00493276 0.0753143 0.00171803 0.00133742
22 0.938976 0.000302597 0.00018431 0.00168991 0.0577979 0.000782611 0.000267082
22 0.913393 0.00248717 0.00142352 0.00160698 0.0764373 0.00112444 0.00352776
22 0.967281 0.00101257 0.00539607 0.00743282 0.0163966 0.00131547 0.00116511
22 0.970323 0.000778149 0.00390543 0.00112821 0.0230188 0.000653762 0.000192894
11 0.00118623 0.934879 0.00433959 0.00423742 0.00295704 0.0380955 0.0143048
11 0.000566627 0.972895 0.00237502 0.00177482 0.00183806 0.0120953 0.00845543
11 0.00149443 0.955311 0.00380237 0.00278331 0.003636 0.0226476 0.0103249
11 0.00337269 0.928839 0.00456529 0.00337083 0.0026704 0.0434203 0.0137616
11 0.00374129 0.91581 0.0161668 0.0033888 0.00726768 0.0425612 0.0110645
11 0.000791256 0.968845 0.0059962 0.00204363 0.000981871 0.0124664 0.00887594
11 0.000420084 0.979945 0.00213425 0.000385201 0.000771732 0.0143645 0.00197968
11 0.000983324 0.975447 0.00384514 0.00154924 0.00405886 0.00930024 0.00481618
11 0.00270076 0.971282 0.00221953 0.00470664 0.00664574 0.00388726 0.00855771
11 0.00118094 0.897187 0.00230427 0.00584715 0.00135536 0.0796129 0.0125126
11 0.00109931 0.901278 0.00174473 0.00471076 0.000983711 0.0803842 0.00979952
11 0.00123357 0.905839 0.00112844 0.0020012 0.000739656 0.0818379 0.00722034
11 0.000828694 0.896459 0.00266779 0.00623511 0.00202291 0.072756 0.0190305
11 0.000533917 0.907606 0.00041943 0.00386632 0.00041684 0.0821979 0.00495961
11 0.000767088 0.906724 0.00243573 0.00347451 0.000862265 0.0820949 0.00364109
11 0.00145755 0.907552 0.00149196 0.00365764 0.00126063 0.0820316 0.00254825
4 0.000504457 0.00572915 0.976513 0.00108537 0.0012676 0.0138009 0.0010996
4 0.00257123 0.00540095 0.969883 0.00662963 0.00434324 0.00812779 0.00304432
4 0.00469679 0.00583077 0.969466 0.00511227 0.0040204 0.00773087 0.00314301
4 0.00219751 0.00630529 0.96501 0.00482527 0.00437087 0.0150891 0.00220235
4 0.00503057 0.00247279 0.972019 0.00582038 0.00452446 0.00756777 0.0025647
4 0.00156982 0.00293063 0.968765 0.00725435 0.00478363 0.0116924 0.00300443
4 0.00448819 0.00164899 0.97733 0.00550211 0.00265495 0.00747342 0.000902823
4 0.00511458 0.00188391 0.971801 0.00566547 0.0133451 0.000665932 0.00152383
4 0.00663621 0.00493976 0.966325 0.00355775 0.0167017 0.00147493 0.000365098
0 0.00237784 0.00408945 0.0120889 0.94773 0.0189627 0.00914678 0.00560418
0 0.000714595 0.00130952 0.00809887 0.979161 0.00810089 0.00149889 0.00111602
0 0.00956394 0.00141909 0.00194689 0.955635 0.0298073 0.000452242 0.00117523
0 0.00540819 0.0027134 0.00302742 0.940679 0.0459258 0.000430301 0.00181629
0 0.00143908 0.000111496 0.000443416 0.987306 0.0102418 0.000236306 0.000221665
0 0.003148 0.000528919 0.00602414 0.97573 0.0126274 0.000552749 0.00138864
0 0.0107335 0.00129434 0.0081118 0.938233 0.0388036 0.00188216 0.000941625
0 0.00121882 0.00800981 0.0105114 0.955349 0.0143184 0.00791303 0.00267986
0 0.0048451 0.00162014 0.0015042 0.943464 0.0466637 0.00166014 0.000242371
0 0.010294 0.000215826 0.00465632 0.941407 0.0428326 0.000529406 6.43187e-05
0 0.00426246 0.00208662 0.0114309 0.950588 0.0282873 0.00229933 0.00104511
0 0.00235658 0.00239012 0.00189741 0.95776 0.033243 0.000598532 0.0017539
0 0.00124737 0.00182503 0.00455143 0.982107 0.0081124 0.00144242 0.000714366
5 0.066026 0.000215681 0.000493393 0.00265651 0.929461 0.000429088 0.000718641
5 0.0434527 0.00863483 0.0325926 0.0399028 0.862169 0.0031078 0.0101406
5 0.0669368 0.00247083 0.00103333 0.0402582 0.88382 0.00149217 0.00398875
5 0.0639661 0.0067417 0.0113538 0.0186278 0.891264 0.00306353 0.00498299
5 0.0658788 0.00119859 0.000717243 0.0192589 0.908007 0.00112046 0.00381944
5 0.0725485 0.00274585 0.00532145 0.0223061 0.887424 0.00182961 0.00782443
5 0.0660485 0.00364014 0.0020609 0.0251867 0.893014 0.00307419 0.0069759
5 0.0657584 0.00485466 0.00728499 0.0415969 0.868632 0.00275216 0.00912108
5 0.0661317 0.000516674 0.000601554 0.00259944 0.927659 0.00217217 0.000319656
5 0.066328 0.000349384 0.000736484 0.0247217 0.906256 0.00112764 0.000480981
5 0.0747538 0.00113165 0.00703687 0.0286958 0.880935 0.00144301 0.00600404
5 0.103777 0.00164849 0.00899819 0.02043 0.855326 0.00178942 0.00803083
5 0.0414494 0.00414779 0.0285604 0.0457152 0.87366 0.00321555 0.00325159
5 0.0671895 0.0010419 0.00609495 0.0399577 0.881158 0.00117496 0.0033826
19 0.00320125 0.0478601 0.0171573 0.0196186 0.00483668 0.898139 0.00918739
19 0.001057 0.0134692 0.00387498 0.00186569 0.000773236 0.978695 0.000264977
19 0.00310703 0.0467358 0.0204812 0.00377109 0.00455514 0.915994 0.00535531
19 0.00275132 0.0652784 0.00454044 0.0129682 0.00504871 0.896927 0.0124862
19 0.00100466 0.0238925 0.00133625 0.00127746 0.00255903 0.969393 0.000537213
19 0.00277314 0.060904 0.0152405 0.0152 0.00271622 0.897709 0.00545687
19 0.00215461 0.0387148 0.0182504 0.0100914 0.0033 0.923484 0.00400462
19 0.00114164 0.0254505 0.0148435 0.00536767 0.00145518 0.951186 0.000555853
19 0.000834151 0.0147795 0.00578374 0.00296959 0.00146416 0.973955 0.00021384
19 0.00340228 0.0221257 0.0132531 0.00381224 0.00189611 0.954432 0.0010789
19 0.00264678 0.0445483 0.0196911 0.00580753 0.00527795 0.919993 0.00203532
19 0.000639263 0.0610045 0.016376 0.00334175 0.0014689 0.914929 0.00224094
13 0.00980637 0.00322304 0.00282239 0.00365915 0.0100181 0.000334609 0.970136
13 0.00415814 0.00231785 0.00518281 0.00910259 0.00472579 0.000448985 0.974064
13 0.00482714 0.00983786 0.00713144 0.00285935 0.00585029 0.00194995 0.967544
13 0.00257212 0.00954961 0.00528692 0.00829329 0.0024769 0.00628954 0.965532
13 0.000427548 0.0093491 0.00142007 0.0068644 0.000838648 0.00644694 0.974653
13 0.00102583 0.00923779 0.00256559 0.00632891 0.00101925 0.00564333 0.974179
13 0.0017443 0.00503524 0.00780316 0.00427105 0.00298099 0.00296288 0.975202
13 0.00400215 0.00940046 0.00701806 0.00257995 0.0022531 0.00422245 0.970524
13 0.00126831 0.00901481 0.00473374 0.00528006 0.00213121 0.00386856 0.973703
13 0.00134615 0.00823718 0.00150697 0.00117531 0.00102102 0.00145592 0.985257
13 0.00117116 0.00914176 0.0066295 0.0039127 0.0014184 0.00750534 0.970221
13 0.00187404 0.00892195 0.00389875 0.00919007 0.00848152 0.00612523 0.961508
13 0.0018057 0.0100339 0.00516151 0.00709613 0.00296998 0.0094266 0.963506
13 0.000163877 0.00900902 0.00388018 0.0022274 0.000335917 0.00940074 0.974983
13 0.0018794 0.0095111 0.00444118 0.00413241 0.00421279 0.00983939 0.965984
19 0.00105928 0.0776647 0.0070296 0.00320169 0.00139087 0.906563 0.00309128
13 0.00120163 0.00846035 0.00101778 0.000513591 0.00233791 0.00439384 0.982075
0 0.00870249 0.00561222 0.0057881 0.9319 0.0431145 0.00122616 0.00365608
