labels 22 11 4 0 5 19 13
22 0.928945 0.00129758 0.0011114 0.00326671 0.0584554 0.000986756 0.00593723
11 0.00517896 0.956178 0.00964797 0.00611642 0.00890513 0.00375803 0.010215
4 0.00251575 0.00461584 0.97058 0.00527284 0.00727659 0.00201925 0.00771987
0 0.0033651 0.00182966 0.00473619 0.960678 0.0210049 0.00298433 0.00540204
5 0.0517587 0.000626612 0.00281415 0.00302706 0.93986 0.00041663 0.00149655
19 0.0023621 0.141097 0.00181961 0.00509074 0.00324381 0.841162 0.00522524
13 0.00271837 0.00320649 0.00444167 0.00649724 0.00628491 0.000454385 0.976397
22 0.950758 0.000517472 0.000630613 0.00161995 0.0453613 0.000591175 0.000521216
11 7.63174e-07 0.998978 8.84745e-05 5.05876e-05 2.98801e-05 0.000769471 8.26929e-05
4 0.0041734 0.00350629 0.963564 0.0142292 0.00892309 0.0007057 0.0048985
0 0.00414681 0.000461937 0.0016252 0.971357 0.020899 0.000852609 0.000657109
5 0.0113177 0.000201529 0.000114974 0.000731772 0.986344 0.000564658 0.000725011
19 0.00266188 0.00855835 0.0142019 0.00835466 0.00375907 0.961268 0.00119581
13 0.000980795 0.00619409 0.00145909 0.00641886 0.00301788 0.00436556 0.977564
22 0.967012 5.39124e-05 5.55759e-05 0.00706869 0.0253289 0.000286095 0.000195302
11 0.00332806 0.958179 0.00953781 0.00265084 0.00243807 0.0109174 0.012949
4 0.00172315 0.00188325 0.970221 0.0138439 0.00269849 0.00687956 0.0027511
0 0.00283433 0.00377016 0.00676803 0.96858 0.00851739 0.00300065 0.0065294
5 0.0332931 0.0018656 0.00140447 0.0205046 0.935189 0.00144621 0.00629682
19 0.00179392 0.00475828 0.00511157 0.00833917 0.00404387 0.975461 0.000492293
13 0.00509454 0.00113848 0.00412804 0.00364401 0.0108426 0.00233784 0.972814
22 0.973985 0.000179907 0.000867884 0.00484113 0.0196387 0.000367028 0.000120612
11 0.000614345 0.951806 0.00256464 0.00342321 0.000412339 0.0328193 0.00836017
4 0.00218683 0.00584748 0.979371 0.000456759 0.00598206 0.00502835 0.00112717
0 0.00193804 0.00223918 0.00300076 0.9677 0.0209011 0.000397733 0.00382298
5 0.0441298 0.0074454 0.016947 0.0136713 0.908217 0.00277515 0.00681405
19 0.00277082 0.0169004 0.0150776 0.0081912 0.00380758 0.952494 0.000758866
13 0.000291066 0.0145751 0.000917986 0.00181879 0.00540037 0.00188849 0.975108
22 0.92683 0.00250558 0.000632096 0.00572242 0.0583734 0.000478217 0.00545871
11 0.00288612 0.969648 0.00435619 0.00304532 0.00466706 0.00389981 0.0114978
4 0.00542341 0.00232549 0.96446 0.00842157 0.0112999 0.00382086 0.00424852
0 0.000435016 0.00350079 0.0016707 0.979248 0.000679505 0.0102944 0.00417151
5 0.0521795 0.00019405 0.00033859 0.010527 0.93584 0.000732009 0.00018857
19 0.00332222 0.0262867 0.0118905 0.00968434 0.00233749 0.939214 0.00726489
13 0.00329342 0.0149177 0.00533523 0.00422684 0.00135579 0.00319857 0.967672
22 0.929802 0.00162266 0.000813303 0.00624404 0.0585972 0.000947793 0.00197329
11 0.000573588 0.965901 0.00157211 0.000448717 0.000576413 0.0266614 0.004267
4 0.00265885 0.00678788 0.969057 0.0075593 0.00849312 0.00146406 0.00398027
0 0.000389214 0.00188713 0.00592517 0.977024 0.000410365 0.0120987 0.00226494
5 0.051739 0.00275652 0.00362332 0.00905395 0.92447 0.00251397 0.00584297
19 0.00186146 0.00532899 0.0036421 0.00176392 0.00117284 0.985464 0.000766752
13 0.000899864 0.00615234 0.000322369 0.000941331 0.000456421 0.00161552 0.989612
22 0.955737 0.000181841 6.66532e-05 0.000943086 0.0424534 0.000159571 0.000458442
11 0.00324587 0.969503 0.00835464 0.00061514 0.00286693 0.0104256 0.00498837
4 0.00401337 0.00651842 0.973541 0.00207139 0.0103446 0.00103572 0.00247567
0 0.00697509 0.000167294 0.00587067 0.968566 0.0178859 0.000475744 5.97256e-05
5 0.0480163 0.00240406 0.00183989 0.0120679 0.926853 0.00100898 0.00781008
19 0.000357194 0.0265309 0.00647354 0.00102114 0.000495093 0.964627 0.000494683
13 0.000691699 0.00727772 0.000638626 0.00181295 0.000494302 0.00455988 0.984525
22 0.936363 0.000792444 0.0010744 0.00125426 0.0587614 0.000681447 0.00107328
11 0.0028225 0.946877 0.00545652 0.00311877 0.00203752 0.0245442 0.0151431
4 0.000635178 0.00550909 0.978149 0.00348347 0.010509 0.00118082 0.000533393
0 0.00101042 0.00265801 0.00773136 0.967959 0.0101561 0.00426626 0.00621883
5 0.0469324 0.00361491 0.00663713 0.00993974 0.916719 0.00274111 0.0134158
19 0.00417398 0.0050124 0.00897489 0.00848308 0.00693582 0.964739 0.00168058
13 0.00382552 0.00649484 0.00444103 0.00370275 0.0111409 0.0024204 0.967975
22 0.937864 0.000415379 7.82336e-05 0.00192653 0.0587975 0.000600279 0.000318144
11 0.00234924 0.940149 0.00965978 0.00539195 0.00217056 0.0278486 0.0124311
4 0.00877166 0.00142487 0.971507 0.0109905 0.00154276 0.00470373 0.0010597
0 0.0062665 0.00119862 0.00321739 0.971467 0.0135042 0.000631421 0.00371497
5 0.0201444 0.00240278 0.0176698 0.0160228 0.933099 0.0072538 0.00340774
19 0.00348701 0.0122549 0.014069 0.00697696 0.0038305 0.95819 0.00119186
13 0.00268605 0.0160313 0.00752128 0.00613399 0.00467637 0.0094187 0.953532
22 0.964156 0.00161759 0.0038086 0.0119322 0.0115343 0.00258068 0.00437094
11 0.00028368 0.96836 0.0062211 0.0011129 0.000791551 0.0107034 0.0125278
4 0.00183081 0.00587031 0.972352 0.00721885 0.00511647 0.00397977 0.00363197
0 0.001045 0.00183114 0.00807342 0.98128 0.00464903 0.00111732 0.00200408
5 0.0490303 0.00308224 0.00191202 0.00622709 0.924752 0.00118207 0.0138142
19 0.00108343 0.0278017 0.00603646 0.0116992 0.00159454 0.94726 0.00452513
13 0.00161879 0.0152681 0.0092304 0.00362969 0.00339804 0.00970947 0.957146
22 0.937483 0.00347684 0.0119041 0.0148092 0.0209464 0.00449871 0.00688192
11 0.00153349 0.974288 0.003879 0.00361851 0.00210019 0.00356165 0.0110191
4 0.00543973 0.00485237 0.970511 0.00456905 0.0123542 0.00157322 0.000700349
0 0.00388434 0.000358987 0.00745649 0.965137 0.0209289 0.000574387 0.00166042
5 0.0519279 0.000251906 0.000702622 0.000723506 0.94045 0.000399605 0.00554461
19 0.00393397 0.0297338 0.00695471 0.0067507 0.0045792 0.94191 0.00613763
13 0.00116061 0.0144667 0.00766669 0.00311442 0.00442873 0.00292099 0.966242
22 0.919364 0.00226757 0.00167335 0.0167668 0.054105 0.00059035 0.00523291
11 0.00155636 0.958143 0.00981751 0.0011093 0.00286229 0.0205036 0.00600768
4 0.00331541 0.00620088 0.961835 0.0113797 0.00471716 0.00668976 0.00586178
0 0.00804689 0.00099762 0.00487426 0.951854 0.0315492 0.00135238 0.0013253
5 0.0519088 0.00277102 0.000450237 0.00314357 0.936559 0.000964238 0.00420261
19 0.000618876 0.0117012 0.00261653 0.00452904 0.00223366 0.975895 0.0024061
13 0.00314023 0.015432 0.00718416 0.00240437 0.00253912 0.00541993 0.96388
22 0.93641 0.000337392 0.000181358 0.00999077 0.0516732 0.000620581 0.000787149
11 0.00246985 0.957792 0.0115889 0.00468363 0.00148931 0.0128886 0.00908723
4 0.00288664 0.00567283 0.977922 0.00223997 0.00344862 0.00367014 0.00416018
0 0.000198143 0.000155562 0.0117185 0.983019 0.000240444 0.00461957 4.91262e-05
5 0.0513188 0.00031597 0.000308733 0.0044662 0.939023 0.000651778 0.00391533
19 0.00122645 0.017635 0.0032173 0.00584999 0.00472198 0.964445 0.00290414
13 0.00507909 0.0156555 0.00705326 0.00164771 0.00767581 0.00181901 0.96107
22 0.910969 0.00391221 0.0190266 0.0082435 0.0496323 0.00431269 0.00390411
11 0.00282377 0.942576 0.00562895 0.00281188 0.000516119 0.0331279 0.0125154
4 0.00125585 0.00535111 0.972128 0.00516189 0.00447245 0.00827305 0.00335766
0 0.00666907 0.000476866 0.00461497 0.970315 0.0149936 0.00157465 0.00135555
5 0.0174869 0.00197881 0.00619796 0.0101944 0.955833 0.00168235 0.00662688
19 0.00317662 0.00296052 0.00992737 0.0139337 0.00457885 0.961505 0.00391771
13 0.00228964 0.00167038 0.00134515 0.00534188 0.00366297 0.0021708 0.983519
22 0.910356 0.00536 0.00662199 0.0178925 0.0518947 0.0021504 0.00572459
11 0.0020497 0.970582 0.00131282 0.00518745 0.00256641 0.00665746 0.0116438
4 0.00346309 0.00190834 0.970793 0.0137718 0.00317908 0.00311311 0.00377154
0 0.00457757 0.00104173 0.00280337 0.979059 0.0111257 0.00103327 0.000359634
5 0.051987 0.000289691 0.000487722 0.000664227 0.945766 0.000698818 0.000106995
19 0.00384375 0.00256886 0.0132202 0.00545276 0.00290214 0.970571 0.00144156
13 0.00885802 0.00522948 0.00217503 0.00298848 0.00838653 0.00128652 0.971076
22 0.937824 0.000636394 0.000225379 0.00113724 0.0588517 0.00110262 0.000222882
11 0.00087982 0.96561 0.0039777 0.00322375 0.00147135 0.0127094 0.0121276
4 0.00804919 0.004863 0.963677 0.0055767 0.00711506 0.00819475 0.00252397
0 0.000241199 0.00352782 0.00479288 0.974812 0.00020287 0.0124494 0.00397367
5 0.0512073 0.00564568 0.00456744 0.00753136 0.922936 0.00211985 0.00599216
19 0.00257111 0.0298517 0.00705003 0.0134455 0.00512134 0.937748 0.00421187
13 0.000735034 0.00662963 0.000266998 0.00132464 0.00066756 0.00841842 0.981958
22 0.944005 0.000434804 0.00293279 0.00443688 0.0460201 0.000867329 0.00130342
11 0.00186943 0.945787 0.00848795 0.00635806 0.00238305 0.0258143 0.00930041
4 0.0076076 0.0067339 0.969609 0.00450011 0.00897702 0.00213619 0.000435708
0 0.00532518 0.000510002 0.00383941 0.976003 0.0122087 0.000664262 0.00144965
5 0.0258725 0.00282212 0.00582303 0.0191811 0.938294 0.00364141 0.00436547
19 0.0028256 0.0294167 0.00214603 0.00552413 0.00359549 0.951044 0.0054476
13 0.00378793 0.0148841 0.00106945 0.00360548 0.00202543 0.00676202 0.967866
22 0.978005 0.000586502 0.000335502 0.00608329 0.013807 0.000872556 0.000310567
11 0.00259821 0.975874 0.00191544 0.00340942 0.004368 0.000731904 0.0111033
4 0.00307686 0.00143887 0.968863 0.0141338 0.0065226 0.00172099 0.00424352
0 0.00631782 0.00332406 0.00686001 0.96359 0.00996792 0.00337453 0.00656582
5 0.0522659 0.00275609 0.00101644 0.00879135 0.926846 0.00259468 0.0057298
19 0.000345924 0.00191451 0.00479895 0.00353381 0.000336634 0.989003 6.74307e-05
13 0.00278252 0.0151869 0.00570126 0.00527009 0.00399569 0.000957546 0.966106
22 0.985391 0.000305656 0.000444287 0.000262021 0.0131018 0.000356363 0.000138916
11 0.00308001 0.971134 0.00982989 0.000808579 0.00434986 0.00831189 0.00248593
4 0.00561269 0.00610581 0.973373 0.00314049 0.00292683 0.00458537 0.00425541
0 0.00146114 0.00306082 0.00101009 0.969032 0.0204862 0.000624971 0.00432485
5 0.0444412 0.00368771 0.010092 0.0155077 0.913189 0.000785077 0.0122971
19 0.000452572 0.0158836 0.00455743 0.0054505 0.000445468 0.97303 0.000180409
13 0.00437071 0.00444552 0.00172561 0.00306862 0.00345904 0.000742121 0.982188
22 0.967485 0.000124135 6.84304e-05 0.00518267 0.0265324 0.000538829 6.89114e-05
11 0.00430672 0.958585 0.0103457 0.00344096 0.00541666 0.0119233 0.00598166
4 0.00869676 0.00501471 0.962376 0.00727934 0.00946412 0.00130695 0.00586164
0 0.0012586 0.000792146 0.0109462 0.976613 0.000762801 0.00806106 0.00156664
5 0.0482221 0.00353723 0.00538067 0.020929 0.913392 0.00312632 0.00541256
19 0.0020302 0.0197417 0.0162368 0.0124163 0.00392728 0.942231 0.00341723
13 0.000146631 0.0150575 0.00291433 0.00218197 0.000294696 0.00971926 0.969686
22 0.927958 0.00182685 0.00124224 0.00717801 0.0585255 0.000720598 0.00254895
11 0.000231117 0.984203 0.000737754 0.00215491 0.000484265 0.00127827 0.0109111
4 0.00244707 0.00603467 0.973417 0.00511321 0.00605115 0.00265624 0.00428036
0 0.00632269 0.00055666 0.00135765 0.969831 0.0185707 0.000184718 0.00317627
5 0.0291821 0.00357062 0.0126847 0.02227 0.92611 0.00282464 0.00335828
19 0.00166745 0.0121408 0.00961631 0.00286003 0.00555654 0.96687 0.00128896
13 0.000898508 0.0139283 0.00071705 0.00557912 0.00088779 0.00380554 0.974184
22 0.955025 0.000272265 6.4258e-05 0.00631046 0.0345506 0.00048916 0.003288
11 0.00269172 0.975792 0.00926809 0.000856317 0.00325949 0.00275602 0.00537676
4 0.00962567 0.00125929 0.969921 0.00473282 0.0113521 0.000463939 0.00264494
0 0.0016294 0.000321018 0.00590322 0.986877 0.00338524 0.00167404 0.000210176
5 0.0511866 0.00127308 0.000739408 0.0120587 0.930989 0.00105345 0.00270012
19 0.000469203 0.00420694 0.00219296 0.00107984 0.00107875 0.990832 0.000140567
13 0.000747954 0.0143774 0.00294086 0.00668135 0.00115922 0.00583407 0.968259
22 0.923946 0.00323823 0.00445598 0.00637847 0.0584063 0.00226282 0.00131169
11 0.000565162 0.951137 0.00480766 0.00105914 0.000513518 0.0342521 0.00766527
4 0.000286833 0.00106741 0.990505 0.00110967 0.000386679 0.00645521 0.00018901
0 0.00475067 0.00063006 0.00409376 0.965892 0.0183064 0.00123898 0.00508797
5 0.0500314 0.0042048 0.00399195 0.00936328 0.916587 0.00263442 0.0131876
19 0.00280133 0.0177154 0.00565062 0.0187922 0.00373145 0.939371 0.0119382
13 0.000477888 0.0154688 0.00284163 0.00412869 0.000410919 0.0162998 0.960372
22 0.956164 0.00308273 0.0114615 0.0122772 0.00929733 0.00324147 0.00447563
11 0.00133364 0.945377 0.0134754 0.00456522 0.00105503 0.0243879 0.00980595
4 0.00262245 0.0054432 0.97145 0.00506987 0.00295849 0.00828157 0.00417431
0 0.00244712 4.16164e-05 0.00117845 0.989146 0.0069781 0.000108578 0.000100212
5 0.0224678 0.00310776 0.00453093 0.0171734 0.934078 0.0032795 0.0153627
19 0.000849386 0.0254899 0.0162092 0.00657156 0.00243112 0.943917 0.00453148
13 0.00317923 0.00259427 0.00573508 0.00550126 0.0103576 0.000699657 0.971933
22 0.916499 0.00267114 0.0070212 0.0191395 0.0484719 0.00109734 0.00509986
11 0.000516055 0.983118 0.000943806 0.00201676 0.0012886 0.00119291 0.0109238
4 0.00653577 0.00782265 0.960874 0.00901484 0.00756777 0.00319509 0.00498947
0 0.00357199 0.00165647 0.00196882 0.966526 0.0202472 0.000851946 0.00517722
5 0.382606 0.000525795 0.00535425 0.00667418 0.603568 0.0011681 0.000104108
19 0.00380938 0.0121485 0.0136084 0.00203062 0.00596168 0.958634 0.00380721
13 0.00152245 0.0149994 0.00564277 0.00332095 0.0038044 0.00425432 0.966456
22 0.920385 0.00239146 0.013841 0.0180781 0.0394077 0.00267067 0.00322582
11 0.000621191 0.951384 0.00331831 0.00311946 0.000329712 0.0342832 0.00694407
4 0.00479896 0.00686809 0.970304 0.00428593 0.0106196 0.00110605 0.00201689
0 0.00201295 0.000161631 0.00113155 0.977276 0.0186392 0.000269134 0.000509733
5 0.0101154 0.00201423 0.00609032 0.0169394 0.961319 0.00325933 0.000262861
19 0.00114474 0.0291634 0.00627457 0.00516697 0.0014381 0.951948 0.0048639
13 0.000968512 0.0144945 0.00344896 0.000711172 0.00136723 0.00141351 0.977596
22 0.922483 0.00252951 0.00410662 0.00492365 0.058481 0.00243422 0.00504177
11 0.000686095 0.964876 0.00171656 0.00105939 0.000635263 0.0234106 0.00761593
4 0.0058019 0.00652589 0.969799 0.00402307 0.00667034 0.00132893 0.00585066
0 0.00193112 0.00400221 0.00640191 0.969338 0.00816428 0.00442368 0.00573907
5 0.0439103 0.0091323 0.00639865 0.0232423 0.907433 0.00231479 0.00756839
19 0.00261537 0.0227421 0.0171329 0.0086914 0.00543129 0.939849 0.00353759
13 0.00297617 0.00925451 0.0103299 0.0043455 0.00795156 0.00396273 0.96118
22 0.928765 0.00189115 0.00296097 0.00324285 0.0580093 0.00158313 0.00354721
11 0.00196477 0.947792 0.00200627 0.00282624 0.000724498 0.0338496 0.0108368
4 0.0104261 0.000281614 0.971879 0.00659824 0.00951539 0.00101185 0.000288003
0 0.00447237 0.000240836 0.00407483 0.979221 0.010961 0.000852208 0.000178171
5 0.048052 0.00495523 0.00981295 0.0156434 0.908416 0.00289495 0.0102259
19 0.00345706 0.0290823 0.0138277 0.00722135 0.00390664 0.936162 0.00634244
13 0.00237405 0.0113667 0.00583211 0.0029579 0.0119501 0.000499415 0.96502
22 0.936508 0.000227048 0.000148031 0.00314179 0.0587988 0.000686685 0.000490037
11 0.0027302 0.979336 0.000712465 0.00282679 0.00128519 0.00217152 0.0109374
4 0.000872531 0.00638374 0.974695 0.00724579 0.00119702 0.00628516 0.00332056
0 0.00695589 0.00173691 0.00911249 0.962782 0.0170083 0.000584488 0.0018197
5 0.0729874 0.0024848 0.00318694 0.00717253 0.906936 0.00138398 0.00584852
19 0.0026359 0.0160723 0.0145471 0.00776731 0.00426863 0.951849 0.00285977
13 0.00016765 0.0145064 0.000260595 0.00193217 0.000256668 0.00836032 0.974516
22 0.971935 0.000278405 0.000182747 0.0125288 0.0139455 0.000213931 0.000915244
11 0.00159095 0.955757 0.003896 0.000687104 0.00141129 0.0224141 0.0142437
4 0.00199717 0.00246685 0.965958 0.0136214 0.00367375 0.0066037 0.00567956
0 0.00681878 0.000172669 0.00336177 0.970044 0.0183711 0.000104842 0.00112672
5 0.0517952 0.000682873 0.000560533 0.00347812 0.940783 0.00171408 0.000986001
19 0.00283666 0.0183178 0.0150127 0.0184821 0.0041889 0.932713 0.00844887
13 0.000206211 0.0149621 0.0013952 0.00486434 0.000637632 0.00856239 0.969372
22 0.982952 0.000146813 0.000398164 0.00797348 0.00801679 0.000453847 5.85285e-05
11 0.00236681 0.956036 0.00500101 0.00643519 0.00284216 0.0152727 0.0120458
4 0.00800588 0.00157914 0.967272 0.0139918 0.0016476 0.00567658 0.00182672
0 0.00453853 0.00138384 0.0134651 0.957989 0.0155971 0.00396097 0.00306587
13 0.000633258 0.0132044 0.00686285 0.00796736 0.000678462 0.00817256 0.962481
22 0.920629 0.00255036 0.00458951 0.0113994 0.0577827 0.00123617 0.00181291
11 0.00194835 0.943167 0.0100568 0.00283486 0.00199255 0.0336356 0.00636452
0 0.00482313 0.00221082 0.00974078 0.972293 0.00377212 0.00344841 0.00371151
5 0.0120396 0.000319492 0.000143712 0.00271736 0.983887 0.000320139 0.000572977
19 0.00294382 0.0299458 0.00730204 0.00543346 0.00286178 0.943736 0.00777705
13 0.00389121 0.0153949 0.0072881 0.00223881 0.00403276 0.0045653 0.962589
22 0.927559 0.0036138 0.000980236 0.0154024 0.0315426 0.00220015 0.018702
11 0.000233376 0.947082 0.00293342 0.0039248 0.000447172 0.0314248 0.0139542
0 0.00591703 0.00031614 0.00460858 0.967857 0.0198493 0.00112621 0.000326225
5 0.0188429 0.00443144 0.00570444 0.0131387 0.942854 0.00141009 0.0136182
19 0.00336691 0.0179424 0.0130108 0.00612893 0.00504312 0.951029 0.00347827
13 0.00310109 0.0149152 0.00442188 0.00368925 0.00192702 0.00638604 0.96556
22 0.9239 0.000736005 0.000971494 0.0156646 0.0551239 0.000819226 0.00278497
11 0.00508907 0.955565 0.00965758 0.00738708 0.00504891 0.0053126 0.0119394
0 0.00159407 0.000676137 0.0119671 0.979941 0.00120514 0.00421425 0.000402078
5 0.0518328 0.000523177 0.00211748 0.00721829 0.936082 0.00159984 0.000626317
19 0.00147311 0.0114673 0.014587 0.0106169 0.00272354 0.958295 0.000837609
13 0.00303638 0.000862327 5.46632e-05 0.000489911 0.000595341 0.000185771 0.994776
22 0.935255 0.000133546 0.00027485 0.00704442 0.0568012 0.000457595 3.38254e-05
11 0.000830802 0.961053 0.00189563 0.000454899 0.000718618 0.0281716 0.00687545
0 0.0030427 0.00049663 0.000289616 0.986413 0.00447346 0.000389775 0.00489498
5 0.0517321 0.00231451 0.00072093 0.00870892 0.932772 0.00185503 0.00189614
19 0.0033909 0.00843765 0.0140601 0.00306964 0.00508062 0.962573 0.00338821
13 0.00222701 0.0109336 0.0014055 0.0041507 0.00195091 0.0081563 0.971176
22 0.965379 0.000356104 0.00377939 0.00987673 0.0189836 0.000670581 0.000954532
11 0.00317417 0.958524 0.0113684 0.00355893 0.00529946 0.0131207 0.00495428
0 0.00254806 0.000364953 0.00951905 0.980129 0.00446102 0.000723831 0.00225453
5 0.0519696 0.000143972 0.00011793 0.00834678 0.938371 0.000564762 0.000485674
19 0.000895002 0.0184957 0.0107341 0.00715127 0.00188627 0.960179 0.000658606
13 0.0010318 0.00460376 0.000294428 0.00195889 0.00485258 0.00075063 0.986508
22 0.922304 0.00100492 0.00340052 0.0102767 0.0580446 0.000902222 0.00406723
11 0.00167978 0.955288 0.00844156 0.00297642 0.0007575 0.0171968 0.01366
0 0.000605193 0.000491485 0.0113525 0.972743 0.000807438 0.00960098 0.00439939
5 0.048686 0.0039856 0.00345041 0.0107253 0.916029 0.00323104 0.013893
19 0.00270086 0.0257198 0.0135518 0.0170938 0.00378479 0.933277 0.00387183
13 0.00104461 0.0149557 0.00446292 0.00380981 0.00324732 0.0092763 0.963203
22 0.958906 0.000361317 0.000370738 0.0018539 0.0373635 0.000748986 0.000395352
11 0.00263069 0.948188 0.011407 0.00806666 0.00305745 0.0140176 0.0126324
0 0.00633394 0.000942585 0.00447675 0.969985 0.0135987 0.00302829 0.0016348
5 0.0519997 0.000445226 0.000559201 0.00846545 0.937652 0.000621898 0.000256217
19 0.00264376 0.0281924 0.0149082 0.00733897 0.00435329 0.939126 0.00343681
13 0.00392059 0.0147123 0.000805265 0.00154594 0.00417112 0.00175391 0.973091
22 0.913629 0.00230493 0.0153716 0.0155028 0.0461991 0.00243013 0.00456253
11 0.00217848 0.955565 0.00229604 0.00245922 0.00123904 0.0220005 0.0142614
0 0.000126599 4.52568e-05 0.00086235 0.997623 0.000882216 6.91502e-05 0.000391223
5 0.029895 0.00121708 0.00103567 0.00917889 0.956362 0.00135591 0.000955107
19 0.00271263 0.0253277 0.0163726 0.0059839 0.00390563 0.940926 0.00477167
13 0.00577175 0.00717206 0.00149012 0.00321334 0.011274 0.00100479 0.970074
22 0.965186 0.000113018 0.000956256 0.00222969 0.0306946 0.000553418 0.000266553
11 0.00092855 0.952363 0.00254637 0.00329709 0.000650768 0.0341744 0.00604013
0 0.00503062 0.000338654 0.000383126 0.970893 0.0205324 0.000176808 0.00264523
5 0.0283673 0.00270547 0.00690073 0.0211356 0.932904 0.00323684 0.00475056
19 0.00275862 0.0297275 0.00542903 0.00471048 0.00329384 0.948798 0.00528293
13 0.00876307 0.00566401 0.00300127 0.00237114 0.0102742 0.000263047 0.969663
22 0.923664 0.00373577 0.00488842 0.00202993 0.0583581 0.00227389 0.00504974
11 0.000670492 0.975996 0.00162971 0.00196953 0.000591753 0.0162522 0.00289055
0 0.00099142 0.007508 0.00921974 0.965673 0.00699208 0.00675407 0.00286218
5 0.0507362 0.00554615 0.012406 0.00422223 0.918703 0.00256379 0.00582286
19 0.00108342 0.00251306 0.00377752 0.00263729 0.00228727 0.987067 0.000634764
13 0.00279415 0.00329119 0.00474288 0.0058568 0.00401791 0.00393841 0.975359
22 0.911939 0.00610168 0.0052569 0.00694566 0.0574067 0.00218737 0.0101625
11 0.00139325 0.946139 0.00271583 0.00451725 0.000916332 0.0339469 0.0103713
0 0.0070299 0.000439474 0.00517176 0.968312 0.0168677 0.000386438 0.00179297
5 0.0493199 0.00382951 0.00233793 0.00123909 0.929251 0.00103652 0.0129863
19 0.00177066 0.0291365 0.00662682 0.00268076 0.00401595 0.950794 0.0049758
13 0.00460915 0.0040117 0.00633996 0.00683745 0.0053525 0.000948883 0.9719
22 0.975802 0.000511598 0.0100052 0.00454855 0.00689657 0.00196449 0.000271168
11 0.00351487 0.958748 0.00828066 0.00295547 0.00483303 0.00858121 0.013087
0 0.00239606 0.00165901 0.00601006 0.978273 0.00270106 0.00381331 0.00514707
5 0.0231823 0.0081674 0.00396885 0.013014 0.935998 0.00301645 0.012653
19 0.0010511 0.0136865 0.0142865 0.00674574 0.00099835 0.962706 0.0005256
13 0.00299301 0.00606788 0.00303293 0.0063089 0.00459617 0.00136836 0.975633
22 0.985261 0.000140269 0.00141472 0.000180386 0.00919031 0.000656058 0.00315717
11 0.00225297 0.97076 0.00565528 0.00417374 0.00326043 0.00269533 0.0112027
0 0.00492577 0.00024167 0.00712293 0.983265 0.00227348 0.000752534 0.00141844
5 0.0425264 0.00292073 0.00511991 0.0195951 0.911302 0.0030543 0.0154817
19 0.00143673 0.0274386 0.0108615 0.000968896 0.00086788 0.957746 0.000680609
13 0.00095525 0.00543134 0.00059596 0.00198515 0.00964312 0.000354232 0.981035
22 0.937182 0.00267704 0.0116743 0.0159163 0.0270313 0.00377707 0.00174182
11 0.000590174 0.946386 0.00334345 0.00409048 0.000251778 0.0332667 0.0120716
0 0.000836823 0.00155517 0.0020611 0.971422 0.0212351 0.00216684 0.000723439
5 0.0510798 0.00648305 0.00905993 0.00924444 0.918643 0.00276914 0.00272044
19 0.00284252 0.0290803 0.0111005 0.00493084 0.00344038 0.942584 0.00602184
13 0.00241058 0.0151641 0.00335404 0.002841 0.00141951 0.0100445 0.964766
22 0.925033 0.00173891 0.00574293 0.00573731 0.0583731 0.000963374 0.00241144
11 0.00218321 0.960036 0.00384909 0.00456214 0.00248279 0.0145377 0.0123486
0 0.00155098 0.0033165 0.0127322 0.955616 0.0104152 0.0120028 0.0043665
5 0.0516563 0.00126799 0.00426789 0.00881653 0.931335 0.00174859 0.000907918
19 0.00247875 0.0237666 0.00518017 0.0172107 0.00380385 0.939988 0.00757158
13 0.00207521 0.0154266 0.0064364 0.00179172 0.00575433 0.00510911 0.963407
22 0.934246 0.00103718 0.000970841 0.00237645 0.0585869 0.00052732 0.00225548
11 0.00268368 0.965423 0.00338955 0.00400177 0.00540281 0.00724255 0.0118571
0 0.00525319 0.000729098 0.00162934 0.979641 0.0121618 0.000291349 0.000293758
5 0.0519579 0.000948732 0.00345834 0.00903361 0.931614 0.00182456 0.0011628
19 0.00261799 0.0257244 0.0073117 0.00930645 0.00300846 0.938532 0.0134989
13 0.00210348 0.0153492 0.00501467 0.00469217 0.00475755 0.00709049 0.960992
22 0.956544 0.00466394 0.000857675 0.00195003 0.024421 0.00221194 0.00935112
11 0.00078863 0.97587 0.0102612 0.000390855 0.000859559 0.0102057 0.00162369
0 0.00190663 0.000321124 0.00160298 0.987105 0.00303654 0.00147977 0.00454753
5 0.0518493 0.000460159 0.000259247 0.00626644 0.938325 0.000652991 0.00218668
13 0.00660836 0.0101091 0.00301227 0.00797747 0.00776765 0.00151324 0.963012
22 0.931482 0.000914614 0.00183277 0.00573124 0.0585126 0.000391747 0.0011351
11 0.00237842 0.983288 0.00186569 0.00137779 0.00434539 0.00488118 0.00186342
0 0.00370841 0.00208355 0.0123457 0.962083 0.0157645 0.00238512 0.00162928
5 0.0346385 0.000690376 0.0106167 0.0238102 0.926343 0.00131339 0.0025882
13 0.000965427 0.0149742 0.00397235 0.00309752 0.00545572 0.00758806 0.963947
22 0.971783 0.000502348 0.00164191 0.0116343 0.0129686 0.000658537 0.000811285
11 0.00157264 0.945476 0.00324892 0.00480137 0.00198895 0.0281929 0.0147196
0 0.00524753 0.000995672 0.00392511 0.974706 0.0118367 0.000532514 0.00275694
5 0.0516753 0.00456195 0.00216454 0.00902067 0.928382 0.00269291 0.00150252
13 0.00255042 0.0147111 0.00183378 0.00563233 0.00154961 0.0065458 0.967177
22 0.914136 0.00279889 0.00715077 0.0077326 0.0580286 0.00246242 0.00769041
11 0.00224672 0.948305 0.00403395 0.00296825 0.000951613 0.0343758 0.00711853
0 0.00524498 0.00137335 0.0075491 0.961575 0.0199713 0.00243448 0.00185189
5 0.0296378 0.0010322 0.00428468 0.0217468 0.93964 0.00119734 0.00246138
13 0.00416515 0.0151899 0.00597173 0.00169632 0.00606906 0.000554678 0.966353
22 0.972555 0.000370607 0.00432099 0.0119821 0.00952807 0.00112322 0.00012044
11 0.000735649 0.985298 0.000608173 0.00272859 0.000628814 0.00120209 0.00879829
0 0.00565948 0.00060245 0.00199728 0.968233 0.0203259 0.000380149 0.0028015
5 0.00311004 0.00290504 0.00128308 0.00207758 0.984607 0.00144002 0.00457714
13 8.83226e-05 0.00261141 0.000123174 0.000218913 0.000192758 0.0011358 0.99563
22 0.938676 0.000131649 0.000105901 0.00134169 0.0588261 0.000590124 0.000328098
11 0.0011161 0.965042 0.00788577 0.00345838 0.00385452 0.00657326 0.0120695
0 0.00473511 0.00204386 0.0038251 0.965111 0.0140678 0.00293037 0.0072873
5 0.0273904 0.00605467 0.0111793 0.0221607 0.925601 0.00286889 0.00474487
13 0.00211189 0.0162008 0.003074 0.00521968 0.00358147 0.013627 0.956185
22 0.95529 0.00223543 0.00486383 0.00118483 0.0301759 0.000974522 0.00527576
11 0.000393478 0.963384 0.00227273 0.00114108 0.00113806 0.0187244 0.0129465
0 0.000560816 0.0015136 0.00763208 0.975345 0.00185402 0.0125256 0.000569252
5 0.0109319 0.000365667 0.000378934 0.00153004 0.9853 0.00122957 0.000263799
13 0.00331538 0.0145908 0.00166277 0.000638986 0.00987804 0.000876468 0.969038
22 0.938161 0.000368881 0.000692922 0.000909704 0.0587696 0.000823347 0.00027494
11 0.000463207 0.947796 0.00770009 0.00462115 0.000502851 0.0333383 0.0055786
5 0.0505055 0.00542192 0.00971444 0.015699 0.910448 0.00269671 0.00551487
13 0.000413495 0.0150709 0.00676216 0.00491951 0.00108853 0.0070504 0.964695
22 0.930873 0.000598578 0.000549994 0.0074405 0.0586754 0.000497685 0.00136479
11 0.00139536 0.953816 0.00810655 0.00237761 0.00326021 0.017003 0.0140414
5 0.0517014 0.00153279 0.00349815 0.008515 0.926727 0.00124618 0.00677966
13 0.00207015 0.0122053 0.00214334 0.00361647 0.00823631 0.00598922 0.965739
22 0.98745 0.000408572 0.000177017 0.00246691 0.00819018 0.00121647 9.07325e-05
11 0.00102819 0.947348 0.00203459 0.00375624 0.000628792 0.0333608 0.0118434
13 0.00319442 0.0119604 0.00978033 0.00757954 0.00574354 0.00713703 0.954605
22 0.940846 0.000239483 0.000555503 0.00532954 0.0513429 0.00147663 0.000209486
11 0.00382535 0.965957 0.00549765 0.00455535 0.00370468 0.00496144 0.0114983
13 0.000647075 0.00385201 0.00058372 0.000422006 0.00205196 0.000774179 0.991669
22 0.933778 0.000881147 0.000233712 0.00533111 0.0580808 0.000213049 0.0014827
11 0.00130256 0.945085 0.0124401 0.00623199 0.00241455 0.029679 0.00284721
13 0.000704345 0.0107935 0.000756762 0.00760171 0.000613131 0.0081591 0.971371
22 0.936645 0.00036071 0.000743806 0.00246974 0.0586787 0.000512551 0.00058947
11 0.00361323 0.972597 0.00975064 0.00474825 0.00472087 0.00311425 0.00145576
13 0.000171538 0.0148766 0.00446613 0.00455422 0.000515927 0.0078968 0.967519
22 0.917357 0.0025088 0.00306469 0.00557883 0.0581736 0.0021105 0.0112068
11 0.00294981 0.95859 0.00200978 0.00428739 0.00163912 0.018009 0.0125152
13 0.000823378 0.0145589 0.000462273 0.000246651 0.00243671 0.00103792 0.980434
22 0.924688 0.00258038 0.00399155 0.00746056 0.0585133 0.00190212 0.000863642
11 0.00399608 0.966537 0.00632075 0.00251628 0.00497605 0.00359704 0.0120572
13 0.00203291 0.0113791 0.00518204 0.00683052 0.0102495 0.00461352 0.959712
22 0.907543 0.00483117 0.00327505 0.0119125 0.0525984 0.0021256 0.0177146
11 0.00526867 0.966724 0.00907917 0.00146384 0.00514575 0.000576204 0.011742
13 0.00822916 0.00103501 0.00393368 0.00417055 0.0102169 0.000240429 0.972174
22 0.970187 0.000616319 0.00408331 0.00748168 0.0148259 0.00066468 0.00214156
11 0.000822597 0.951926 0.0040212 0.00333297 0.000888826 0.0340247 0.00498391
13 0.00472714 0.0113095 0.00682499 0.00411756 0.0104644 0.00194329 0.960613
22 0.930323 0.00210393 0.000786398 0.00614043 0.0586278 0.00141713 0.000601744
11 0.00361667 0.946096 0.00695398 0.00419552 0.00442186 0.0204326 0.0142829
22 0.9177 0.00330436 0.00243984 0.0194152 0.0476422 0.00179005 0.00770844
11 0.0021499 0.942666 0.00599085 0.00474158 0.00131195 0.0262832 0.0168565
22 0.931114 0.00252903 0.00102613 0.0023258 0.0585474 0.00135444 0.00310304
22 0.933204 0.000361872 6.1171e-05 0.00542321 0.058674 0.000553224 0.00172273
22 0.971695 6.41879e-05 0.000837161 0.00517145 0.0218213 0.000320441 9.06514e-05
22 0.931573 0.00189812 0.00074516 0.00474463 0.0581248 0.00231596 0.000598162
22 0.934704 0.000611607 0.000596022 0.00742678 0.0462371 0.000847019 0.00957725
22 0.972041 0.000579346 0.000483547 0.00103334 0.0235376 0.000593626 0.00173183
22 0.931961 0.000760058 0.000714541 0.00598113 0.0586207 0.00166681 0.00029527
22 0.927467 0.000389832 0.000335244 0.0130145 0.0571651 0.00105416 0.000574595
22 0.988533 0.0018307 0.00108597 0.0013957 0.00380753 0.000532662 0.00281486
22 0.931703 0.000693068 0.000610703 0.00631099 0.058686 0.000952307 0.00104423
22 0.927091 0.00325823 0.00180583 0.00310492 0.0584838 0.00140206 0.00485428
22 0.957575 0.00133581 0.00730968 0.000776966 0.031966 0.000865766 0.000170592
22 0.917116 0.00405274 0.0136365 0.00211116 0.0570376 0.00199692 0.00404898
22 0.951897 0.000335836 0.000463668 0.00156676 0.0440842 0.00076913 0.000883333
22 0.934825 0.00250697 0.0112233 0.0146461 0.0272265 0.00619636 0.00337599
22 0.934402 0.000605356 0.00122826 0.00413077 0.0586236 0.000694151 0.000315451
22 0.92779 0.0002663 0.000333862 0.0169254 0.0536663 0.000905356 0.000112506
22 0.935912 0.000393103 0.000660644 0.00255709 0.0587194 0.00065549 0.00110265
22 0.935177 0.00137896 0.000846639 0.000909636 0.0586914 0.000640534 0.0023563
22 0.941948 0.0011433 0.0059313 0.0128825 0.0346501 0.00074025 0.00270502
22 0.953678 0.00288939 0.00812821 0.012343 0.0137511 0.00324225 0.00596818
22 0.924235 0.00259692 0.00274471 0.00603404 0.058432 0.00176254 0.00419429
22 0.915369 0.00240301 0.00773949 0.0112695 0.0577115 0.0022274 0.00328049
22 0.929326 0.00028429 0.0018979 0.00579956 0.0585074 0.000970174 0.00321515
22 0.931421 0.00144473 0.00431203 0.00334564 0.0585902 0.000482229 0.000404121
22 0.944267 0.00255654 0.00130564 0.00880257 0.0347866 0.00145251 0.00682922
22 0.969547 0.000230595 0.000756101 0.0048781 0.0238864 0.000404067 0.000298246
22 0.935395 0.00208686 0.00105258 0.00152388 0.0587402 0.000532586 0.000668781
22 0.989674 0.000165183 0.000196434 7.42627e-05 0.00932171 0.000499092 6.93018e-05
22 0.952697 0.000979313 0.00124046 0.00561235 0.0369998 0.001487 0.000983768
22 0.924452 0.00280385 0.0057798 0.00230828 0.0585231 0.00215412 0.00397923
22 0.926023 0.00136515 0.0060681 0.00478721 0.0583977 0.00290967 0.000449445
22 0.926682 0.00208231 0.000696511 0.00733488 0.0584507 0.00100572 0.00374804
22 0.936082 0.00075259 0.000670969 0.00206816 0.0586555 0.00123991 0.000530944
22 0.931676 0.0027802 0.00677826 0.0161092 0.0339588 0.00264001 0.0060577
22 0.956216 0.000415738 0.000438514 0.007078 0.0330334 0.000593667 0.00222484
22 0.922003 0.00148117 0.00469823 0.00773251 0.0584076 0.00209034 0.0035873
22 0.959291 0.000391431 0.000499997 0.00261707 0.0360038 0.000633541 0.000563404
22 0.924831 0.00215154 0.00308426 0.00252605 0.0584361 0.00243058 0.0065408
22 0.945716 0.000580103 0.00206082 0.00792984 0.0413512 0.00103469 0.00132691
22 0.986315 0.000314247 0.00180802 0.00356334 0.0063273 0.000822413 0.000849958
22 0.938106 0.000112554 0.000402655 0.0017069 0.0586135 0.000400263 0.000657845
22 0.929366 0.00274707 0.00574641 0.0175901 0.0370373 0.00248538 0.00502796
22 0.929898 0.00258772 0.000990615 0.00197372 0.0585754 0.000734439 0.00524007
22 0.943274 0.00289161 0.00625296 0.00679347 0.0364011 0.00152782 0.0028594
22 0.915043 0.00326953 0.00325321 0.00526367 0.0572983 0.00211628 0.0137559
