labels 22 11 4 0 5 19 13
13 0.000914708 0.00639644 0.0188045 0.00809075 0.000492028 0.00423985 0.961062
22 0.65822 0.00524338 0.0200784 0.0748103 0.237697 0.00176091 0.00219058
4 0.00674047 0.183979 0.465226 0.0116696 0.00555663 0.241885 0.084943
0 0.0171509 0.0226168 0.0655943 0.825485 0.029935 0.0209354 0.0182825
5 0.00884679 0.000540275 0.000227739 0.00901601 0.979915 0.000330221 0.00112361
19 0.0154289 0.281272 0.0987505 0.030239 0.0116155 0.385696 0.176998
11 0.0514024 0.406992 0.291709 0.0237286 0.0236557 0.0233555 0.179157
22 0.69141 0.00652567 0.00462508 0.0984234 0.124873 0.004747 0.0693962
11 0.000415741 0.703326 0.00402043 0.0102744 0.000562755 0.173994 0.107406
0 0.0217508 0.00057846 0.0040399 0.762665 0.208925 0.00142065 0.000620098
13 0.0466793 0.0115891 0.024342 0.236246 0.270239 0.00248254 0.408422
19 0.00468838 0.017559 0.0148867 0.00524643 0.00895068 0.941286 0.00738315
13 0.0140125 0.424306 0.0143728 0.0295707 0.00477384 0.0159738 0.49699
22 0.739977 0.00175526 0.00244574 0.107229 0.144166 0.00199564 0.00243165
11 0.0188793 0.835452 0.0342037 0.0203818 0.0403399 0.0111727 0.0395708
4 0.00692092 0.00206675 0.490908 0.468928 0.00314937 0.0242934 0.00373271
22 0.517011 0.000423215 0.00229075 0.00870019 0.470805 0.000660341 0.000109243
19 0.000603083 0.00184424 0.00357979 0.000729949 0.00135236 0.99168 0.00021064
13 0.0290692 0.0051656 0.000624657 0.00155656 0.00558764 0.00136553 0.956631
22 0.897131 0.000208234 0.000143116 0.00966697 0.0925432 0.000285762 2.20947e-05
11 0.000454656 0.98553 0.00191868 0.000228519 0.000450231 0.00612655 0.00529096
0 0.0123954 0.000435364 0.000172049 0.958893 0.00707249 0.000223939 0.0208072
22 0.896187 0.00170843 0.000668239 0.00598025 0.0941371 0.000866158 0.000452753
19 0.00598656 0.00903985 0.0581092 0.00788599 0.00993365 0.905805 0.00323997
13 0.00252527 0.0278358 0.00178644 0.00497964 0.00209754 0.0127707 0.948005
22 0.907562 0.000707128 0.00384993 0.0270509 0.0584747 0.00108972 0.00126563
11 0.00315742 0.897318 0.0502218 0.0100922 0.0168331 0.0155398 0.00683717
0 0.00806121 0.00244605 0.0274503 0.917601 0.034146 0.00277363 0.00752137
22 0.953352 9.07332e-05 1.45201e-05 0.00842132 0.0378898 9.55693e-05 0.000135539
19 0.000951917 0.184659 0.0257063 0.0045709 0.00174892 0.780969 0.00139424
13 0.00117886 0.00227949 0.000423171 0.000984183 0.00370246 0.00164936 0.989782
22 0.419249 0.000602661 0.00121988 0.285446 0.289664 0.000324228 0.00349405
11 0.0023045 0.820663 0.0295079 0.00242848 0.00132511 0.0378302 0.105941
0 0.00235306 0.0021325 0.0510134 0.910675 0.0034416 0.0159934 0.0143914
22 0.611613 0.0225103 0.0205128 0.164685 0.0660888 0.0154105 0.0991793
19 0.00537561 0.0334553 0.0314951 0.0958849 0.00697817 0.808994 0.0178168
13 0.00834874 0.330236 0.0280089 0.0101582 0.00504773 0.0499989 0.568201
22 0.972178 0.000435119 0.000326858 0.00466931 0.0218015 0.000460304 0.00012866
11 0.00592428 0.836997 0.0411761 0.0133196 0.0059332 0.0444502 0.0522001
0 0.179996 0.00122749 0.0114399 0.504906 0.286403 0.00940834 0.00661868
5 0.483949 0.00115141 0.00222942 0.0270995 0.484305 0.000869186 0.000396067
19 0.00825938 0.0960984 0.173065 0.0221192 0.0219918 0.663478 0.0149878
13 0.0202415 0.155139 0.00350249 0.00270828 0.00515873 0.00625975 0.80699
22 0.443262 0.0175113 0.13247 0.0910935 0.280351 0.0128321 0.0224805
11 0.00911449 0.606459 0.0273405 0.00927122 0.00629619 0.132205 0.209313
0 0.00323638 0.00193454 0.00165803 0.952174 0.0353273 0.00124738 0.0044229
5 0.0571395 0.00221704 0.00138139 0.060019 0.87611 0.00163377 0.00149942
11 0.0068298 0.463762 0.256116 0.0190528 0.00442346 0.221066 0.0287495
13 0.0700508 0.0500475 0.0074204 0.0616903 0.272618 0.00686862 0.531305
22 0.597831 0.00116363 0.00566896 0.0416579 0.350948 0.00101293 0.00171791
19 0.00331532 0.20725 0.00438231 0.00531179 0.0028474 0.764206 0.0126863
0 0.0241129 0.00338575 0.00140324 0.85729 0.109424 0.00123425 0.00314945
5 0.013759 0.00265461 0.0100917 0.121136 0.844414 0.00487457 0.00307073
19 0.0030993 0.320057 0.0383395 0.00946499 0.00243942 0.553459 0.0731406
5 0.133795 0.0342919 0.0183768 0.0516522 0.586695 0.00646522 0.168723
22 0.793312 0.0140261 0.00869846 0.0184286 0.150046 0.00611807 0.0093705
11 0.00142862 0.882515 0.00251415 0.000770355 0.000763968 0.108903 0.00310542
11 0.0119772 0.369523 0.282512 0.160433 0.0203558 0.139176 0.0160228
5 0.0397916 0.017108 0.0606199 0.0251005 0.840616 0.00289023 0.0138737
19 0.000707078 0.00227294 0.00194498 0.000312065 0.00156131 0.99291 0.000291177
13 0.0193521 0.0254889 0.0142258 0.283856 0.0277937 0.00862793 0.620656
5 0.289012 0.0581247 0.0513658 0.112988 0.433207 0.00695581 0.0483475
11 0.001518 0.676897 0.00435981 0.00982738 0.00176597 0.116286 0.189346
0 0.0956979 0.00358354 0.00903434 0.68368 0.197936 0.00266987 0.00739906
5 0.10486 0.0082023 0.00667325 0.0228025 0.820143 0.00241686 0.0349025
11 0.00343506 0.675726 0.0648983 0.00600029 0.00537768 0.184364 0.0601983
13 0.0327173 0.0516711 0.0214099 0.185219 0.0270346 0.00567996 0.676268
22 0.721411 0.00164029 0.163116 0.0552992 0.0542342 0.0030476 0.00125176
11 0.0234244 0.34161 0.320786 0.012776 0.0365418 0.0425996 0.222262
0 0.0687396 0.0177395 0.0985592 0.678083 0.0219272 0.0312665 0.0836849
13 0.108552 0.0532865 0.0374011 0.116557 0.159886 0.0190791 0.505238
19 0.00135383 0.013243 0.0100851 0.00293099 0.00100766 0.969865 0.00151415
13 0.0191116 0.0564609 0.011146 0.0823878 0.0213892 0.00760534 0.801899
22 0.99423 0.000216971 0.00180535 7.36008e-05 0.000893099 0.000211218 0.00257024
11 0.00192763 0.944805 0.0115426 0.0133925 0.00309357 0.0159655 0.00927286
0 0.0383057 0.00218015 0.0136607 0.919158 0.0204887 0.00272404 0.00348218
0 0.19773 0.0268036 0.0402759 0.342492 0.29392 0.0116515 0.0871269
19 0.000489557 0.0638295 0.0124829 0.000535741 0.000208454 0.922056 0.000397762
13 0.00369227 0.00517716 0.00151046 0.00747977 0.0142599 0.00258656 0.965294
22 0.783307 0.00598673 0.0301619 0.0844763 0.0799348 0.0107589 0.0053741
11 0.000249408 0.892933 0.00387731 0.00035913 9.19826e-05 0.0242955 0.0781933
0 0.00717248 0.0159859 0.00364448 0.867392 0.101908 0.00290055 0.000997291
22 0.771647 0.0430402 0.0595225 0.025817 0.0834726 0.00569583 0.0108054
11 0.00435528 0.569893 0.0890268 0.0356042 0.00485295 0.189263 0.107005
13 0.0126841 0.38433 0.00591518 0.013725 0.00450289 0.0559845 0.522858
22 0.810341 0.00242507 0.0125468 0.0384716 0.130149 0.00197598 0.00409091
13 0.00160939 0.411031 0.021944 0.00522902 0.00280713 0.0107253 0.546654
0 0.0412788 0.10357 0.135361 0.292285 0.133497 0.186482 0.107527
22 0.671865 0.00153274 0.00822482 0.0301949 0.286283 0.00144345 0.000456223
19 0.00212753 0.0322879 0.0103045 0.030125 0.00440592 0.912697 0.00805209
13 0.00357233 0.00976194 0.00777598 0.00318096 0.00548549 0.0139928 0.956231
22 0.904301 0.00151599 0.00091971 0.00877932 0.0797546 0.00106081 0.00366847
11 0.0126892 0.656098 0.0217585 0.0250457 0.0744026 0.0245705 0.185436
0 0.0313313 0.00144354 0.00142681 0.858078 0.106467 0.000762259 0.000491597
22 0.639799 0.00335369 0.0248337 0.0364632 0.291887 0.00217532 0.00148849
19 0.00867555 0.140469 0.0564237 0.0229335 0.00876816 0.500209 0.262521
13 0.0121166 0.388265 0.0237178 0.0422721 0.0169716 0.0450713 0.471585
22 0.964766 0.00827126 0.00112696 0.00443854 0.00785287 0.00389237 0.00965153
11 0.000948375 0.924589 0.0559006 0.000485609 0.00103942 0.0146225 0.00241446
0 0.00169008 0.000247535 0.00229505 0.982889 0.00858494 0.00181926 0.00247417
22 0.523659 0.000833556 0.000483068 0.00826523 0.465453 0.000511642 0.000793843
13 0.109029 0.11203 0.0456326 0.105017 0.0504756 0.0188118 0.559003
22 0.88575 0.0012787 0.00274402 0.0133769 0.0956844 0.000437688 0.000727969
11 0.00589024 0.89497 0.00930075 0.00467142 0.0145526 0.0487796 0.0218358
4 0.0690765 0.0244427 0.560571 0.286228 0.0384613 0.0132247 0.00799609
0 0.0937332 0.00403094 0.0549129 0.483149 0.347638 0.00308622 0.01345
13 0.00435608 0.0710408 0.014684 0.00718986 0.00599784 0.0341249 0.862607
