labels 22 11 4 0 5 19 13
22 0.986017 0.000331232 0.00654316 0.000933759 0.00233007 0.000451077 0.00339355
22 0.324831 0.0234021 0.24241 0.11325 0.244913 0.0161493 0.0350443
22 0.868241 0.00199696 0.0397093 0.0166346 0.0647883 0.00227289 0.00635675
22 0.97804 0.000211674 0.00147505 0.00359365 0.0163504 0.000228662 0.000100477
22 0.957935 2.05749e-05 0.000233935 0.00289787 0.0388149 5.03941e-05 4.69192e-05
22 0.961126 4.36012e-05 5.45542e-05 0.00334469 0.0352587 0.000120523 5.24286e-05
5 0.2706 0.081228 0.0875486 0.141595 0.314828 0.0109355 0.0932653
22 0.987697 0.000133547 2.03757e-05 0.00172298 0.010013 7.53934e-05 0.000337506
0 0.0700996 0.00304899 0.0401146 0.795506 0.0810781 0.00193634 0.00821677
22 0.868623 0.00191937 0.00327302 0.00753885 0.115322 0.000408581 0.00291534
22 0.924199 0.00292197 0.017004 0.00949496 0.0436112 0.000843537 0.00192506
22 0.797164 0.0121437 0.045024 0.0176113 0.1141 0.00194613 0.0120111
22 0.869565 0.000951277 0.00801684 0.0148769 0.105275 0.000391942 0.000922578
22 0.335066 0.0325312 0.181538 0.210176 0.0730902 0.052975 0.114623
22 0.69156 0.0160299 0.0416817 0.0681946 0.117933 0.0240308 0.0405701
22 0.469421 0.00602031 0.105105 0.222828 0.12735 0.0545212 0.0147542
22 0.799571 0.000286273 0.000959562 0.0196338 0.176939 0.00151952 0.00109145
22 0.740675 0.0044065 0.0708114 0.0807791 0.0771895 0.017786 0.00835296
22 0.875861 0.00447212 0.0132101 0.0653573 0.014144 0.019551 0.00740406
22 0.856341 0.000590303 0.00938781 0.0197633 0.110083 0.00276238 0.00107256
22 0.648643 0.00299031 0.189122 0.0803633 0.0683757 0.00637842 0.00412706
22 0.492852 0.00202952 0.0384175 0.0326403 0.42161 0.011024 0.00142682
22 0.608217 0.000498986 0.00229924 0.0216691 0.365019 0.00104305 0.00125342
22 0.74813 0.0010335 0.00462243 0.0120632 0.229312 0.00136268 0.00347635
22 0.924838 0.00263249 0.0317069 0.00205858 0.0363943 0.0017414 0.000627962
11 0.00509693 0.805138 0.00395629 0.00357895 0.00256524 0.0230591 0.156605
11 0.00588873 0.88678 0.0142305 0.00639019 0.00582094 0.0582159 0.0226739
11 0.000236497 0.902537 0.00260173 0.002309 0.000611795 0.0178401 0.0738635
11 0.00431438 0.798763 0.0218155 0.00339149 0.00311107 0.0828295 0.085775
11 0.000737822 0.939302 0.0181563 0.00130952 0.00120776 0.0136419 0.025645
13 0.00113765 0.371591 0.00337068 0.00196302 0.0021932 0.0282645 0.59148
13 0.00240816 0.354452 0.0135407 0.0157983 0.00566212 0.0364437 0.571695
11 0.000239737 0.946023 0.00429433 0.000843736 0.000575923 0.0408473 0.00717603
11 0.00110827 0.855726 0.00521568 0.000915792 0.00219436 0.109195 0.0256451
11 0.00240585 0.747943 0.00581192 0.00786366 0.00485043 0.108712 0.122414
19 0.00652238 0.064672 0.00772094 0.016543 0.0125469 0.835708 0.0562863
11 0.000426861 0.934336 0.00209921 0.000620726 0.000421311 0.0473401 0.0147562
11 0.00696998 0.529536 0.00779573 0.00870555 0.0017986 0.336279 0.108915
11 0.00210533 0.618017 0.0126022 0.00101846 0.00219633 0.29794 0.0661205
19 0.00677756 0.259961 0.201606 0.00678682 0.00593951 0.468793 0.0501352
11 0.00459966 0.632911 0.0179419 0.00337022 0.000996127 0.182926 0.157255
13 0.0107943 0.0346488 0.275965 0.0422253 0.0130734 0.00875359 0.61454
19 0.0127031 0.0578824 0.21437 0.248023 0.021242 0.314505 0.131275
11 0.0232668 0.354207 0.181138 0.0156709 0.0186867 0.105459 0.301571
4 0.0659925 0.0372781 0.62521 0.0368962 0.0681137 0.140214 0.0262946
0 0.0131763 0.0143959 0.203187 0.590639 0.0809522 0.00654424 0.0911062
4 0.00475444 0.010889 0.789764 0.118989 0.0463807 0.0175953 0.0116274
4 0.000694756 0.0208387 0.923755 0.00700759 0.0382118 0.00687614 0.00261583
4 0.00324171 0.00490468 0.906038 0.014243 0.00560894 0.0632949 0.002669
4 0.0120968 0.00377929 0.496297 0.405768 0.0523322 0.0278363 0.00188996
0 0.0507386 0.00868438 0.078785 0.720267 0.12878 0.0022036 0.010542
0 0.000103591 0.000484012 0.0121791 0.983508 0.000731453 0.00283202 0.000161864
0 0.000749044 0.00135754 0.0133466 0.945719 0.0030231 0.0134328 0.0223715
0 0.00633559 0.0021902 0.023214 0.934117 0.0287505 0.00354009 0.00185237
0 0.0304598 0.00294145 0.016493 0.890355 0.0493853 0.00428794 0.00607709
19 0.00420104 0.0663452 0.0198342 0.368439 0.00484421 0.3898 0.146536
13 0.0076837 0.00644886 0.0210002 0.201792 0.0105591 0.0208694 0.731647
13 0.00770899 0.128666 0.0146995 0.151262 0.00954148 0.121666 0.566455
13 0.0266937 0.0800372 0.0105821 0.109306 0.314096 0.0109987 0.448287
0 0.152554 0.0589269 0.0785163 0.290394 0.119276 0.0305323 0.2698
0 0.0374903 0.00653194 0.0115243 0.731976 0.19778 0.00324344 0.0114542
13 0.0340488 0.0460841 0.0391549 0.147375 0.060592 0.0102442 0.662501
0 0.119431 0.0364579 0.0316063 0.427308 0.166223 0.0291994 0.189774
5 0.228614 0.000337067 0.000124044 0.0130882 0.756994 0.000318902 0.000523778
5 0.148484 0.0218802 0.108147 0.0239781 0.689547 0.00199189 0.00597132
5 0.00970828 0.000428241 0.000479675 0.0107914 0.978131 0.000253872 0.000207944
5 0.0339987 0.000106287 0.000683876 0.00406873 0.96032 0.000212705 0.000610058
22 0.590568 0.00162946 0.000989222 0.00983708 0.39504 0.000823284 0.00111274
22 0.838315 4.44523e-05 1.42189e-05 0.00416805 0.157232 0.000160832 6.49763e-05
22 0.763521 0.000152973 0.00136966 0.0159435 0.218644 0.000226814 0.000142901
22 0.734186 0.00394818 0.0464426 0.0234059 0.186889 0.00225678 0.00287081
0 0.126175 0.00108451 0.0278303 0.567687 0.272957 0.000767315 0.00349877
5 0.0555093 0.00500096 0.00890137 0.100491 0.784322 0.00220538 0.0435699
5 0.317763 0.0127038 0.0193249 0.0384303 0.569906 0.00685269 0.0350188
22 0.514824 0.00176902 0.00120635 0.0128063 0.4521 0.00234925 0.0149447
22 0.689155 0.00562285 0.00113348 0.0289413 0.257454 0.00284284 0.0148504
5 0.144374 0.098954 0.0738279 0.0561196 0.361853 0.0253502 0.239521
19 0.000997672 2.98394e-05 0.000999922 0.000134225 0.00100869 0.996734 9.56974e-05
19 0.00262665 0.000216954 0.00121746 0.00074329 0.00263935 0.992266 0.00029054
19 0.000991915 0.000212241 0.00124171 0.000715511 0.00583704 0.990578 0.000423931
19 0.00164957 0.00231652 0.00281274 0.00272906 0.00465455 0.985441 0.000396332
19 0.0112607 0.0796577 0.021703 0.0480379 0.0323343 0.734728 0.0722786
19 0.00628362 0.342996 0.0357222 0.0747375 0.0174963 0.495485 0.0272798
19 0.0124625 0.403071 0.0416387 0.05829 0.0200547 0.426634 0.0378484
11 0.0254699 0.552604 0.149473 0.0396381 0.0232008 0.0911091 0.118506
19 0.00510103 0.0744419 0.0415501 0.0232405 0.00312557 0.813136 0.039405
19 0.00364353 0.0500263 0.0334044 0.0541225 0.0043089 0.583907 0.270587
19 0.000460532 0.0219319 0.00274275 0.0299687 0.00159891 0.937842 0.00545482
11 0.00148287 0.593347 0.00780044 0.00467689 0.000773166 0.365385 0.0265344
13 0.0232763 0.138649 0.179442 0.0444383 0.247797 0.0118483 0.354548
5 0.258722 0.0353103 0.0572131 0.094076 0.393067 0.0134483 0.148163
5 0.178095 0.0764228 0.00981074 0.0899625 0.396921 0.00787537 0.240913
22 0.35632 0.051903 0.0297935 0.0753125 0.174474 0.013134 0.299064
13 0.0406475 0.0432773 0.0534157 0.0377035 0.284286 0.00609462 0.534575
13 0.00636436 0.0148947 0.00313304 0.0159367 0.0297629 0.00297411 0.926934
13 0.00561437 0.277982 0.00740199 0.0103481 0.00359845 0.0067629 0.688292
13 0.00552024 0.136499 0.00616176 0.0171603 0.00796693 0.00319511 0.823497
13 0.0315334 0.461277 0.00578748 0.00439218 0.0088919 0.00663358 0.481485
13 0.00472734 0.100281 0.0068633 0.00586175 0.00116143 0.000953946 0.880151
13 0.0457239 0.0111541 0.00460032 0.00310085 0.00773364 0.00134604 0.926341
13 0.0114664 0.0356743 0.0027581 0.00451156 0.00606601 0.00144066 0.938083
13 0.0220577 0.0227512 0.00668946 0.00437655 0.00289821 0.00130684 0.93992
13 0.0128553 0.363559 0.0182592 0.0164063 0.0152486 0.0962415 0.477431
13 0.0040438 0.103868 0.000722251 0.00208632 0.00369518 0.00196822 0.883617
13 0.0183515 0.0799153 0.0494548 0.24139 0.0459452 0.0305216 0.534422
5 0.326935 0.00356459 0.0140114 0.034998 0.613003 0.00285676 0.00463047
19 0.00137737 0.0173128 0.00281353 0.000331307 0.000657555 0.976125 0.00138239
