labels 22 11 4 0 5 19 13
4 0.0427425 0.0290742 0.755825 0.03305 0.0177106 0.106075 0.0155223
0 0.00614118 0.065387 0.00967515 0.542267 0.0046362 0.322046 0.0498473
22 0.621093 0.037171 0.00646264 0.0254266 0.274844 0.00478208 0.0302198
11 0.00450893 0.524338 0.0324044 0.118929 0.0153796 0.265707 0.0387334
13 0.00369683 0.036534 0.00144556 0.00653332 0.00290648 0.0386916 0.910192
22 0.977465 0.000448865 0.00245483 0.0050226 0.0126656 0.000800903 0.00114195
11 0.00234288 0.951263 0.00505047 0.00859569 0.00460125 0.0197049 0.00844206
4 0.108866 0.195348 0.562434 0.0281257 0.0915075 0.00992674 0.00379111
0 0.257162 0.000804046 0.0045883 0.680553 0.0550582 0.000592794 0.00124118
0 0.0105464 0.000570392 0.00596669 0.969448 0.0105006 0.000882005 0.00208582
19 0.00209921 0.442768 0.000868042 0.0106249 0.00173361 0.526427 0.0154793
13 0.0071248 0.0760164 0.00314503 0.00843033 0.00568004 0.014375 0.885228
22 0.969204 0.000650719 0.000372941 0.0120434 0.0164715 0.00103618 0.000221373
11 0.00516386 0.575055 0.00428096 0.026258 0.0420129 0.00535429 0.341875
0 0.0111522 0.0112669 0.205335 0.675909 0.0467276 0.00338559 0.0462237
0 0.145074 0.0428708 0.0397983 0.583241 0.0660933 0.0173254 0.105597
5 0.248757 0.00658252 0.00200534 0.0200751 0.685101 0.00354631 0.0339331
19 0.000587943 0.00982695 0.0123293 0.00774527 0.000626076 0.968731 0.000153726
13 0.0284652 0.357491 0.0224471 0.0650233 0.0200995 0.00558536 0.500889
22 0.993084 0.000431731 0.000840534 0.000393995 0.00458227 0.000476359 0.000191176
11 0.00543993 0.800053 0.152983 0.00263205 0.0137165 0.0168001 0.00837576
4 0.0166159 0.184169 0.719944 0.00656379 0.0110692 0.020173 0.0414651
5 0.0176361 0.0531542 0.00415977 0.303157 0.403582 0.00890908 0.209402
5 0.115173 0.00627751 0.026353 0.0166501 0.812328 0.00158112 0.0216374
19 0.000526938 0.0358623 0.00492498 0.00613301 0.000646504 0.951626 0.000280681
13 0.00459264 0.00492836 0.00396797 0.0035541 0.00475468 0.00250959 0.975693
22 0.778994 0.000191897 0.0001433 0.00929265 0.210434 0.000777784 0.000166406
11 0.0161712 0.801377 0.092687 0.0228425 0.015149 0.0281177 0.0236559
4 0.0312829 0.0191867 0.895089 0.0289061 0.0127906 0.00249815 0.0102461
0 0.00828076 0.0113365 0.0210365 0.843268 0.00648632 0.0917613 0.0178303
5 0.426078 0.010572 0.0178339 0.0623875 0.455435 0.00662909 0.0210646
19 0.00169208 0.0469447 0.0590286 0.0214653 0.00335597 0.861039 0.00647464
13 0.00231771 0.211476 0.00461724 0.015214 0.003785 0.104696 0.657895
22 0.7288 0.00248957 0.000781605 0.0771683 0.188043 0.000636895 0.00208042
11 0.00039235 0.741892 0.0027335 0.0027281 0.00187306 0.00815777 0.242223
4 0.0143482 0.34501 0.55392 0.0107944 0.0180757 0.00461741 0.0532341
0 0.188501 0.0013913 0.00164149 0.52336 0.257587 0.0010494 0.0264695
0 0.197705 0.0154487 0.0964675 0.572465 0.106702 0.00369568 0.00751573
19 0.00174438 0.0318369 0.0585495 0.0125344 0.00551919 0.888505 0.00131027
13 0.000763783 0.00981952 0.000557981 0.00193798 0.000956439 0.0015698 0.984394
22 0.980074 0.00017676 3.71528e-05 0.00093953 0.0167836 0.000466481 0.00152263
11 0.00318852 0.910625 0.067011 0.00269546 0.00314819 0.00740371 0.00592782
22 0.760369 0.00950675 0.0486711 0.00967277 0.14894 0.00236177 0.0204793
0 0.00181674 0.000609084 0.00270058 0.988915 0.00292328 0.00266493 0.000370497
5 0.245765 0.00233232 0.000721435 0.0283281 0.717485 0.00132905 0.00403963
19 0.000624463 0.0243184 0.0109564 0.00563994 0.00192282 0.955728 0.000809875
13 0.00170973 0.0443954 0.00244269 0.0289264 0.00122034 0.00991077 0.911395
5 0.237217 0.00150889 0.0225401 0.0477672 0.68856 0.00179639 0.000610053
11 0.000906695 0.678204 0.0148183 0.00223644 0.0016564 0.284527 0.0176519
4 0.00201944 0.00696979 0.938095 0.0077457 0.00282105 0.0411852 0.00116364
0 0.118697 0.0140964 0.016615 0.525728 0.24907 0.00780658 0.067987
5 0.397169 0.013015 0.0162733 0.0581303 0.453555 0.00358473 0.0582727
19 0.0060182 0.167286 0.0153976 0.243917 0.00833026 0.428015 0.131036
11 0.00258037 0.412629 0.00628904 0.0373974 0.00345661 0.351227 0.186421
22 0.83543 0.0107246 0.036444 0.0585132 0.03251 0.00875253 0.0176254
11 0.000849542 0.966379 0.0114741 0.00307707 0.000670903 0.013647 0.00390189
4 0.0165375 0.08406 0.59634 0.0808839 0.0133197 0.179272 0.0295864
0 0.0238832 0.000611288 0.000620562 0.942157 0.03145 0.000658832 0.000618931
0 0.0766873 0.0105757 0.0171165 0.360504 0.352905 0.00618958 0.176021
19 0.000571249 0.116989 0.0199945 0.0109271 0.00207792 0.843749 0.00569101
13 0.00916942 0.0235356 0.0742719 0.14563 0.0510254 0.00321977 0.693148
22 0.724035 0.00742483 0.0104284 0.137924 0.109709 0.0022467 0.00823215
11 0.00103269 0.798763 0.00325949 0.00383479 0.00283486 0.0211806 0.169095
4 0.0230637 0.134521 0.656046 0.0857461 0.0530933 0.0103902 0.0371399
0 0.0349215 0.0139461 0.00282079 0.753717 0.089998 0.00273775 0.101859
22 0.929437 0.000627211 0.00485269 0.0242688 0.039609 0.00101153 0.000194259
19 0.00277351 0.0126759 0.0404501 0.00237277 0.0059747 0.933702 0.00205094
11 0.00384314 0.496948 0.0186861 0.0199427 0.00861958 0.0105432 0.441418
22 0.515963 0.00329567 0.112414 0.332424 0.0251941 0.00688999 0.00381935
19 0.000859057 0.42611 0.00421541 0.0109275 0.00119572 0.541852 0.0148408
4 0.0677353 0.286448 0.549026 0.0191681 0.0574711 0.00711597 0.0130364
0 0.0404513 0.00815682 0.00566197 0.668476 0.260506 0.0026205 0.0141275
5 0.0225758 0.00590521 0.00835155 0.0750822 0.876885 0.00965397 0.00154649
11 0.00112082 0.731133 0.00907136 0.00761377 0.000909619 0.241926 0.00822459
13 0.00297077 0.0972875 0.00343602 0.00663945 0.00452526 0.00552472 0.879616
5 0.325238 0.00438599 0.049232 0.0224843 0.577719 0.0045249 0.0164164
11 0.000552636 0.9528 0.00267845 0.000822445 0.0012223 0.0362998 0.00562387
4 0.042758 0.0500556 0.844545 0.018777 0.011313 0.00581904 0.0267322
0 0.0230691 0.0625029 0.0442699 0.431535 0.0367954 0.0257699 0.376058
5 0.0754792 0.054403 0.0456475 0.221792 0.572124 0.00479438 0.0257596
19 0.00209295 0.0308972 0.0477587 0.00583607 0.0068727 0.904099 0.00244335
13 0.0142013 0.0505427 0.151901 0.033056 0.0132355 0.00520347 0.73186
22 0.931202 0.00273583 0.0105118 0.00472005 0.0444157 0.0016286 0.00478584
11 0.00304594 0.501933 0.00189002 0.00438144 0.00189163 0.40781 0.0790474
22 0.474701 0.00375178 0.340204 0.0175312 0.156849 0.005674 0.00128839
0 0.352614 0.000767308 0.011057 0.599716 0.0339766 0.00101557 0.000853881
0 0.169258 0.0354497 0.0523555 0.572189 0.114559 0.00659968 0.0495882
19 0.00380781 0.121647 0.0463627 0.0629542 0.00550737 0.736466 0.0232548
13 0.00861628 0.0524022 0.096344 0.0509521 0.075131 0.0025855 0.713969
22 0.780054 0.00022445 7.71359e-05 0.00318492 0.214953 0.000857384 0.000648513
11 0.00226282 0.589399 0.00126863 0.00314449 0.0015921 0.00687796 0.395455
4 0.00500324 0.210171 0.647561 0.0371594 0.00470448 0.0442735 0.0511275
0 0.0475428 0.00650303 0.0144302 0.805818 0.117845 0.0017022 0.00615842
22 0.769168 0.00307775 0.00262663 0.0155977 0.18611 0.00148178 0.0219381
4 0.00620412 0.306162 0.438656 0.0483189 0.0101589 0.175784 0.0147168
13 0.000484987 0.0228825 0.00081974 0.002815 0.000718379 0.0224184 0.949861
22 0.988743 0.000146165 0.000197945 0.00518113 0.00515327 0.000261088 0.00031708
11 0.00214154 0.720876 0.0085529 0.00195627 0.00422419 0.135026 0.127223
0 0.00620074 0.0470329 0.26672 0.523303 0.0153343 0.0843089 0.0571001
0 0.101727 0.00549424 0.00738733 0.746173 0.12643 0.00411265 0.0086761
5 0.016151 0.000850213 0.000719428 0.00247142 0.975631 0.00253659 0.00163995
19 0.00777417 0.287615 0.0802983 0.161524 0.0101557 0.393711 0.0589219
13 0.000801402 0.129259 0.00380969 0.0104155 0.00198747 0.0254584 0.828268
22 0.960495 0.000262073 0.000250779 0.0258169 0.0125981 0.000499622 7.79864e-05
11 0.00284028 0.504241 0.0210152 0.0197598 0.00937486 0.116764 0.326005
4 0.061184 0.0114589 0.618229 0.223695 0.0142392 0.0510964 0.0200975
0 0.0110515 0.00690015 0.430799 0.442629 0.0799174 0.0092035 0.0195003
