labels 22 11 4 0 5 19 13
22 0.908653 0.000333548 0.000931313 0.0155953 0.0726345 0.000670383 0.00118227
22 0.731669 0.00360299 0.0198326 0.160542 0.075538 0.00344609 0.00536891
22 0.90928 0.00122974 0.00776313 0.0284147 0.0515557 0.000552744 0.0012035
22 0.905938 0.00602618 0.00118399 0.00656862 0.0664524 0.00376707 0.0100639
22 0.934952 0.0015834 0.00207731 0.0307263 0.0205356 0.00346741 0.00665802
22 0.941642 0.000565357 0.000330942 0.00979968 0.0437231 0.000899631 0.00303884
22 0.915484 0.000522009 5.09704e-05 0.00832616 0.0741554 0.000412888 0.0010483
22 0.438293 0.0064286 0.0205652 0.0466794 0.426794 0.00511531 0.0561239
22 0.781816 0.00334178 0.00424083 0.0216494 0.156726 0.00328028 0.0289459
22 0.882024 0.0045887 0.00563125 0.0384398 0.0567769 0.00320379 0.00933533
22 0.94145 0.000593379 0.000434767 0.00441177 0.0498796 0.00088001 0.00235075
22 0.90671 0.00189415 0.00173435 0.0291458 0.0504515 0.00196619 0.00809759
22 0.898649 0.00361899 0.00182607 0.0333789 0.0528379 0.00189931 0.00778963
22 0.918668 0.000511463 0.00051818 0.00967551 0.0691809 0.000916013 0.000530249
5 0.424196 0.000943435 0.00192757 0.130206 0.439271 0.000392914 0.00306236
22 0.915859 7.50598e-05 0.000157556 0.0100965 0.0736995 8.02585e-05 3.2441e-05
22 0.906632 0.00166764 0.00185057 0.0134058 0.0746522 0.000986996 0.000805246
22 0.900549 6.15101e-05 5.63801e-05 0.0251994 0.0739836 9.87431e-05 5.09332e-05
22 0.836142 0.00043522 0.000475542 0.0236299 0.13728 0.000500631 0.00153676
22 0.921157 0.000154334 3.24687e-05 0.00340948 0.0749929 0.000188636 6.56256e-05
22 0.895359 0.000846807 0.00952901 0.0169376 0.074524 0.00138179 0.00142151
22 0.931966 0.000246038 0.000990828 0.0027293 0.0632613 0.000566737 0.000240025
22 0.805603 0.00232099 0.0109301 0.0146459 0.159882 0.00210955 0.00450822
22 0.897103 0.000724405 0.00574535 0.020648 0.0746095 0.000672809 0.000497126
22 0.964592 0.000416784 0.00497447 0.0115557 0.0171836 0.000793807 0.000484079
11 0.00349707 0.958605 0.00260107 0.00655771 0.00426866 0.00988904 0.0145813
11 0.000244934 0.94374 0.00162143 0.00106523 0.000254081 0.0405459 0.0125279
11 0.00130705 0.906847 0.0186431 0.00510391 0.00182454 0.0554645 0.0108099
11 0.00392238 0.537001 0.00856815 0.00781544 0.00341359 0.135418 0.303861
11 0.00297996 0.854043 0.0155731 0.00411654 0.0057481 0.0272736 0.0902657
11 0.00418476 0.817283 0.0151543 0.00523104 0.0326579 0.00605854 0.11943
11 0.00977548 0.840875 0.020103 0.00550534 0.0106287 0.0015957 0.111516
11 0.00192382 0.976979 0.0017974 0.000929098 0.0048227 0.00157222 0.0119761
11 0.00650689 0.8493 0.0715001 0.00479354 0.0136146 0.0119624 0.0423223
11 0.000186771 0.98587 0.00377729 0.000215663 0.000847493 0.00709705 0.00200584
11 0.00592912 0.908063 0.0418087 0.00605333 0.0102899 0.0180545 0.00980104
11 0.00333084 0.950282 0.027034 0.000735666 0.0081766 0.00756425 0.00287706
11 0.00166488 0.969956 0.0140925 0.000400422 0.00227249 0.00611438 0.00549894
11 0.0031223 0.877467 0.0750625 0.00419673 0.0107065 0.0198663 0.00957865
11 0.00127175 0.957684 0.0159715 0.00354823 0.00409654 0.00401764 0.0134108
11 0.00173089 0.858821 0.000617838 0.00142433 0.000571965 0.00105083 0.135783
4 0.00279254 0.185751 0.750551 0.0277458 0.0120213 0.0110924 0.0100458
4 0.0680156 0.00462344 0.865122 0.00584607 0.0499004 0.00166926 0.00482365
4 0.00869072 0.0147211 0.956852 0.00367119 0.0111891 0.00450475 0.000370932
4 0.100095 0.00315472 0.827662 0.00943861 0.0533284 0.000500006 0.00582097
4 0.00936964 0.00519591 0.966584 0.00346136 0.0120527 0.00293851 0.000398101
4 0.00832906 0.0131805 0.9575 0.00293775 0.0117747 0.00216601 0.00411213
4 0.0534204 0.000681381 0.899768 0.00766085 0.0364447 0.00172868 0.000295852
4 0.0717834 0.00842165 0.880595 0.0077835 0.0248188 0.00176519 0.00483239
4 0.00179329 0.00982298 0.975374 0.00157541 0.0023843 0.00725502 0.00179473
0 0.00810093 0.00103013 0.000862489 0.933039 0.0552457 0.000242992 0.00147906
0 0.0118282 0.00386428 0.0146446 0.908982 0.0542798 0.002403 0.0039982
0 0.0567882 0.0034369 0.00934892 0.877278 0.0421979 0.00205374 0.00889636
0 0.0429487 0.00311625 0.0210783 0.799091 0.127695 0.00313796 0.00293265
5 0.0793544 0.00444463 0.0240067 0.326332 0.531133 0.00164832 0.0330805
0 0.0420925 0.000982471 0.00322224 0.860416 0.0919846 0.000393525 0.000908357
0 0.0170613 0.00285694 0.00428961 0.914767 0.0564314 0.00267182 0.0019218
0 0.0233668 0.000831262 0.00651633 0.926607 0.0410046 0.000898805 0.000775213
0 0.0320923 0.00128386 0.0132901 0.903818 0.0436222 0.00431544 0.0015782
0 0.0211931 0.0014453 0.00966355 0.916915 0.0493317 0.00101369 0.000437392
0 0.00456221 0.00566084 0.00475127 0.923439 0.0550382 0.000600608 0.00594744
0 0.00067152 0.00291375 0.0174634 0.959675 0.0020749 0.0167322 0.00046874
0 0.00228557 0.00168654 0.0262558 0.961136 0.00193826 0.00589186 0.000806345
5 0.0701601 0.00653977 0.0145548 0.237814 0.619419 0.00655522 0.0449563
5 0.0410144 0.0097508 0.0137847 0.0593151 0.863653 0.0034477 0.0090339
5 0.0141776 0.00248532 0.00514656 0.0680779 0.89732 0.000750162 0.0120426
5 0.0401181 0.00578929 0.00485152 0.142344 0.760817 0.00530153 0.0407781
5 0.0180614 0.0037169 0.00678548 0.128496 0.834234 0.0043399 0.0043659
5 0.0251006 0.0129682 0.0290346 0.100495 0.81926 0.00442797 0.00871314
0 0.0164806 0.00196183 0.0041667 0.711455 0.26243 0.00190575 0.00159932
0 0.0476484 0.00306391 0.106734 0.448225 0.378387 0.0120437 0.00389778
5 0.02825 0.0051989 0.0174019 0.0549166 0.883637 0.00158304 0.00901275
5 0.028065 0.00479327 0.0234793 0.0596671 0.87124 0.000914937 0.0118406
5 0.0490223 0.00349281 0.00411599 0.0434621 0.887883 0.00139804 0.0106256
5 0.00396238 0.00448511 0.0015938 0.00678931 0.976061 0.00165792 0.0054501
5 0.0206595 0.00628669 0.0119535 0.0749636 0.697476 0.00142163 0.187239
5 0.0468657 0.00203249 0.000637822 0.0123832 0.934664 0.000956998 0.00245937
19 0.00302788 0.0260718 0.00109501 0.00813723 0.00171549 0.946784 0.0131688
11 0.00304822 0.495151 0.00321696 0.00717749 0.00352171 0.435405 0.0524788
19 0.00462968 0.0442043 0.0152816 0.00956097 0.00304141 0.909801 0.0134806
19 0.00418749 0.0878152 0.0274491 0.00976175 0.00547238 0.853539 0.0117747
19 0.000232695 0.00295524 0.00429546 0.00068952 0.000214818 0.991549 6.33304e-05
19 0.00343406 0.0248301 0.00471736 0.00334959 0.00161192 0.958526 0.00353119
19 0.00170122 0.160414 0.0159898 0.00282555 0.0041863 0.806103 0.00878053
19 0.00435679 0.0167164 0.0294108 0.0106263 0.00687937 0.928792 0.00321799
19 0.00073203 0.00406034 0.00624718 0.00136384 0.00204319 0.985412 0.000141839
19 0.00175987 0.00317861 0.0269508 0.00050728 0.00190318 0.965552 0.00014805
19 0.00050913 0.00538697 0.00761718 0.000678665 0.00145566 0.984183 0.000169054
19 0.00201822 0.0057527 0.0264754 0.00435104 0.00520682 0.955663 0.000532916
13 0.00255916 0.0044924 0.00303493 0.00893255 0.0103607 0.00309707 0.967523
13 0.00091224 0.00296948 0.00130042 0.0008745 0.00215862 0.00103153 0.990753
13 0.00126415 0.00200507 0.000438322 0.00129996 0.00541402 0.000435678 0.989143
13 0.00859947 0.0201552 0.0160853 0.0181826 0.0127237 0.0177408 0.906513
13 0.00041986 0.00313025 0.0003976 0.00197011 0.00111434 0.00293626 0.990032
13 0.00510981 0.0147154 0.00375353 0.00226567 0.00945068 0.00432096 0.960384
13 0.00371636 0.0299446 0.00980425 0.0100741 0.00878316 0.0125644 0.925113
13 0.00729478 0.00912134 0.00380576 0.00696712 0.0166959 0.00777942 0.948336
13 0.00571195 0.0184699 0.00368174 0.0100786 0.0132584 0.00474455 0.944055
13 0.0027096 0.015639 0.0121209 0.00417511 0.00351044 0.00327474 0.95857
13 0.00325238 0.0160963 0.0121774 0.014604 0.0140322 0.00322269 0.936615
13 0.00297711 0.0178466 0.00317074 0.00201413 0.0344242 0.00139861 0.938169
13 0.00366298 0.0150725 0.0182909 0.00917381 0.0228723 0.000930088 0.929997
13 0.00432384 0.00424706 0.0157762 0.0142196 0.0183797 0.00172619 0.941327
13 0.00589794 0.0271841 0.0147777 0.00580272 0.0111161 0.00767869 0.927543
22 0.904552 0.00260147 0.00298678 0.0123913 0.0743716 0.00166089 0.0014356
11 0.000162324 0.993391 0.000197464 0.000413078 0.000121149 0.000397923 0.00531747
4 0.00714081 0.00667328 0.717353 0.242053 0.00373882 0.0126605 0.0103805
22 0.981577 0.000183627 0.00170143 0.00212304 0.0124922 0.00024236 0.00168083
22 0.886667 0.00422081 0.0232945 0.0219551 0.0566284 0.00298498 0.00424924
22 0.976935 0.000325615 0.00244141 0.00702591 0.0119158 0.0005047 0.000851574
22 0.972941 0.000188547 0.0002715 0.00412925 0.0221434 0.000248522 7.82558e-05
22 0.977494 1.75522e-05 2.85776e-05 0.000677247 0.0216597 8.68203e-05 3.56392e-05
22 0.922355 6.55368e-05 2.43593e-05 0.00241575 0.0750105 7.77296e-05 5.13916e-05
22 0.514629 0.0547772 0.0371479 0.0484467 0.282638 0.00677793 0.0555829
22 0.902932 0.000290527 0.000110098 0.0202899 0.0719865 0.000197486 0.00419315
22 0.878439 0.00381686 0.018979 0.0447459 0.0441564 0.00413904 0.00572362
22 0.919734 0.00110319 0.00117291 0.00150406 0.0748409 0.00048618 0.00115886
22 0.954162 0.00192418 0.00835576 0.00630092 0.0258869 0.0012898 0.00207995
22 0.938332 0.00393334 0.0177 0.011216 0.0198942 0.00119451 0.00772998
22 0.950669 0.000141901 0.000533794 0.00365304 0.044678 0.000260376 6.41559e-05
22 0.868331 0.00495795 0.024467 0.0652821 0.0184662 0.00749914 0.0109964
22 0.957364 0.00349243 0.00296969 0.0226276 0.00336311 0.00400625 0.00617735
22 0.872646 0.00209428 0.0159676 0.0579852 0.037213 0.0102378 0.00385568
22 0.983528 3.99578e-05 6.96873e-05 0.00597682 0.0096777 0.00018021 0.000527779
22 0.882752 0.00312221 0.0175576 0.0374348 0.0492475 0.00628123 0.00360479
22 0.958356 0.00148948 0.00133507 0.0289718 0.00267709 0.00464529 0.00252522
22 0.978537 0.000192254 0.000557035 0.0060266 0.0138222 0.000690812 0.000173923
22 0.96227 0.000435737 0.0175832 0.00624434 0.0115338 0.00178654 0.000146734
22 0.829497 0.00198539 0.0106439 0.0383982 0.113329 0.00515152 0.00099521
22 0.916959 0.000334947 0.00033316 0.00939276 0.0719772 0.000684431 0.000318766
22 0.789791 0.000960582 0.00294648 0.0203396 0.184514 0.000489902 0.000958893
22 0.910265 0.00102599 0.0119895 0.00118742 0.0747584 0.000637706 0.000136001
11 0.00328101 0.911535 0.00363857 0.00499444 0.00237296 0.0287984 0.0453797
11 0.00229005 0.940808 0.00965495 0.000933022 0.00178807 0.0305638 0.0139622
11 0.000407412 0.977085 0.00198363 0.00163609 0.000492891 0.00635929 0.0120359
11 0.00271617 0.936775 0.00937459 0.00185679 0.000958674 0.0308268 0.0174923
11 0.00204084 0.952647 0.0102847 0.00313054 0.00198527 0.021455 0.00845628
11 0.00324172 0.909271 0.00797656 0.00518157 0.00269325 0.0218172 0.049819
11 0.00304509 0.869049 0.00863653 0.00849247 0.00645321 0.0238273 0.0804961
11 0.000430029 0.950911 0.00399284 0.000570789 0.000511617 0.03724 0.00634386
11 0.000695397 0.954075 0.00473164 0.000341038 0.000634327 0.0317989 0.00772322
11 0.000357562 0.957662 0.000612715 0.00139503 0.000915411 0.0239959 0.0150609
11 0.00543872 0.543649 0.0062444 0.0128951 0.00600711 0.401894 0.0238718
11 0.000463438 0.955845 0.00168472 0.000652972 0.000476007 0.0252844 0.0155931
11 0.00526492 0.816432 0.00639519 0.00573114 0.000874027 0.150949 0.0143533
11 0.000431686 0.945935 0.00219286 0.000431853 0.00051565 0.0415039 0.0089894
11 0.00437804 0.617311 0.125138 0.00607298 0.00431665 0.213115 0.0296681
11 0.00325336 0.897248 0.00778048 0.00420131 0.000381727 0.0713909 0.0157442
4 0.00600046 0.0256224 0.752057 0.0336046 0.0100112 0.00520192 0.167502
4 0.00528069 0.0319073 0.428397 0.365254 0.00631851 0.14414 0.0187034
4 0.011281 0.370124 0.501797 0.00530276 0.00570692 0.0354922 0.0702957
4 0.0104968 0.0089494 0.95214 0.00868324 0.00433252 0.0131606 0.00223744
4 0.00518762 0.00479834 0.541913 0.41944 0.0148598 0.00139735 0.0124042
4 0.00673545 0.00543268 0.95046 0.0185639 0.00697499 0.00635487 0.00547847
4 0.000479642 0.0107279 0.969185 0.00459819 0.0119811 0.00220282 0.000825666
4 0.000627876 0.0017371 0.979879 0.003312 0.000768505 0.0134833 0.000192173
4 0.00665989 0.00428931 0.794359 0.158998 0.0121185 0.0206125 0.002963
0 0.0188749 0.00408823 0.0187215 0.878913 0.0760008 0.00114094 0.00226013
0 0.000283556 0.000293604 0.0089708 0.984442 0.000331804 0.00557241 0.000106201
0 0.000603449 0.000933834 0.0024162 0.98176 0.00150431 0.00893648 0.00384527
0 0.00523061 0.00290381 0.00943041 0.964553 0.0123765 0.00499381 0.000512183
0 0.016254 0.00107984 0.00806778 0.945991 0.0239211 0.00243464 0.00225152
0 0.000848835 0.00946737 0.00425632 0.916932 0.000563132 0.0585596 0.00937228
0 0.00696336 0.00275314 0.00585199 0.962845 0.0049399 0.0105045 0.00614243
0 0.00249304 0.015772 0.00325157 0.876363 0.00218894 0.0822626 0.0176689
0 0.00791087 0.0108771 0.00337491 0.833352 0.122923 0.00170074 0.0198615
0 0.144111 0.0211369 0.0276914 0.696024 0.0508821 0.0141836 0.0459714
0 0.00695895 0.00103011 0.00235293 0.930662 0.0543014 0.00037872 0.00431573
0 0.0132244 0.0155684 0.0206813 0.820683 0.0228981 0.00475972 0.102185
0 0.0411593 0.0085141 0.00915594 0.838105 0.0677506 0.00965572 0.0256597
5 0.0252907 8.55436e-05 4.36595e-05 0.0026401 0.970742 0.000266524 0.000931133
5 0.0400063 0.0069561 0.0198605 0.00462629 0.922511 0.00246681 0.00357286
5 0.0260462 0.000615442 0.000669427 0.0140085 0.956954 0.000464432 0.00124219
5 0.0471114 0.000135127 0.000309626 0.003354 0.947734 0.000291999 0.0010642
5 0.0587783 0.00324155 0.00106774 0.0236742 0.911118 0.00107794 0.00104278
5 0.126635 0.000341934 0.000367379 0.0275784 0.8443 0.000293075 0.000483578
5 0.0928718 3.91891e-05 0.000244859 0.00698344 0.89957 0.000245999 4.48322e-05
5 0.0866218 0.00166422 0.00896335 0.0308596 0.868827 0.00205349 0.00101034
5 0.1125 0.00114956 0.0197712 0.158232 0.70283 0.000973927 0.00454314
5 0.015625 0.00132106 0.00283029 0.0639194 0.905872 0.00056568 0.00986697
5 0.0594275 0.00568215 0.00971678 0.0406113 0.86425 0.0045958 0.0157165
5 0.119536 0.000830876 0.000673234 0.039744 0.830192 0.00090484 0.00811912
5 0.368029 0.00377379 0.00130295 0.0431532 0.558415 0.0020678 0.0232581
5 0.040408 0.0265489 0.0283476 0.0681418 0.746547 0.0061027 0.0839037
19 0.000533124 0.000104787 0.00824302 5.69003e-05 0.000844683 0.990189 2.864e-05
19 0.00260819 0.00169851 0.0273585 0.000544091 0.00241209 0.965102 0.000276928
19 0.00143221 0.000629497 0.0117362 0.00082843 0.00678316 0.978103 0.000487032
19 0.000992887 0.0143636 0.0279432 0.00110166 0.00389518 0.951392 0.000311414
19 0.00412443 0.0264349 0.0107206 0.0134015 0.00854811 0.926376 0.0103944
19 0.00361416 0.0890561 0.0136704 0.0158894 0.0069216 0.862091 0.00875704
19 0.00336432 0.229663 0.0117817 0.0106301 0.00599302 0.730157 0.00841143
19 0.00699677 0.116828 0.0176633 0.0115542 0.00718813 0.812022 0.0277481
19 0.00496872 0.0178214 0.0110839 0.0179276 0.00224986 0.934169 0.01178
19 0.0047224 0.0192751 0.0101633 0.0210707 0.00559327 0.91589 0.023285
19 0.0013128 0.0262086 0.00535073 0.017753 0.0018726 0.939255 0.00824734
19 0.00383356 0.136098 0.0087173 0.00914861 0.00307961 0.827833 0.0112893
13 0.00305993 0.0379704 0.0179259 0.00770835 0.0244122 0.00470813 0.904215
13 0.0304254 0.00534235 0.0157205 0.0154752 0.0279223 0.00470483 0.900409
13 0.0268504 0.0133024 0.00822933 0.014762 0.0987657 0.00177523 0.836315
13 0.0122964 0.00827177 0.0102951 0.00840624 0.0515976 0.00404377 0.905089
13 0.00696097 0.0110377 0.0112637 0.00921973 0.0317301 0.00356765 0.92622
13 0.00408823 0.00691857 0.00420502 0.00707114 0.017316 0.00149447 0.958907
13 0.00615478 0.0441459 0.00933641 0.00483343 0.00343321 0.00640591 0.92569
13 0.00443071 0.0102546 0.00956782 0.0137915 0.00792039 0.00336143 0.950674
13 0.008804 0.0478988 0.00424393 0.0022806 0.00466604 0.00996081 0.922146
13 0.00136384 0.0155448 0.00343345 0.00380066 0.000855966 0.00355919 0.971442
13 0.00681001 0.00248753 0.00228408 0.00141893 0.00141994 0.00135188 0.984228
13 0.00764895 0.00764788 0.00544486 0.00463208 0.00673371 0.00369599 0.964197
13 0.0116469 0.0163933 0.012073 0.00446012 0.00301611 0.00410117 0.948309
13 0.00274587 0.131112 0.01124 0.00479637 0.00305784 0.0209464 0.826102
13 0.00180712 0.0112181 0.0017439 0.00255304 0.00557162 0.0045941 0.972512
0 0.0126664 0.0285984 0.0277776 0.69586 0.0259802 0.0197668 0.189351
5 0.165783 0.00342642 0.00525373 0.0365858 0.781656 0.00326975 0.00402542
19 0.00206846 0.023751 0.00639728 0.000613095 0.000768241 0.963699 0.00270259
22 0.885033 0.0012266 0.00265788 0.00408798 0.105376 0.000930484 0.000688113
22 0.908011 0.00419789 0.0292698 0.0329576 0.0131877 0.00515097 0.00722497
22 0.741231 0.00033616 0.000118102 0.00461462 0.25204 0.000816082 0.000844486
22 0.733955 0.000509249 0.00157521 0.0231336 0.238234 0.00119841 0.00139432
22 0.732512 0.0011373 0.00161337 0.00963193 0.251041 0.000684875 0.0033796
22 0.87599 0.00255852 0.0154414 0.0360989 0.0574273 0.00341283 0.009071
22 0.829486 0.00433517 0.0538916 0.0098952 0.0937218 0.00422357 0.00444671
22 0.552419 0.00488809 0.00861476 0.00652467 0.418234 0.00335294 0.00596678
22 0.905824 0.00161197 0.00143921 0.0126966 0.0739714 0.00190438 0.00255287
22 0.958442 0.0012099 0.00397176 0.0072036 0.0279765 0.000592613 0.000603346
22 0.949293 0.00211556 0.00145115 0.0295806 0.0138749 0.00100611 0.00267903
22 0.918445 0.000321775 0.000100166 0.00237681 0.0748659 0.000112081 0.00377857
22 0.98249 9.67468e-05 5.48328e-05 0.00863689 0.00854897 5.7908e-05 0.000114973
22 0.985055 0.000335889 0.000120097 0.001546 0.0123675 0.000242884 0.000332258
22 0.84289 0.00956544 0.00372957 0.0336682 0.0650495 0.00279139 0.042306
22 0.975964 0.000422749 0.000111542 0.00572337 0.0170325 0.000136175 0.000609995
22 0.973568 0.000817216 0.000422886 0.00806749 0.0155125 0.000867712 0.000744014
22 0.941793 0.000104069 3.62845e-05 0.0034981 0.0542952 0.000162501 0.000111363
22 0.898996 0.000731826 0.000855281 0.0368873 0.0599673 0.00121398 0.00134785
22 0.863416 0.00178006 0.00338273 0.0657259 0.0595015 0.000701674 0.00549203
22 0.920917 0.00141884 0.00983667 0.00930325 0.0575841 0.000698986 0.000240691
22 0.57829 0.00433677 0.00701861 0.0483675 0.359209 0.00166019 0.00111768
22 0.893523 0.00360716 0.0119237 0.0141254 0.0736521 0.00131087 0.00185791
22 0.865313 0.000555901 0.00100644 0.0366645 0.0951536 0.000254134 0.00105258
22 0.890588 0.00435195 0.0142267 0.0312265 0.0359539 0.00173668 0.0219158
11 0.000699437 0.858737 0.00816036 0.00274536 0.00081524 0.116236 0.0126073
11 0.000230991 0.853343 0.00128733 0.00442864 0.000152026 0.133254 0.00730353
11 0.000563862 0.942875 0.00882058 0.00190575 0.00148614 0.00451456 0.0398344
11 0.008004 0.922162 0.0148343 0.00767032 0.0075963 0.010527 0.0292062
11 0.00958109 0.905196 0.0383736 0.00768807 0.0129199 0.00322093 0.0230201
11 0.00835444 0.95161 0.0191472 0.00189605 0.00714965 0.000980933 0.0108617
11 0.00610158 0.945949 0.0152041 0.00452668 0.00802937 0.0055496 0.0146397
11 0.000842625 0.927448 0.0174017 0.0109152 0.00108916 0.0328193 0.00948427
11 0.00105153 0.946238 0.0181781 0.00306745 0.00133059 0.0248835 0.00525079
11 0.0036658 0.937851 0.0134386 0.0130981 0.00873367 0.0086678 0.0145456
11 0.00186735 0.929258 0.00919644 0.00844125 0.00256661 0.0410308 0.00763939
11 0.00113936 0.944317 0.0181637 0.00342409 0.0032404 0.0250968 0.0046185
11 0.00484142 0.929773 0.0109136 0.00718356 0.0200538 0.0117368 0.0154975
11 0.00462786 0.906824 0.018254 0.00618299 0.0074834 0.0411087 0.0155194
11 0.000989964 0.938818 0.00721756 0.000478451 0.00159545 0.0336738 0.0172265
11 0.000545724 0.943757 0.0146906 0.0019685 0.00166097 0.0276046 0.00977244
4 0.000933616 0.00975345 0.966938 0.00298776 0.00180316 0.0148722 0.00271142
4 0.00275578 0.0270407 0.931205 0.0112715 0.0109504 0.00363571 0.0131405
4 0.0047653 0.00788214 0.930163 0.0173236 0.037767 0.00146339 0.000635474
4 0.000675251 0.0112519 0.96439 0.00486127 0.00351016 0.014397 0.000914821
4 0.00388372 0.0232342 0.910939 0.0242054 0.0154008 0.00475338 0.0175838
4 0.00550528 0.00772786 0.936714 0.0222489 0.014894 0.00203963 0.0108699
4 0.000960676 0.0107776 0.969412 0.00198311 0.00269517 0.0101171 0.00405398
4 0.00123376 0.0384228 0.927376 0.00701888 0.00151752 0.0130299 0.011401
4 0.00536172 0.01709 0.952708 0.00699561 0.00900219 0.00237901 0.00646387
0 0.00128478 0.00778908 0.0123946 0.866893 0.00253696 0.107085 0.00201707
0 0.00234219 0.00819766 0.00997267 0.909889 0.00293883 0.0632134 0.00344637
0 0.0118791 0.000338279 9.37097e-05 0.979806 0.00312344 0.000109706 0.00464957
0 0.0158538 0.0066321 0.0178728 0.928041 0.0143923 0.00705295 0.0101548
0 0.0150903 0.000702693 0.000140452 0.970042 0.00995265 0.000405732 0.00366582
0 0.00375542 0.000335049 0.000726081 0.986767 0.00459201 0.00164415 0.00217998
0 0.00739236 0.00198723 0.00550454 0.664014 0.312778 0.00234108 0.00598196
0 0.0410807 0.000509512 0.00119216 0.913376 0.0400433 0.000278524 0.00351924
0 0.0215504 0.00118246 0.0042475 0.929199 0.0418364 0.000416655 0.0015671
0 0.00163594 0.00823948 0.0177938 0.929425 0.0111485 0.00690649 0.0248512
0 0.00119638 0.00104289 0.00281959 0.984248 0.00886566 0.000282154 0.00154511
0 0.0121277 0.0129712 0.0484932 0.8474 0.0315524 0.0352677 0.0121877
0 0.0130879 0.00174467 0.0218173 0.905981 0.0534293 0.000811015 0.00312839
5 0.175166 0.00189629 0.0033061 0.0283816 0.788095 0.0015436 0.00161183
5 0.143615 0.00519215 0.0117373 0.122887 0.699202 0.0065798 0.010786
5 0.0590864 0.000799108 0.0022624 0.0609527 0.867222 0.00469363 0.00498362
5 0.386439 0.00440813 0.00711244 0.0198244 0.558464 0.004032 0.0197199
5 0.338827 0.0125008 0.0110133 0.151888 0.392498 0.00940789 0.0838645
22 0.549655 0.00919336 0.00513234 0.0376474 0.298803 0.00390626 0.0956626
5 0.0537699 0.00233458 0.00225403 0.00375104 0.926737 0.00127384 0.00987966
5 0.00925477 4.15151e-05 2.68282e-05 0.000919385 0.989653 6.07876e-05 4.3725e-05
5 0.0898622 0.0137197 0.0162811 0.0273213 0.845741 0.00239326 0.00468134
5 0.0481226 0.000470358 0.000576525 0.0190321 0.931094 0.000240523 0.000463438
5 0.0346585 0.0014555 0.00058538 0.0990603 0.862466 0.000466465 0.00130819
5 0.0114403 0.00203355 0.00113064 0.0321189 0.951223 0.00145071 0.000602789
5 0.048606 0.0117605 0.0204509 0.0361578 0.874425 0.00392898 0.00467108
5 0.0472657 0.000173561 0.000564379 0.0015419 0.950029 0.000379376 4.57605e-05
19 0.00377028 0.0381564 0.0102275 0.0105719 0.00372617 0.907991 0.0255563
19 0.00318733 0.303095 0.0204788 0.00613326 0.00410302 0.606002 0.0570007
19 0.000370286 0.0220305 0.0054421 0.000276855 0.000113298 0.971636 0.000130477
19 0.000413529 0.01028 0.00286603 0.0011894 0.000313869 0.984596 0.00034144
19 0.000297709 0.0247442 0.00303474 0.00117691 0.000288868 0.969959 0.000498251
19 0.00424786 0.0245566 0.0278238 0.00999843 0.00216521 0.927248 0.00396001
19 0.00397752 0.0304877 0.0393279 0.0115871 0.00660734 0.900658 0.00735499
19 0.00265045 0.00639998 0.0147728 0.00362336 0.00390912 0.966849 0.0017955
19 0.00298389 0.00567116 0.0278854 0.00124776 0.00476411 0.955644 0.00180387
19 0.00157253 0.0248143 0.0150104 0.0185594 0.00382488 0.934328 0.00189063
19 0.000690886 0.0247348 0.00353574 0.00768356 0.00325985 0.958234 0.00186143
19 0.0042448 0.00336385 0.0204837 0.0265189 0.00557583 0.938394 0.00141889
13 0.00875764 0.261608 0.0151499 0.0443877 0.00912462 0.20474 0.456233
13 0.00115014 0.0328975 0.017682 0.00490472 0.00452155 0.0130793 0.925765
13 0.00078791 0.174826 0.000951947 0.0135762 0.000362961 0.0325157 0.77698
13 0.00682821 0.0363508 0.00251118 0.0147776 0.00306982 0.0121659 0.924296
13 0.00111527 0.015599 0.000502868 0.00175233 0.000584195 0.011739 0.968707
13 0.00111189 0.00603361 0.000580884 0.00360807 0.000526879 0.002794 0.985345
13 0.000279544 0.0222858 0.000611487 0.00280939 0.000351496 0.0113292 0.962333
13 0.00922816 0.0185421 0.00773281 0.0118412 0.00841562 0.0135374 0.930703
13 0.00324065 0.00547182 0.00207564 0.0277537 0.00550103 0.00749433 0.948463
13 0.00858542 0.00162794 0.000181669 0.000619467 0.00126962 0.000628654 0.987087
13 0.0046155 0.0144887 0.00272942 0.0048635 0.00152113 0.00950987 0.962272
13 0.00149555 0.00833952 0.000815719 0.0018194 0.000455131 0.00212129 0.984953
13 0.000253507 0.00286042 0.000486758 0.000875573 0.000444004 0.0032298 0.99185
13 0.013661 0.0145052 0.0124344 0.0141998 0.0130792 0.00190401 0.930216
13 0.00701986 0.0135968 0.0073822 0.0431074 0.014609 0.00101964 0.913265
13 0.0257032 0.0450006 0.0159308 0.0151788 0.0101185 0.0022986 0.88577
22 0.853787 0.000126412 0.00040744 0.00654281 0.138834 0.000244438 5.76902e-05
0 0.0101402 0.00550044 0.120413 0.81 0.0408641 0.00513276 0.00794924
22 0.869441 0.00426848 0.00907142 0.0406884 0.067622 0.00181305 0.0070953
22 0.93641 0.00123673 0.0103617 0.0260462 0.0215878 0.000893802 0.00346409
22 0.875488 0.00399056 0.0132429 0.0311868 0.0698756 0.00161678 0.00459977
22 0.934981 0.00061586 0.00530208 0.0312175 0.0252456 0.00122384 0.00141411
22 0.549625 0.00762931 0.0480471 0.131378 0.203576 0.00535321 0.0543914
22 0.898847 0.000723874 0.00110005 0.0301083 0.0612909 0.00122406 0.00670561
22 0.909011 0.00102052 0.00195795 0.00906219 0.0742448 0.000899118 0.0038044
22 0.89158 0.000942961 0.00531468 0.0362171 0.0625704 0.00122998 0.00214448
22 0.946394 0.00182375 0.00487691 0.0110062 0.0278432 0.000756015 0.0072994
22 0.73424 0.00301938 0.0201954 0.19128 0.0429368 0.0038334 0.00449416
22 0.879647 0.00259985 0.0147331 0.0294872 0.069611 0.00144019 0.00248153
22 0.922562 0.000172941 0.000361374 0.0016978 0.0749303 0.000221463 5.36961e-05
22 0.874162 0.00228803 0.000643561 0.00937151 0.112682 0.000637545 0.000215387
22 0.921368 0.000164401 0.000188916 0.00980499 0.0681617 0.000285951 2.61829e-05
22 0.920259 0.000421028 9.08505e-05 0.00413152 0.0746509 0.000384478 6.24046e-05
22 0.95379 5.11316e-05 0.000276941 0.00405761 0.0416198 0.000179859 2.48673e-05
22 0.93443 0.000287468 0.00207246 0.0259801 0.0365618 0.000557489 0.000110475
22 0.560583 0.000476681 0.00067181 0.0443651 0.392642 0.000781378 0.000479977
22 0.842773 0.0072501 0.0279627 0.0400363 0.0684503 0.00317001 0.0103577
22 0.915817 0.000343971 0.000497245 0.00984899 0.0727795 0.000545308 0.000167942
22 0.949556 3.55362e-05 1.77575e-05 0.00249576 0.0477756 0.000111557 7.62721e-06
22 0.664056 0.00118913 0.000982924 0.0170418 0.314639 0.00182366 0.000267149
22 0.976839 0.000260739 8.81216e-05 0.00387209 0.0184524 0.000453825 3.41806e-05
22 0.96927 0.000554864 0.000192793 0.0112329 0.0180115 0.000664081 7.37767e-05
22 0.974441 0.000197457 0.000374922 0.0118953 0.0128415 0.000228053 2.17282e-05
11 0.00188468 0.771724 0.00517154 0.00539643 0.00165051 0.175404 0.0387688
11 0.000495466 0.834757 0.00230123 0.00602141 0.000798016 0.124171 0.0314553
11 0.00519965 0.958151 0.0122002 0.00263443 0.00575715 0.00113713 0.0149209
11 0.00524949 0.933154 0.0393567 0.00614637 0.00922937 0.00399369 0.00286991
11 0.00264132 0.95958 0.0143056 0.00599078 0.00246808 0.00269867 0.0123159
11 0.000524704 0.977775 0.00137149 0.000627873 0.000478689 0.0157241 0.0034985
11 0.00457119 0.952037 0.0194164 0.00199413 0.00312397 0.00868937 0.0101684
11 0.00518288 0.763459 0.0858979 0.101605 0.00659932 0.0211342 0.0161213
11 0.000414496 0.948062 0.00435136 0.000720188 0.00048103 0.0394354 0.00653573
11 0.000987094 0.953664 0.0191698 0.00271642 0.000586326 0.018799 0.0040776
11 0.00232527 0.947026 0.019792 0.00483228 0.0023076 0.0128604 0.0108567
11 0.004891 0.954895 0.0189348 0.0018488 0.00638514 0.00542348 0.00762182
11 0.00130238 0.961884 0.0247742 0.00405531 0.000822626 0.0050149 0.00214682
11 0.00680336 0.942318 0.0195412 0.00726116 0.00751831 0.00350394 0.0130542
11 0.0025378 0.946945 0.0197475 0.00452803 0.00801366 0.0143469 0.00388123
11 0.000639919 0.971683 0.018101 0.000308518 0.000778585 0.00685052 0.00163897
4 0.0211728 0.0381012 0.891859 0.00914609 0.0296004 0.00334097 0.00677998
4 0.0106962 0.0147123 0.940426 0.00551589 0.00941235 0.00408372 0.0151539
4 0.00112255 0.00221224 0.991354 0.000867265 0.00116087 0.00292839 0.000354691
4 0.00135341 0.0249662 0.958436 0.0028933 0.00299751 0.00343326 0.00592056
4 0.00575808 0.0101458 0.949638 0.0132269 0.0126545 0.00647149 0.00210474
4 0.00870243 0.0107719 0.961421 0.00408741 0.00533137 0.00280846 0.00687704
4 0.00324583 0.0100426 0.97054 0.000870827 0.00149098 0.00720024 0.00660922
4 0.000778489 0.0103112 0.978866 0.000158568 0.00225386 0.00712793 0.000504149
4 0.00891539 0.0115486 0.94777 0.0114335 0.0106591 0.00246631 0.00720751
0 0.0129604 0.00491103 0.0100015 0.908007 0.0519728 0.00404123 0.00810577
0 0.0131649 0.0012276 0.0006871 0.924904 0.0547166 0.00032392 0.00497637
0 0.0316917 0.00157572 0.00513606 0.908571 0.0423893 0.0011802 0.00945581
0 0.423136 0.00273898 0.0073509 0.511908 0.0381639 0.00201737 0.0146855
0 0.00205879 0.00105093 0.00484191 0.970985 0.00112507 0.0172548 0.00268312
0 0.0188133 0.00267523 0.0138628 0.808931 0.098996 0.00393589 0.0527854
0 0.0357471 0.00676413 0.0228292 0.800293 0.117289 0.00434384 0.0127335
0 0.00430632 0.000136727 0.000727067 0.955414 0.0393164 4.8027e-05 5.14791e-05
0 0.218961 0.000909323 0.00558011 0.614438 0.158356 0.000605943 0.00115023
0 0.06295 0.000444182 0.011334 0.889875 0.0344838 0.00056122 0.000352169
22 0.553489 0.000923088 0.0033998 0.186038 0.254502 0.00108513 0.000563435
0 0.150119 0.00946896 0.0158122 0.655735 0.165546 0.00136512 0.00195367
0 0.0192709 0.00205855 0.00125464 0.924374 0.0525704 0.000235405 0.000235818
5 0.0674154 0.000966298 0.00580072 0.0275636 0.895611 0.000409377 0.00223397
5 0.0344363 0.00384343 0.0035204 0.118139 0.829472 0.00217103 0.00841793
0 0.214493 0.0295824 0.0678233 0.431126 0.179561 0.00826418 0.06915
5 0.0567859 0.000731469 0.00166223 0.0207069 0.919084 0.000664948 0.000364682
5 0.106899 0.000769911 0.000208768 0.00829748 0.882824 0.000851275 0.000149462
22 0.585458 0.00106753 0.00563123 0.0300156 0.375265 0.00211759 0.000444353
5 0.0491536 0.00668424 0.00190042 0.0209115 0.916913 0.00260567 0.00183191
5 0.0357597 0.000437725 0.00017864 0.00405465 0.958263 0.000970355 0.00033638
5 0.0220557 0.00852091 0.0112781 0.0414899 0.910716 0.00539534 0.000543927
5 0.243301 0.000737439 0.000749424 0.0290219 0.724642 0.00126784 0.000280721
5 0.233421 0.000328993 0.00132701 0.0104699 0.753362 0.000948859 0.000142483
5 0.358619 0.00119698 0.00627186 0.0211658 0.610916 0.00130886 0.000521567
22 0.568348 0.00134204 0.00685251 0.0300286 0.391283 0.00177327 0.000372737
5 0.286131 0.000817121 0.00108487 0.0243547 0.685325 0.00203927 0.000247174
19 0.004583 0.0269463 0.0144038 0.0182387 0.00528634 0.922768 0.00777395
19 0.00198328 0.00187041 0.0117462 0.00734128 0.0017388 0.974917 0.000403398
19 0.00428292 0.0843362 0.0184554 0.0127569 0.00529616 0.862205 0.0126672
19 0.00414714 0.0135529 0.0291963 0.01269 0.00552979 0.93371 0.00117359
19 0.00413505 0.019568 0.029423 0.00794965 0.00510849 0.932628 0.00118793
19 0.00402281 0.0212982 0.0293031 0.00836741 0.0047678 0.931147 0.00109337
19 0.000331946 5.46303e-05 0.000629236 9.80908e-05 6.58399e-05 0.998814 6.74633e-06
19 0.000492146 0.00494767 0.00424329 0.00281418 0.000396879 0.987002 0.000103381
19 0.000424111 0.00337679 0.0143109 0.00233723 0.000289625 0.979216 4.50017e-05
19 0.00423842 0.00832258 0.0280235 0.00504794 0.0043993 0.949419 0.000549394
19 0.00331656 0.096806 0.128303 0.012291 0.00517755 0.749302 0.00480424
19 0.00088219 0.024823 0.00509891 0.00436382 0.00236862 0.961571 0.000892683
13 0.000211797 0.0156474 0.00300996 0.0032691 0.00466505 0.0043214 0.968875
13 0.00213866 0.0104097 0.00726222 0.0120427 0.000671792 0.0205523 0.946923
13 0.00070806 0.00980659 0.00720361 0.0129152 0.000537754 0.0131582 0.955671
13 0.00056785 0.0047666 0.000661197 0.0114583 0.000373386 0.00898479 0.973188
13 0.00310571 0.0224051 0.00150735 0.00542223 0.00168515 0.0181957 0.947679
13 0.00153554 0.00343271 0.00200072 0.0121747 0.00048909 0.0108928 0.969474
13 0.00590149 0.00724939 0.00471093 0.0495066 0.00858475 0.00669038 0.917356
13 0.00103718 0.00226698 0.00100226 0.00205248 0.000354688 0.00429256 0.988994
13 0.00203535 0.0160279 0.00196043 0.00628181 0.00136692 0.0124578 0.95987
13 0.00279594 0.0365048 0.00590722 0.0139704 0.00381349 0.0403725 0.896636
13 0.000318886 0.0330732 0.00277867 0.00554944 0.000373495 0.019926 0.93798
13 0.000295158 0.0194261 0.00356688 0.00701358 0.000503568 0.010125 0.95907
13 0.0327479 0.00514824 0.01374 0.0200829 0.0279789 0.000707511 0.899595
13 0.00649712 0.0232268 0.0262526 0.00374567 0.00993601 0.000914864 0.929427
13 0.0116004 0.0206277 0.0111166 0.0135842 0.0229425 0.0021362 0.917992
13 0.00298611 0.0209587 0.0114753 0.00850766 0.0029325 0.00635367 0.946786
0 0.0288699 0.00272462 0.0378232 0.89126 0.0369158 0.00133171 0.0010748
13 0.0127815 0.285528 0.140438 0.00979838 0.0129503 0.00895218 0.529552
