labels 22 11 4 0 5 19 13
22 0.925926 0.000671641 0.00478752 0.00640621 0.0589494 0.000795708 0.00246322
22 0.906795 0.00284114 0.00738914 0.0196254 0.0576648 0.00221424 0.00346988
22 0.948254 0.00138033 0.00615763 0.00873716 0.031539 0.000939085 0.00299283
22 0.953022 0.00514845 0.00133363 0.00244813 0.0275366 0.00214171 0.00836958
22 0.94035 0.00321979 0.00340837 0.0150441 0.0295965 0.0027034 0.00567819
22 0.962514 0.000644595 0.000407885 0.00225646 0.0320609 0.000478347 0.00163823
22 0.928391 0.000584172 4.7112e-05 0.00243447 0.0663312 0.00046336 0.00174831
22 0.726617 0.00281426 0.00759547 0.00610294 0.244111 0.00192877 0.0108302
22 0.905362 0.00273526 0.0021293 0.00976065 0.0634036 0.00201007 0.0145991
22 0.925779 0.00341713 0.00452769 0.0170791 0.0366698 0.00236211 0.0101656
22 0.961285 0.00124557 0.00127756 0.00245573 0.027592 0.000925309 0.0052189
22 0.908457 0.0026039 0.00298729 0.0126753 0.0643512 0.0021675 0.00675728
22 0.909289 0.00270835 0.0018885 0.0159171 0.0616138 0.00148664 0.00709615
22 0.942821 0.000440868 0.000558506 0.00232756 0.052747 0.000540699 0.000563968
22 0.911757 0.00125891 0.00397083 0.0171572 0.0613778 0.000813417 0.00366465
22 0.954803 0.000406846 0.000664891 0.00588846 0.036783 0.00124313 0.000210456
22 0.931067 0.00117492 0.00291667 0.000861672 0.0626431 0.000945252 0.000391245
22 0.919198 0.000673045 0.000262829 0.0142926 0.0640364 0.00107187 0.000465551
22 0.918185 0.000474894 0.000518905 0.016396 0.0623843 0.000562228 0.00147886
22 0.929648 0.000383397 8.34854e-05 0.0024581 0.0663348 0.000741963 0.00035053
22 0.911948 0.00233693 0.00460689 0.00947586 0.0658391 0.00229151 0.00350216
22 0.929915 0.000346477 0.000958144 0.00106004 0.0664422 0.000921611 0.000356792
22 0.911439 0.00268889 0.00594749 0.00709948 0.0658523 0.00217673 0.00479588
22 0.913847 0.00109946 0.00534301 0.0104866 0.065569 0.00120939 0.00244513
22 0.977439 0.000720674 0.00487503 0.00182284 0.0124084 0.00107741 0.00165658
11 0.00215257 0.96768 0.00178035 0.0068356 0.0035821 0.0110252 0.00694405
11 0.000501416 0.940374 0.00159846 0.00153687 0.000304742 0.044845 0.0108396
11 0.000684742 0.941111 0.0131068 0.00245773 0.00125424 0.0374339 0.00395116
11 0.00184881 0.939683 0.00546528 0.00496807 0.00110516 0.0349922 0.0119373
11 0.00150817 0.951071 0.00790104 0.00442049 0.00348257 0.0228984 0.00871783
11 0.00282288 0.962425 0.00514269 0.00516434 0.00700104 0.0101852 0.00725911
11 0.00432087 0.967322 0.00578126 0.00362448 0.00590289 0.00614078 0.00690744
11 0.00200394 0.972158 0.00246023 0.00284908 0.00540033 0.0116704 0.00345848
11 0.0034672 0.956846 0.00869014 0.00519476 0.00577147 0.0118332 0.00819704
11 0.000640005 0.95679 0.00505139 0.00213775 0.00251616 0.0262642 0.00660009
11 0.00391757 0.950579 0.0101556 0.00494056 0.00700342 0.0156918 0.00771243
11 0.00341731 0.967884 0.0087046 0.00249188 0.00533357 0.0095941 0.00257474
11 0.00251582 0.967324 0.00668617 0.00124927 0.00497906 0.0124831 0.0047625
11 0.00240917 0.945131 0.0117672 0.00507423 0.00700329 0.0221313 0.00648332
11 0.00164925 0.958884 0.00696641 0.0050069 0.00572155 0.0140287 0.0077432
11 0.00210758 0.983115 0.000746879 0.00351233 0.00105189 0.00459475 0.0048711
4 0.00103115 0.00715311 0.969677 0.00536349 0.00764513 0.00632748 0.00280275
4 0.00827055 0.00189634 0.972472 0.00186537 0.0118541 0.00181218 0.00182952
4 0.00548634 0.00731611 0.967045 0.00291068 0.0129705 0.00380985 0.000461601
4 0.0086324 0.00151704 0.967813 0.00259167 0.0170788 0.000604459 0.00176309
4 0.00552665 0.00506187 0.966942 0.00583963 0.0143613 0.00170189 0.000566445
4 0.00395706 0.00823977 0.966817 0.00266833 0.0156195 0.000962174 0.00173615
4 0.00909843 0.000330238 0.971279 0.00337441 0.0149205 0.000825017 0.000172134
4 0.00828808 0.00453418 0.963805 0.00473885 0.0156357 0.00106536 0.00193295
4 0.000548325 0.00623177 0.983651 0.00121729 0.00357968 0.00358213 0.00119013
0 0.0058475 0.00104431 0.000193743 0.960977 0.0282432 0.000324913 0.00336985
0 0.00596435 0.00344921 0.0078125 0.95067 0.0268033 0.00284885 0.00245216
0 0.0102872 0.00134061 0.00159614 0.957638 0.0239022 0.00078285 0.00445303
0 0.00669587 0.00256587 0.00450743 0.954083 0.0282447 0.00229493 0.0016083
0 0.0103081 0.00297914 0.00503015 0.952121 0.0220668 0.00186835 0.00562677
0 0.0102617 0.000353363 0.00120496 0.964659 0.0227448 0.000118349 0.000657446
0 0.00774202 0.00105494 0.000577925 0.960057 0.0275276 0.00141322 0.00162702
0 0.00775348 0.000540821 0.00470422 0.96859 0.0155869 0.00103521 0.00178948
0 0.0104546 0.00103925 0.00500397 0.956462 0.0216583 0.00334608 0.00203618
0 0.0084419 0.000451911 0.00195274 0.96016 0.0271058 0.00112458 0.00076293
0 0.00487139 0.00697482 0.00127263 0.951871 0.0273704 0.00161178 0.00602781
0 0.000775078 0.00454781 0.00786903 0.963804 0.00799836 0.0138305 0.00117483
0 0.00231367 0.00137595 0.0111608 0.979277 0.00222435 0.00310948 0.000538507
5 0.036118 0.0039232 0.00629146 0.0283888 0.909363 0.00279953 0.013116
5 0.021461 0.00683273 0.00594896 0.0309168 0.926525 0.00200531 0.00631052
5 0.0155118 0.00203761 0.00528753 0.026132 0.933461 0.000763131 0.0168066
5 0.0213637 0.00373965 0.00657457 0.0270173 0.920519 0.00290248 0.0178829
5 0.0168337 0.00123773 0.00835087 0.0300495 0.934834 0.00265355 0.00604051
5 0.019983 0.00653358 0.0148156 0.0311781 0.919035 0.00251447 0.00594059
5 0.0193317 0.00289726 0.00759931 0.0298223 0.932487 0.00309987 0.00476267
5 0.0129114 0.00243687 0.021616 0.0191531 0.934183 0.00572048 0.00397962
5 0.00752156 0.00174784 0.00909963 0.0256467 0.947915 0.0011993 0.00686974
5 0.0225652 0.0033772 0.0146742 0.016394 0.931753 0.000722958 0.0105137
5 0.0303836 0.00135606 0.0023604 0.0248997 0.931046 0.000587628 0.00936623
5 0.00207773 0.00180607 0.00151791 0.00194617 0.984577 0.001176 0.00689957
5 0.0116464 0.00439629 0.00628709 0.0175153 0.943462 0.00117508 0.0155178
5 0.0390468 0.00134439 0.00115433 0.0110575 0.943619 0.000953001 0.00282492
19 0.00306323 0.0387294 0.0028193 0.00659048 0.00397351 0.939922 0.0049026
19 0.00241014 0.274796 0.00243124 0.00531332 0.00341173 0.707872 0.00376579
19 0.00336212 0.0370263 0.0101319 0.00628197 0.00401651 0.926207 0.0129743
19 0.00301627 0.0385917 0.0133417 0.00737513 0.00449841 0.928709 0.00446796
19 0.000404662 0.00142323 0.0025186 0.00123521 0.000717598 0.993548 0.000153126
19 0.00309781 0.0391644 0.00934913 0.00527006 0.0036491 0.935747 0.00372264
19 0.00192698 0.0387274 0.00818624 0.00444602 0.00459317 0.937585 0.00453517
19 0.00339202 0.00735518 0.0142265 0.00248657 0.00519445 0.965136 0.00220891
19 0.00074963 0.00133182 0.000950541 0.00101372 0.00144355 0.994244 0.000266827
19 0.00223566 0.00524974 0.012501 0.00122415 0.00326323 0.974662 0.000863951
19 0.000376654 0.00411038 0.00126168 0.000446837 0.000961113 0.992698 0.000145401
19 0.0015216 0.00269444 0.00288614 0.00280212 0.00272821 0.986922 0.000445213
13 0.00221532 0.00768314 0.00385408 0.00530376 0.00940775 0.00430902 0.967227
13 0.00158642 0.00735078 0.00189799 0.001455 0.00641856 0.00179349 0.979498
13 0.00113739 0.00333321 0.000552916 0.00298669 0.0120871 0.00134778 0.978555
13 0.0032928 0.00888687 0.0100775 0.00673363 0.00761126 0.00495701 0.958441
13 0.000712899 0.00789542 0.000887738 0.00725706 0.00122964 0.00261562 0.979402
13 0.00290218 0.0083473 0.00415751 0.00172231 0.0065882 0.00115655 0.975126
13 0.00242753 0.00937056 0.00506839 0.00574366 0.0053053 0.00633415 0.96575
13 0.00378714 0.00917059 0.00276918 0.006533 0.012363 0.00399795 0.961379
13 0.003424 0.00957183 0.0033317 0.00639049 0.00872166 0.00348386 0.965076
13 0.00114133 0.00900509 0.00759211 0.00550731 0.00279724 0.00413167 0.969825
13 0.00196443 0.00771046 0.00588822 0.00952807 0.0113724 0.002428 0.961108
13 0.00397246 0.00932506 0.00234125 0.00543967 0.0156923 0.00113186 0.962097
13 0.00197071 0.00865074 0.00601391 0.00526846 0.0163311 0.000324722 0.96144
13 0.00325514 0.00377378 0.00419697 0.00867143 0.0106412 0.000489919 0.968972
13 0.00189577 0.00977016 0.00514529 0.00236084 0.0103023 0.00408865 0.966437
22 0.917882 0.00312583 0.00226382 0.00531583 0.0660432 0.00187875 0.00349018
11 0.000842533 0.981056 0.000816972 0.0031995 0.00111334 0.0101655 0.00280582
4 0.00307886 0.00165606 0.978967 0.0069157 0.00389379 0.00285769 0.00263071
22 0.990095 0.000464023 0.00339773 0.000599826 0.00245632 0.000567342 0.00241983
22 0.909825 0.0031679 0.0169121 0.0103722 0.0529144 0.00240678 0.00440204
22 0.951088 0.00121328 0.0039479 0.00468646 0.0368963 0.00078053 0.00138805
22 0.964473 0.00044131 0.00127937 0.00484982 0.0281438 0.000435599 0.000377509
22 0.929725 0.000190589 0.000987077 0.00149387 0.0663288 0.00047319 0.00080098
22 0.939137 9.11328e-05 0.000137798 0.00145013 0.0584626 0.000514826 0.00020632
22 0.896874 0.00737544 0.0116319 0.0105647 0.0617749 0.00203852 0.00974098
22 0.932893 0.000463252 8.42734e-05 0.00369596 0.0584778 0.000409371 0.00397607
22 0.928466 0.00314638 0.00778585 0.0159361 0.0365773 0.00253045 0.00555754
22 0.928596 0.000856925 0.000811266 0.00109865 0.066269 0.000668686 0.00169961
22 0.912583 0.00328015 0.0103126 0.00568812 0.0638353 0.00139771 0.00290364
22 0.959726 0.00233848 0.00817766 0.00264378 0.0229533 0.000905793 0.00325491
22 0.964995 0.000173353 0.000866917 0.00140622 0.031936 0.000531369 9.13414e-05
22 0.948814 0.00353702 0.00926331 0.012881 0.0161218 0.00452503 0.00485785
22 0.947557 0.00318285 0.0106466 0.0130631 0.0165708 0.00318993 0.00578932
22 0.925117 0.00308312 0.0160048 0.0166554 0.0295078 0.00630388 0.00332785
22 0.926894 0.000121534 0.000333372 0.00814923 0.0637674 0.000343533 0.000391008
22 0.928446 0.00332508 0.0129937 0.0160807 0.0303737 0.00412761 0.00465298
22 0.955681 0.00299487 0.0078309 0.0116029 0.0143328 0.00344184 0.00411514
22 0.960766 0.000383212 0.00187677 0.00874334 0.0274575 0.000463537 0.000309769
22 0.930935 0.00247503 0.0177914 0.010849 0.0321443 0.00366701 0.002138
22 0.907425 0.00212992 0.012426 0.0102927 0.0642247 0.00289593 0.000605347
22 0.924773 0.000946607 0.00114114 0.0044535 0.066053 0.00101341 0.00161941
22 0.919882 0.000905145 0.00437642 0.00579675 0.0660759 0.000451475 0.002512
22 0.917013 0.00302443 0.0101756 0.00261996 0.0657118 0.00111919 0.000336172
11 0.00296607 0.955252 0.00154032 0.00550402 0.00192148 0.0256293 0.00718629
11 0.00313806 0.93302 0.00471774 0.00472968 0.00332708 0.0384403 0.0126275
11 0.000615575 0.985246 0.00193344 0.00320812 0.000810273 0.00610148 0.0020851
11 0.00152164 0.972749 0.00599358 0.00381279 0.000716288 0.0101764 0.00503
11 0.00178817 0.961998 0.00579534 0.00725608 0.00191462 0.0157754 0.00547276
11 0.00197144 0.974478 0.00347518 0.00522564 0.00276621 0.00612021 0.0059635
11 0.0024139 0.940004 0.00595138 0.00796744 0.0041034 0.0287904 0.0107694
11 0.000688364 0.94625 0.00125527 0.00091817 0.0010066 0.048734 0.00114747
11 0.00088615 0.941258 0.00269949 0.00109074 0.00116598 0.0468592 0.00604084
11 0.00064397 0.938298 0.000951672 0.00209887 0.00204449 0.0464664 0.00949658
11 0.0021264 0.936244 0.00294462 0.00393566 0.00284025 0.0488787 0.00303003
11 0.000507869 0.968853 0.000988796 0.0010187 0.000458714 0.0271533 0.0010197
11 0.00208867 0.934793 0.00377483 0.00360277 0.000889304 0.0483395 0.0065119
11 0.000538144 0.940778 0.00177581 0.00240536 0.000773764 0.0466868 0.00704222
11 0.0016485 0.930768 0.0119617 0.00350592 0.00252423 0.0458083 0.00378336
11 0.00177146 0.934076 0.00424293 0.00341428 0.000622357 0.0446431 0.0112302
4 0.0026925 0.0031457 0.97435 0.00570716 0.00683209 0.0023037 0.00496858
4 0.00104402 0.00362063 0.968583 0.00858319 0.00384518 0.0118667 0.00245703
4 0.00236055 0.00734487 0.972229 0.00221793 0.00461392 0.00770097 0.00353257
4 0.00488817 0.00625903 0.958202 0.00750793 0.00751676 0.0114225 0.00420395
4 0.0030706 0.00182453 0.970341 0.00823499 0.00958155 0.00349717 0.00345021
4 0.00658923 0.00287992 0.959349 0.00627958 0.0155352 0.00522614 0.00414098
4 0.00111525 0.00752156 0.968508 0.00317265 0.0166522 0.00241394 0.000616738
4 0.000503194 0.000994988 0.984457 0.00144747 0.00089464 0.0113673 0.000334986
4 0.00420874 0.00142369 0.966081 0.00826871 0.00939689 0.00896112 0.00166015
0 0.00675523 0.00217458 0.00998897 0.952987 0.0254314 0.000514381 0.00214834
0 0.000147323 0.000888133 0.0111277 0.984271 0.000348154 0.00316145 5.59901e-05
0 0.00104033 0.00277219 0.0120124 0.968098 0.00117602 0.010665 0.00423595
0 0.00322197 0.000997755 0.00839568 0.980743 0.00424472 0.00204624 0.000350357
0 0.00736699 0.000498064 0.00734185 0.976673 0.0052594 0.00131318 0.00154702
0 0.000343137 0.00774623 0.00456758 0.97019 0.000253687 0.0132374 0.00366148
0 0.00381075 0.00426573 0.0107304 0.956947 0.00729137 0.00867467 0.00827966
0 0.000595636 0.00803841 0.00191243 0.971136 0.00136864 0.0113341 0.00561449
0 0.00176091 0.00544366 0.00098915 0.95618 0.0259501 0.00121521 0.00846125
0 0.00759373 0.00628284 0.0104748 0.951351 0.012218 0.00382502 0.00825464
0 0.00104275 0.000358567 0.00106884 0.967282 0.0280275 0.000345379 0.00187501
0 0.00351255 0.00685797 0.00685502 0.967024 0.0053955 0.00294624 0.00740827
0 0.00665665 0.00382497 0.00434918 0.953923 0.017654 0.00410213 0.0094899
5 0.0375105 0.000197292 0.000100389 0.00188878 0.956433 0.000468559 0.00340122
5 0.0374845 0.00487361 0.0158324 0.004924 0.926871 0.00165926 0.00835486
5 0.00342468 0.00041875 0.000165576 0.000560515 0.994405 0.000259985 0.000765773
5 0.0177953 0.000253412 0.000393817 0.000985034 0.977152 0.000318775 0.00310215
5 0.0385104 0.00405941 0.00617398 0.0143111 0.932556 0.00181243 0.00257679
5 0.0389659 0.00034223 0.000317036 0.0139825 0.945029 0.000557707 0.000805667
5 0.038513 0.000183315 0.000687252 0.00448293 0.955225 0.000692261 0.000216606
5 0.0386228 0.00305312 0.00723175 0.0146578 0.932322 0.00197198 0.00214038
5 0.0376336 0.000496722 0.00843556 0.0285847 0.92069 0.000882567 0.0032773
5 0.0043595 0.00216274 0.00220479 0.0295166 0.951417 0.000868041 0.00947161
5 0.0373004 0.00311212 0.00661699 0.0145101 0.921027 0.00243358 0.0149997
5 0.0385115 0.000959285 0.000387963 0.00484827 0.948732 0.000819154 0.00574219
5 0.0394087 0.00308164 0.000851925 0.0151843 0.933777 0.0011256 0.00657058
5 0.0169026 0.00892031 0.00694937 0.0191322 0.928195 0.00303116 0.0168695
19 0.0037649 0.00233187 0.0101492 0.0054322 0.00484786 0.972038 0.00143571
19 0.00342588 0.00620134 0.0137993 0.00924107 0.0052153 0.959053 0.00306453
19 0.00359973 0.0048752 0.00944941 0.00782534 0.00625799 0.966343 0.00164953
19 0.00147566 0.00816246 0.00895189 0.00357114 0.00569785 0.970718 0.00142274
19 0.00302841 0.0200293 0.00596376 0.00732793 0.00841132 0.947882 0.00735764
19 0.00289187 0.0391124 0.0080913 0.00796064 0.00633904 0.930569 0.00503598
19 0.00306188 0.0386479 0.00728791 0.00601758 0.00531448 0.93523 0.00444061
19 0.003577 0.0392286 0.00823353 0.00848645 0.00622938 0.926881 0.00736417
19 0.00361071 0.0370899 0.0154008 0.0110595 0.00266126 0.926826 0.00335209
19 0.00328916 0.0329851 0.00606876 0.0231628 0.00337273 0.925932 0.00518922
19 0.00104161 0.0386767 0.00210738 0.00979069 0.0015556 0.944977 0.00185126
19 0.00317431 0.0385274 0.00567624 0.00576453 0.00233786 0.939367 0.00515239
13 0.0011814 0.00715125 0.00729377 0.00408081 0.0160864 0.000908945 0.963297
13 0.00690793 0.000745605 0.00586519 0.00481461 0.0141241 0.000697555 0.966845
13 0.00464325 0.00410288 0.00111505 0.00528721 0.017179 0.000474963 0.967198
13 0.00935669 0.00199023 0.00278507 0.00391074 0.0149897 0.00126236 0.965705
13 0.00338495 0.00694505 0.0043459 0.00495394 0.0166753 0.000963689 0.962731
13 0.00209392 0.00371604 0.000613868 0.00444045 0.0138015 0.000534849 0.974799
13 0.0026797 0.00843996 0.00368201 0.00369207 0.00160669 0.00506012 0.974839
13 0.00328711 0.00719042 0.00154813 0.00838877 0.00711483 0.00239574 0.970075
13 0.00343496 0.00823961 0.00093456 0.00110808 0.00450226 0.00184323 0.979937
13 0.00243489 0.00869983 0.0052934 0.00374878 0.00190796 0.000978511 0.976937
13 0.00519747 0.000934582 0.00047542 0.000717174 0.00185416 0.000275833 0.990545
13 0.00266198 0.00337899 0.00126974 0.00229322 0.00342072 0.000904673 0.986071
13 0.0051462 0.0072779 0.00405087 0.00499936 0.00551829 0.00176795 0.971239
13 0.000975462 0.00866695 0.00394922 0.00221037 0.00198752 0.00734605 0.974864
13 0.000872496 0.00834418 0.000656605 0.00418583 0.00478733 0.0024125 0.978741
0 0.00302051 0.00606538 0.00814991 0.961233 0.00935109 0.0048262 0.00735433
5 0.0395357 0.00194841 0.00566309 0.0198211 0.924931 0.00173409 0.00636629
19 0.00250281 0.0384406 0.0113644 0.0017101 0.00181241 0.94079 0.00337927
22 0.908115 0.00260887 0.00564625 0.0178374 0.0609891 0.00104639 0.00375678
22 0.916789 0.000595888 0.00217927 0.0103524 0.0655009 0.000613834 0.00396905
22 0.915564 0.00168839 0.00204725 0.0101471 0.0655596 0.00111307 0.00388034
22 0.912542 0.00331399 0.0053356 0.00918969 0.0658244 0.00212329 0.00167131
22 0.925921 0.000708749 0.000897219 0.00474595 0.066258 0.000758686 0.000710831
22 0.919583 0.00192337 0.00307619 0.00605666 0.0659819 0.00157419 0.0018043
22 0.921964 0.00128131 0.00119662 0.00794555 0.0660469 0.00131579 0.000249357
22 0.905931 0.0034797 0.00381371 0.00856422 0.0644884 0.00201593 0.0117076
22 0.907114 0.00347455 0.00477199 0.0140206 0.0641119 0.00177387 0.00473305
22 0.922754 0.00286625 0.00151786 0.00234606 0.0661352 0.00162314 0.00275759
22 0.972103 0.000893687 0.000904909 0.0016793 0.0228066 0.000864201 0.000748584
22 0.919194 0.000687688 0.000210638 0.0126727 0.0649929 0.00068385 0.0015579
22 0.788055 0.0023344 0.00109366 0.00749718 0.198214 0.00172661 0.00107862
22 0.925697 0.00080501 0.000554349 0.00500089 0.0656518 0.00101418 0.00127674
22 0.928694 0.000995821 0.00051368 0.00213524 0.0661905 0.000687521 0.00078333
22 0.91605 0.00274418 0.0014447 0.00932178 0.0658377 0.000835274 0.00376654
22 0.92714 0.000651398 0.000819907 0.00405521 0.0663205 0.000762201 0.000250322
22 0.919394 0.00313904 0.00153277 0.0204083 0.0518919 0.00248429 0.0011493
22 0.926247 0.00429517 0.000937272 0.0170451 0.0338043 0.00210323 0.0155677
22 0.922337 0.00155527 0.00181602 0.00541407 0.066024 0.00166841 0.00118509
22 0.913717 0.00370765 0.00878146 0.00235717 0.0659224 0.00193973 0.00357488
22 0.929855 0.000835383 0.000405298 0.00126776 0.066312 0.000720275 0.000604613
22 0.922211 0.00221738 0.00179575 0.00247074 0.0661147 0.0011947 0.00399616
22 0.987607 0.000956339 0.00498501 0.00183972 0.00281318 0.000735669 0.00106344
22 0.980964 0.00030856 0.000449774 0.000252318 0.0175731 0.000341924 0.000110317
11 0.000532579 0.958453 0.00165399 0.00219478 0.00188176 0.0268779 0.00840616
11 0.000211251 0.98713 0.000577621 0.00151153 0.000396324 0.00518309 0.00499042
11 0.000631258 0.978597 0.00111734 0.00259949 0.00172536 0.00985699 0.00547218
11 0.00195014 0.955247 0.00285406 0.00532347 0.00129319 0.0256864 0.00764596
11 0.00165095 0.948839 0.00867774 0.0016978 0.00326999 0.0286348 0.00722997
11 0.000235458 0.98123 0.00171216 0.000779759 0.000403415 0.0101336 0.00550603
11 0.000203662 0.98919 0.000565019 0.000459988 0.00038629 0.00780724 0.00138773
11 0.000923222 0.978511 0.00171015 0.00349669 0.00372396 0.00615377 0.00548091
11 0.00226536 0.977347 0.000836485 0.00449697 0.00654816 0.00305205 0.00545425
11 0.000950967 0.937533 0.00160968 0.00600792 0.00111106 0.0484734 0.00431437
11 0.00105284 0.935672 0.00130031 0.00573892 0.000646825 0.0471582 0.00843098
11 0.00135367 0.938842 0.00137037 0.00209897 0.000623639 0.0474546 0.00825682
11 0.00150707 0.935739 0.00314737 0.00458885 0.00307078 0.0392975 0.0126498
11 0.000361679 0.942206 0.000609337 0.00457508 0.000358491 0.0489475 0.00294237
11 0.00106251 0.927824 0.00305038 0.00390786 0.000970467 0.0612322 0.00195296
11 0.00216076 0.936649 0.00301368 0.00354172 0.00163253 0.0488644 0.0041375
4 0.000332305 0.00541884 0.975366 0.000985716 0.00142919 0.0144731 0.00199445
4 0.00233342 0.00655064 0.962968 0.00640842 0.00601022 0.012086 0.0036435
4 0.00452248 0.00760909 0.966254 0.00723166 0.00326283 0.00817737 0.00294265
4 0.00209728 0.00652979 0.964248 0.00512318 0.00491221 0.0142539 0.00283514
4 0.00504338 0.00235862 0.970666 0.00806435 0.00273318 0.00811126 0.00302321
4 0.00184549 0.00343856 0.967944 0.00842976 0.00489851 0.00977535 0.00366865
4 0.00630388 0.00112663 0.976049 0.00688474 0.00111759 0.00763945 0.000878957
4 0.00458906 0.00267443 0.966661 0.00818458 0.014583 0.00101983 0.00228787
4 0.00532723 0.00715675 0.96435 0.00312295 0.0173782 0.00233449 0.000330381
0 0.00299991 0.00971185 0.00998701 0.9429 0.0141287 0.0132399 0.00703264
0 0.00156217 0.00487088 0.0125724 0.961317 0.00953846 0.00579285 0.00434582
0 0.0101938 0.00360543 0.00304428 0.955632 0.0238167 0.000618347 0.00308958
0 0.00530991 0.00721767 0.00204543 0.952539 0.0266578 0.000462979 0.00576719
0 0.000413009 0.000594158 0.000210037 0.993896 0.00370275 0.000296715 0.000887738
0 0.00385108 0.00201794 0.0102734 0.964849 0.011538 0.00195247 0.00551859
0 0.00498557 0.00312785 0.00662829 0.952431 0.0285088 0.00255634 0.00176166
0 0.00112776 0.0132297 0.00905248 0.950305 0.00944125 0.012412 0.00443167
0 0.00196125 0.00467775 0.00138251 0.960751 0.0284491 0.00226774 0.000510493
0 0.00589096 0.000408416 0.00184506 0.962942 0.0282526 0.000600041 6.13519e-05
0 0.00553445 0.00624101 0.0131537 0.948536 0.020692 0.00272897 0.00311374
0 0.00171663 0.00857623 0.000898309 0.972161 0.0117495 0.000617132 0.00428125
0 0.00100329 0.00793957 0.00623579 0.9726 0.00529495 0.00257335 0.00435254
5 0.0384889 0.000147283 0.00028365 0.00237391 0.957558 0.000258917 0.000889779
5 0.0361292 0.00572293 0.0193234 0.0249883 0.90071 0.00251085 0.0106156
5 0.0219838 0.00331039 0.00113645 0.0306991 0.937702 0.000954807 0.00421376
5 0.038437 0.00510957 0.0059342 0.00624454 0.934857 0.00207782 0.00733959
5 0.0386699 0.00205179 0.000610061 0.00803145 0.945206 0.000857985 0.00457314
5 0.0386601 0.00272562 0.0047077 0.0123444 0.931939 0.00186128 0.00776215
5 0.0394425 0.00283767 0.00222918 0.013877 0.93241 0.00235299 0.00685036
5 0.0395317 0.0038431 0.00514818 0.0144446 0.923893 0.00233422 0.0108054
5 0.00235446 0.000289288 0.0006696 0.00127866 0.99391 0.00115384 0.000343734
5 0.0391248 0.000431898 0.000600517 0.0148499 0.943471 0.00108207 0.000439679
5 0.0828146 0.0018421 0.00484787 0.012748 0.887822 0.00117433 0.0087511
5 0.0903329 0.000791708 0.00539149 0.0137078 0.881949 0.000903131 0.00692425
5 0.0215454 0.00452268 0.0148204 0.0308691 0.923012 0.00246439 0.00276586
5 0.0252827 0.00132427 0.00379796 0.0310517 0.935554 0.000834107 0.00215555
19 0.00324698 0.029302 0.0141057 0.015673 0.00497086 0.922995 0.00970645
19 0.0009247 0.00326347 0.00159894 0.000787923 0.0011705 0.99168 0.000574172
19 0.00315939 0.0348901 0.0178657 0.00710857 0.00493221 0.926808 0.00523617
19 0.0028945 0.0445572 0.00379984 0.0114768 0.00592124 0.916811 0.0145391
19 0.000685825 0.00805122 0.000920111 0.00216489 0.00236174 0.98517 0.000645912
19 0.00280952 0.0376756 0.0152265 0.0114584 0.00323907 0.924519 0.00507195
19 0.00213817 0.0369621 0.0153361 0.0098806 0.00297983 0.929614 0.0030895
19 0.00080227 0.0137411 0.00899518 0.00478773 0.000940286 0.970296 0.000437901
19 0.000975341 0.00590204 0.0107348 0.00727273 0.00230976 0.972239 0.000566759
19 0.0033634 0.0129883 0.0148799 0.00343556 0.00219193 0.961389 0.00175201
19 0.0027236 0.025692 0.0170924 0.00816047 0.00579897 0.938033 0.00249935
19 0.000607697 0.0347532 0.00627579 0.00200369 0.00147038 0.951424 0.00346539
13 0.00569568 0.00196841 0.00258861 0.00412076 0.0170319 0.000407133 0.968187
13 0.00419028 0.00473906 0.00534696 0.00884665 0.0056664 0.000656547 0.970554
13 0.0057334 0.00946817 0.00881975 0.00134349 0.00749854 0.0016436 0.965493
13 0.00296061 0.00900082 0.00832025 0.00570863 0.00727601 0.0110475 0.955686
13 0.000360375 0.00891459 0.00167006 0.00571095 0.00201692 0.00628622 0.975041
13 0.000712486 0.00495243 0.0010916 0.0065976 0.00160953 0.00449184 0.980545
13 0.00469234 0.00661018 0.00882086 0.00524815 0.0118407 0.00160046 0.961187
13 0.00204984 0.00877771 0.00580868 0.00160617 0.00218387 0.00435564 0.975218
13 0.00151798 0.00890381 0.0046986 0.00555682 0.0049937 0.00384118 0.970488
13 0.00134959 0.00812651 0.00169547 0.00188046 0.00217067 0.00293895 0.981838
13 0.000383798 0.00869235 0.00529999 0.0049076 0.00104539 0.00543646 0.974234
13 0.0023545 0.00969811 0.00384399 0.00847935 0.0119101 0.00436072 0.959353
13 0.00189885 0.00928931 0.00463827 0.00589263 0.00412095 0.00662456 0.967535
13 9.91009e-05 0.00834467 0.00372975 0.00222799 0.000344975 0.00697291 0.978281
13 0.00149334 0.00923163 0.00456499 0.00317339 0.00660328 0.00770399 0.967229
19 0.000965446 0.0384218 0.00540218 0.00516765 0.00123422 0.945026 0.00378223
13 0.00178463 0.00819163 0.000370241 0.000610694 0.0036652 0.00231575 0.983062
0 0.00913787 0.00946085 0.00652021 0.941107 0.0252505 0.002434 0.00608992
22 0.92064 0.0030384 0.00694948 0.0193468 0.0434541 0.00149677 0.005074
22 0.955423 0.000678078 0.00626814 0.00790122 0.0261671 0.000671287 0.0028911
22 0.932427 0.00307057 0.00929107 0.00934789 0.0411478 0.00180648 0.00290924
22 0.930247 0.000593547 0.00537475 0.0151517 0.0469291 0.000671955 0.00103177
22 0.902364 0.0028398 0.0103342 0.0116584 0.0638306 0.00238862 0.0065847
22 0.921517 0.000964383 0.0012824 0.0136986 0.0512315 0.00115558 0.0101504
22 0.924586 0.00112112 0.00134189 0.00313096 0.0660009 0.000664711 0.00315389
22 0.950593 0.00117939 0.00353257 0.0141782 0.0255186 0.00117515 0.00382357
22 0.989875 0.00118807 0.00163508 0.000849644 0.00207077 0.000552351 0.00382925
22 0.940049 0.00263896 0.0125202 0.0154653 0.0236083 0.00269684 0.00302177
22 0.915993 0.00201541 0.00556457 0.00772679 0.0659652 0.000899424 0.00183575
22 0.98925 0.000368469 0.000615216 9.11044e-05 0.00905976 0.00049421 0.000121002
22 0.924074 0.00315184 0.00123856 0.00281753 0.0661112 0.00211678 0.000490354
22 0.926914 0.000162775 0.000149478 0.00594457 0.0663554 0.000440586 3.26979e-05
22 0.930062 0.000757909 0.000301257 0.00139705 0.0664093 0.000895033 0.00017718
22 0.921672 0.000154548 0.00109797 0.0115296 0.0650071 0.00041409 0.000124376
22 0.926589 0.00140013 0.00530732 0.0194195 0.0454924 0.00134777 0.000443873
22 0.921012 0.000284234 0.000302598 0.0123966 0.0651577 0.000792174 5.48903e-05
22 0.908563 0.00337371 0.00943103 0.0207136 0.0518686 0.00191395 0.00413562
22 0.934742 0.000600728 0.000496983 0.00252424 0.0608135 0.000538214 0.000284328
22 0.927227 0.000221367 0.000102464 0.00544656 0.0663277 0.000575964 9.86335e-05
22 0.924546 0.00125932 0.000959493 0.00588712 0.0655786 0.00163853 0.000131348
22 0.93102 0.000640221 0.000555338 0.0082483 0.0581979 0.0012213 0.000117037
22 0.945078 0.00115778 0.000365811 0.00777585 0.0446512 0.000803048 0.000168742
22 0.97391 0.000388136 0.000462209 0.00988494 0.0148814 0.000413392 5.97341e-05
11 0.00074825 0.939934 0.00155003 0.00429541 0.00038888 0.0475808 0.00550222
11 0.000391628 0.93711 0.00262325 0.00366195 0.000713754 0.0478611 0.00763819
11 0.00402911 0.976916 0.00403869 0.00516349 0.00307881 0.001489 0.00528536
11 0.00322542 0.968646 0.00859932 0.00765307 0.00541392 0.00509791 0.00136392
11 0.00174555 0.972784 0.00751589 0.00567632 0.00339743 0.00494828 0.00393241
11 0.000718244 0.948216 0.00180925 0.00221025 0.000754945 0.0439514 0.00233989
11 0.00367385 0.94981 0.0099873 0.00681868 0.00390584 0.0167988 0.00900539
11 0.00332304 0.944299 0.0102126 0.0152848 0.00465661 0.0175488 0.0046753
11 0.000331682 0.941619 0.00359986 0.00242176 0.000618954 0.0470042 0.00440449
11 0.00147085 0.93093 0.0123499 0.00580041 0.00144648 0.0416704 0.00633181
11 0.0020385 0.951523 0.00893422 0.00706581 0.00432518 0.0172921 0.0088214
11 0.00230765 0.973337 0.00805177 0.00299847 0.00458127 0.00527017 0.00345403
11 0.00185109 0.958981 0.00998956 0.00527914 0.00216983 0.0149643 0.00676506
11 0.00361647 0.953998 0.00843066 0.0101549 0.00652892 0.00866191 0.00860908
11 0.00283821 0.941253 0.012445 0.00686682 0.00702617 0.0241691 0.00540144
11 0.00130507 0.940732 0.0131933 0.00188655 0.00231102 0.0363076 0.00426473
4 0.00496066 0.00831545 0.964282 0.00284989 0.016144 0.00193654 0.00151111
4 0.00557343 0.00792539 0.964762 0.00248288 0.00978161 0.00376938 0.00570541
4 0.00173982 0.00254655 0.982542 0.00272354 0.0034387 0.00571169 0.00129767
4 0.00220348 0.00701123 0.972074 0.00361511 0.0077538 0.00414491 0.00319786
4 0.00410936 0.00820576 0.957877 0.00631797 0.0168637 0.00412496 0.00250165
4 0.00311969 0.00728744 0.969359 0.00423262 0.00850126 0.00207634 0.00542377
4 0.00218105 0.00722777 0.974196 0.00222302 0.00351127 0.00735958 0.00330155
4 0.00146004 0.00735283 0.972865 0.000711899 0.00914972 0.00662798 0.00183246
4 0.00557312 0.007153 0.965224 0.0068341 0.00875451 0.00263622 0.00382501
0 0.00594181 0.00353371 0.0060945 0.946385 0.0281298 0.00314731 0.00676772
0 0.0090708 0.000934194 0.00234058 0.957075 0.026652 0.000575451 0.00335197
0 0.00468223 0.0012419 0.00510531 0.956018 0.0250327 0.000713685 0.0072062
0 0.0103651 0.00118384 0.00442652 0.957188 0.0220548 0.000446827 0.00433484
0 0.00106137 0.0030197 0.0115075 0.973639 0.00101756 0.00791349 0.00184086
0 0.00515323 0.00299461 0.00618968 0.948832 0.0259235 0.00197152 0.00893599
0 0.00476514 0.00318577 0.00398234 0.952694 0.0285894 0.00221663 0.00456718
0 0.00868962 0.000283892 0.000659013 0.963015 0.0269156 0.000208562 0.000228606
0 0.0086919 0.000577668 0.00276367 0.969463 0.0172166 0.000389974 0.000896834
0 0.00702366 0.000306779 0.00460464 0.972495 0.014671 0.000653139 0.000245398
0 0.0154428 0.000487352 0.00219666 0.964523 0.0167285 0.000451268 0.000170816
0 0.00903491 0.00338249 0.00458268 0.961801 0.0175616 0.0018389 0.00179804
0 0.0102542 0.000564836 0.000938202 0.965278 0.0225203 0.000270941 0.000173501
5 0.0389279 0.000819191 0.00564408 0.00884688 0.943097 0.000495862 0.00216955
5 0.0242296 0.00329015 0.00328047 0.031467 0.929168 0.00202491 0.00653991
5 0.0353622 0.00359358 0.0117694 0.0297161 0.908424 0.0025004 0.0086343
5 0.0389755 0.000503362 0.00111151 0.0140458 0.944628 0.000505052 0.000230628
5 0.0385434 0.000682685 0.000493726 0.00190808 0.956907 0.000985491 0.000479417
5 0.0394509 0.00102522 0.00648952 0.0165831 0.934153 0.00202138 0.000277296
5 0.038606 0.00438697 0.00346956 0.0144045 0.934899 0.00240068 0.0018337
5 0.0303861 0.000563235 0.00140618 0.00297871 0.962678 0.00125072 0.000737347
5 0.00722284 0.00289567 0.00730953 0.0196108 0.959787 0.0028595 0.000314421
5 0.0398232 0.00058941 0.00121551 0.0205533 0.936248 0.00129427 0.000276497
5 0.0386078 0.000741091 0.0034675 0.00550335 0.949468 0.00149028 0.00072209
5 0.0385792 0.00196437 0.00667639 0.0146304 0.935329 0.001693 0.00112783
5 0.173931 0.000994987 0.00708842 0.0141289 0.802256 0.00131926 0.000281284
5 0.038968 0.000687804 0.00337524 0.0141424 0.941092 0.00155602 0.000178461
19 0.00336219 0.0192446 0.01626 0.00612221 0.00472486 0.944709 0.00557713
19 0.00272709 0.00661746 0.0142245 0.00639254 0.00264195 0.965641 0.00175542
19 0.00285807 0.0388873 0.00989802 0.00562989 0.00296186 0.934954 0.00481085
19 0.00290785 0.036022 0.0169405 0.0116855 0.00446938 0.927078 0.000896319
19 0.00309695 0.0300863 0.0183901 0.00745938 0.00459002 0.93573 0.000647029
19 0.00255491 0.0323248 0.0185734 0.0102054 0.00342364 0.932452 0.000466304
19 0.00100855 0.000656155 0.0026116 0.00127735 0.000752753 0.993573 0.000120193
19 0.000481321 0.0155509 0.00282287 0.00279367 0.000425725 0.977865 6.06391e-05
19 0.000438305 0.00416714 0.00423411 0.00243796 0.000523855 0.988149 4.96702e-05
19 0.00308053 0.0126881 0.0149301 0.00541275 0.00447242 0.957904 0.0015118
19 0.00291266 0.0270654 0.0181234 0.00797114 0.0050635 0.935671 0.00319279
19 0.000673094 0.0372185 0.00719456 0.00714201 0.00165329 0.945477 0.000641334
13 0.00038712 0.00818387 0.000619084 0.00149811 0.00566822 0.002274 0.98137
13 0.00231321 0.00897659 0.0041282 0.00765 0.00126222 0.00680648 0.968863
13 0.000704276 0.00900579 0.00415973 0.0069802 0.000839565 0.00618355 0.972127
13 0.00072573 0.00856828 0.000782052 0.00697666 0.000943619 0.00691018 0.975093
13 0.00224368 0.0084418 0.00283368 0.00159564 0.00227366 0.00672898 0.975883
13 0.00104972 0.00253904 0.00277983 0.00748167 0.000460449 0.00488295 0.980806
13 0.00318237 0.00317701 0.00386782 0.00785034 0.00631966 0.00344768 0.972155
13 0.000270717 0.000706832 0.000363979 0.000690122 0.000182362 0.00172727 0.996059
13 0.00133907 0.00816397 0.00114504 0.00286397 0.00124801 0.00599001 0.97925
13 0.00216647 0.0100221 0.00301547 0.0052894 0.00485664 0.0102828 0.964367
13 0.000101629 0.00880067 0.00282804 0.00171602 0.000326011 0.00790076 0.978327
13 0.000235325 0.00881091 0.00298457 0.00661198 0.000670707 0.00649321 0.974193
13 0.00858103 0.00170638 0.0038794 0.00808398 0.0103862 0.000264754 0.967098
13 0.003686 0.00946924 0.00525042 0.00216105 0.0095416 0.0006419 0.96925
13 0.0052157 0.00939204 0.00343088 0.00776484 0.00781554 0.00168538 0.964696
13 0.00256756 0.0089695 0.0040598 0.00535121 0.00341163 0.00413275 0.971508
0 0.00769139 0.000551922 0.00573797 0.972451 0.0125412 0.000559202 0.000467511
13 0.0028894 0.0091273 0.00669707 0.00376474 0.00612176 0.00376907 0.967631
