labels 22 11 4 0 5 19 13
22 0.881336 0.000694711 0.000431209 0.000518135 0.11451 0.000414582 0.00209506
11 0.00824068 0.925791 0.0131199 0.00735746 0.0133806 0.00343332 0.0286774
4 0.00359279 0.0117465 0.933097 0.00913474 0.0258306 0.00338451 0.0132136
0 0.0099592 0.00423685 0.00959333 0.862637 0.0972288 0.00486008 0.0114852
5 0.117814 0.00114508 0.0117099 0.0342989 0.832244 0.000490228 0.00229794
19 0.00312536 0.0578655 0.00112419 0.00666064 0.00352182 0.916769 0.0109332
13 0.00701253 0.0183222 0.00472253 0.0156484 0.0169836 0.00113711 0.936174
22 0.879424 0.00125277 0.00247723 0.00455644 0.109517 0.00102259 0.00174974
11 0.000187908 0.988552 0.00114158 0.000229412 0.000274448 0.00785132 0.00176347
4 0.00535562 0.00305379 0.945437 0.0156807 0.0224003 0.00211543 0.0059574
0 0.0165072 0.0013522 0.00231701 0.874358 0.101596 0.00227088 0.00159849
5 0.00648522 0.000235209 6.37731e-05 0.00238125 0.990431 9.15994e-05 0.00031154
19 0.00353638 0.0144081 0.0128571 0.00981918 0.00516579 0.952367 0.0018464
13 0.00177301 0.0122342 0.000872735 0.00685285 0.00190535 0.00299973 0.973362
22 0.89068 0.000137411 0.000336233 0.00562271 0.102236 0.000577342 0.000410275
11 0.00646462 0.907142 0.0199201 0.00734623 0.00646105 0.0272859 0.02538
4 0.00241822 0.00585102 0.954166 0.0145995 0.00335698 0.0158095 0.00379901
0 0.0100709 0.0136272 0.0139647 0.888438 0.0445481 0.00741959 0.0219311
5 0.0502891 0.0053646 0.00718089 0.0855949 0.837002 0.00305362 0.0115146
19 0.000782355 0.000884299 0.000988996 0.00168024 0.00271222 0.992812 0.000139514
13 0.00893176 0.00159481 0.00739774 0.0076207 0.0207248 0.00117399 0.952556
22 0.927565 0.000389127 0.00267847 0.00741571 0.0603328 0.00100506 0.000613953
11 0.00143362 0.902241 0.00199304 0.00667528 0.000731477 0.0646045 0.0223213
4 0.00108799 0.0137692 0.974047 0.000298191 0.00404967 0.0061443 0.0006034
0 0.0122959 0.0091877 0.0046577 0.908169 0.0543697 0.000778806 0.0105413
5 0.070305 0.015657 0.0463526 0.0703738 0.771622 0.00468459 0.0210046
19 0.00354983 0.0222019 0.0128507 0.00449631 0.00376787 0.952202 0.00093182
13 0.000703324 0.0453464 0.00146711 0.00604886 0.0105825 0.00681957 0.929032
22 0.863398 0.00136026 0.0036012 0.00840316 0.112748 0.00116353 0.00932589
11 0.00537002 0.916111 0.00956264 0.00901041 0.0116714 0.0163763 0.0318984
4 0.00546291 0.002907 0.9462 0.0107595 0.0230096 0.00709236 0.00456836
0 0.000808307 0.00884218 0.00102568 0.957977 0.00248451 0.0177169 0.0111457
5 0.119537 0.000679263 0.000944835 0.0388901 0.837905 0.00102508 0.00101905
19 0.00451427 0.0319786 0.0181868 0.0176902 0.00211961 0.911361 0.0141499
13 0.00292096 0.0435435 0.00296374 0.00591008 0.00138974 0.00200281 0.941269
22 0.866989 0.00216413 0.00156609 0.00981524 0.113027 0.00273266 0.00370673
11 0.000782678 0.963927 0.000940935 0.000800007 0.000512303 0.0277053 0.00533174
4 0.00442409 0.0148425 0.928213 0.0162899 0.0267848 0.0041563 0.00528921
0 0.000658823 0.0052424 0.0100851 0.950569 0.00869849 0.0217761 0.00296989
5 0.116696 0.00405401 0.00872205 0.0382159 0.808597 0.00318578 0.0205298
19 0.00057648 0.00304778 0.00111914 0.000367188 0.000478089 0.994334 7.71552e-05
13 0.000898461 0.00703217 0.000291007 0.00213778 0.000532602 0.00132542 0.987783
22 0.940969 0.000292612 9.26403e-05 0.0011672 0.056591 0.000297685 0.000589877
11 0.00378948 0.971533 0.00656867 0.000636528 0.00267349 0.00928892 0.00550992
4 0.0102612 0.0167177 0.938909 0.00279434 0.0272417 0.00182457 0.00225176
0 0.0204041 0.000683582 0.00653274 0.870927 0.0999268 0.00128341 0.000242767
5 0.10098 0.00313221 0.00330426 0.050504 0.829164 0.00120917 0.0117069
19 0.000333873 0.025908 0.00347843 0.00103747 0.000200655 0.968252 0.000789768
13 0.00111765 0.00553272 0.000680761 0.00248487 0.000855939 0.00568538 0.983643
22 0.874016 0.00136902 0.00193246 0.00577752 0.113461 0.000878717 0.00256537
11 0.00409706 0.906438 0.00406755 0.00276851 0.0030114 0.0508864 0.0287315
4 0.000657678 0.0086192 0.95198 0.00302068 0.0324048 0.0027243 0.000593174
0 0.0036962 0.0127823 0.0159799 0.884838 0.0485877 0.0128843 0.0212312
5 0.0850957 0.00729266 0.0106844 0.0508861 0.802134 0.00475451 0.0391524
19 0.00212613 0.0011233 0.00143365 0.000824952 0.00705734 0.986836 0.000599106
13 0.00972678 0.0214351 0.0113832 0.0102799 0.025307 0.00521981 0.916648
22 0.880136 0.000996086 0.000244159 0.00218858 0.11431 0.00102901 0.00109691
11 0.00257432 0.901727 0.0131671 0.00818022 0.00547487 0.0568747 0.012002
4 0.00292634 0.00104967 0.971229 0.0129298 0.00442821 0.00663076 0.000806632
0 0.0247323 0.00249609 0.00866126 0.875058 0.0752524 0.00251999 0.0112803
5 0.0354468 0.00515351 0.0428763 0.0484159 0.847371 0.011912 0.00882435
19 0.00357755 0.00354114 0.016382 0.00342993 0.0037513 0.968869 0.000449474
13 0.0050764 0.0263632 0.0130467 0.0172752 0.00569227 0.0124372 0.920109
22 0.922941 0.00330187 0.00401746 0.0214128 0.0354021 0.00543516 0.00748978
11 0.000667041 0.935589 0.00801291 0.00251838 0.00139987 0.0229842 0.0288286
4 0.00284258 0.0167712 0.94305 0.00942365 0.0134073 0.00982798 0.00467732
0 0.00179574 0.00828452 0.00432124 0.971284 0.00913487 0.0024227 0.00275723
5 0.103675 0.00448589 0.00199913 0.0284889 0.821663 0.00136706 0.0383216
19 0.000954251 0.0358581 0.00175456 0.00673282 0.000985082 0.951179 0.00253672
13 0.00173974 0.0378741 0.0173404 0.00765862 0.00336481 0.0160348 0.915987
22 0.887114 0.00653168 0.0196166 0.0256598 0.0412056 0.0100514 0.00982096
11 0.00115373 0.956387 0.00473325 0.00550663 0.00155132 0.00273822 0.0279299
4 0.00765456 0.00952665 0.939193 0.00541243 0.0347443 0.00292109 0.00054744
0 0.0139748 0.00114701 0.0167086 0.864704 0.101284 0.000694835 0.00148726
5 0.109622 0.000202861 0.000646192 0.00281962 0.883477 0.000484603 0.00274743
19 0.006075 0.0569515 0.0101842 0.00926382 0.0072698 0.892154 0.0181022
13 0.00537945 0.041095 0.0119556 0.012212 0.011776 0.0111828 0.906399
22 0.851918 0.00325895 0.00531767 0.0222018 0.108184 0.00151417 0.00760474
11 0.0011369 0.929081 0.0130804 0.000643284 0.00282508 0.0433799 0.00985381
4 0.00394362 0.00886425 0.944106 0.0138889 0.00709737 0.0155299 0.00656977
0 0.0247706 0.0021647 0.010657 0.865343 0.0925367 0.00338191 0.00114573
5 0.116241 0.00258132 0.000822785 0.0315192 0.841441 0.00168218 0.00571223
19 0.000530212 0.00304442 0.000193134 0.00112875 0.00108208 0.993555 0.000466782
13 0.00505912 0.0447974 0.0130435 0.00259144 0.00201395 0.00491957 0.927575
22 0.87205 0.000612344 0.000363903 0.0119581 0.113322 0.000480534 0.00121376
11 0.00323361 0.924895 0.017829 0.00968292 0.00265113 0.0218758 0.0198328
4 0.00423001 0.0149101 0.950194 0.00300635 0.00962322 0.0108746 0.00716182
0 0.000114137 0.000269141 0.0179036 0.978823 0.00038784 0.00246041 4.14664e-05
5 0.11764 0.0012524 0.000368751 0.011891 0.860661 0.00093803 0.00724861
19 0.000668534 0.00278489 0.000227684 0.000332268 0.00228033 0.993415 0.000291641
13 0.0105893 0.041087 0.0120748 0.00357099 0.0116511 0.00208275 0.918944
22 0.845796 0.00420542 0.0367112 0.0079646 0.0944186 0.00558286 0.00532166
11 0.00439304 0.89287 0.00588005 0.00653608 0.000495308 0.0648582 0.0249676
4 0.00123418 0.00850554 0.961523 0.00570152 0.00339852 0.016481 0.0031567
0 0.0238055 0.000905688 0.0076243 0.895268 0.0688573 0.00146052 0.002079
5 0.0181641 0.00138063 0.00934992 0.0313118 0.933818 0.00130741 0.00466819
19 0.0034777 0.00167583 0.00875949 0.0128622 0.00361131 0.967869 0.0017442
13 0.00335959 0.00420167 0.000873696 0.0115716 0.00497924 0.00247021 0.972544
22 0.841642 0.00499388 0.0180866 0.0303169 0.0934476 0.00423035 0.00728231
11 0.00495337 0.903459 0.00503484 0.0124604 0.00736853 0.0342839 0.0324404
4 0.00424479 0.00252672 0.966428 0.0133231 0.00687279 0.00331199 0.00329234
0 0.0187947 0.00125346 0.00272084 0.915125 0.0594948 0.00128287 0.00132803
5 0.0543616 0.000250613 0.000572318 0.00252637 0.941814 0.000291236 0.000184247
19 0.00185658 0.0014798 0.00732604 0.00157322 0.00127447 0.986149 0.000340458
13 0.0182099 0.00407575 0.00232312 0.00774446 0.0190772 0.00236549 0.946204
22 0.882668 0.00029806 0.000161182 0.00149436 0.114649 0.000556741 0.000172543
11 0.000698209 0.968378 0.00109822 0.00219608 0.000852297 0.00218931 0.0245876
4 0.00620561 0.00514391 0.94407 0.00828448 0.0164671 0.0159051 0.00392366
0 0.00018476 0.00694229 0.00360919 0.960391 0.000428748 0.021006 0.00743786
5 0.0774724 0.0113389 0.0106499 0.00703668 0.882459 0.00269783 0.00834499
19 0.00200629 0.0578457 0.00576557 0.00819709 0.00673144 0.9119 0.00755413
13 0.00114708 0.0144969 0.000213273 0.00100042 0.000584073 0.0102272 0.972331
22 0.933074 0.000500954 0.0050461 0.00822771 0.0514549 0.000765142 0.00093076
11 0.000931895 0.97023 0.00473087 0.0022678 0.00103922 0.0120427 0.0087577
4 0.011018 0.0106299 0.954355 0.00595891 0.0130557 0.00464108 0.000341081
0 0.0233658 0.00095783 0.00407356 0.900937 0.0682471 0.000846258 0.00157234
5 0.0509227 0.00669855 0.0190131 0.083989 0.821809 0.00664397 0.0109236
19 0.00222597 0.0578666 0.00126735 0.00591961 0.00146358 0.918828 0.0124285
13 0.00872653 0.0393759 0.00199463 0.00990566 0.0030406 0.0103702 0.926587
22 0.868016 0.000616569 0.000440752 0.0181869 0.111314 0.00128676 0.000138827
11 0.00367293 0.942705 0.00258479 0.00929536 0.0103855 0.00297208 0.0283844
4 0.00572027 0.0026154 0.950487 0.015534 0.0183969 0.00139964 0.00584652
0 0.0164129 0.0116698 0.0190507 0.862554 0.0548257 0.0103298 0.0251571
5 0.115831 0.00440289 0.00196345 0.0289619 0.829763 0.00314317 0.0159346
19 0.000480263 0.00307642 0.00352699 0.00251474 0.000199602 0.990142 6.00648e-05
13 0.00961175 0.0373527 0.0155362 0.0158756 0.0097806 0.00202289 0.90982
22 0.967916 0.000535278 0.0037046 0.000568059 0.0262465 0.000575125 0.000454569
11 0.00537107 0.951046 0.0138321 0.00238152 0.00882705 0.0129825 0.00555998
4 0.00805522 0.014202 0.957778 0.00158219 0.00234267 0.00770369 0.00833648
0 0.00576273 0.0105117 0.0014295 0.862872 0.0970818 0.00216544 0.0201766
5 0.0606448 0.00381126 0.0230373 0.0374901 0.854834 0.00179068 0.0183918
19 0.000363825 0.0265176 0.00571386 0.00234424 0.000201455 0.964767 9.16053e-05
13 0.00387502 0.00654871 0.00213378 0.0026617 0.00573563 0.00202831 0.977017
22 0.87582 6.97584e-05 6.96167e-05 0.0102674 0.113474 0.000278347 1.99192e-05
11 0.00528216 0.917703 0.0173861 0.00898133 0.0107215 0.0242443 0.0156821
4 0.0121488 0.00776932 0.93959 0.0128512 0.0189925 0.00222712 0.00642125
0 0.00172094 0.000897492 0.014764 0.966881 0.00133115 0.0123005 0.00210449
5 0.0809181 0.00516632 0.012573 0.0867524 0.792449 0.00564297 0.0164983
19 0.00225885 0.0145505 0.0177423 0.00689046 0.00355076 0.951991 0.00301575
13 0.000255371 0.0443934 0.00134235 0.00447477 0.000416094 0.0246047 0.924513
22 0.854061 0.00419466 0.00446843 0.0194847 0.110023 0.00151323 0.00625499
11 0.000322277 0.965138 0.00087642 0.00326538 0.000586103 0.0019043 0.0279074
4 0.00310619 0.0147001 0.964783 0.00507331 0.00234717 0.00520217 0.00478792
0 0.0210738 0.000479148 0.000665678 0.874888 0.0978089 0.000275612 0.00480907
5 0.0447126 0.0106104 0.0443425 0.0793966 0.80905 0.00567088 0.00621659
19 0.00114997 0.00397392 0.00399173 0.0011457 0.00419762 0.985102 0.000438805
13 0.00320993 0.0388717 0.00122765 0.00868789 0.00123437 0.00475258 0.942016
22 0.97391 0.000243838 4.42844e-05 0.00248084 0.0202022 0.000335813 0.00278268
11 0.00469347 0.93582 0.0157215 0.00405672 0.00843802 0.014806 0.0164642
4 0.0152951 0.00303999 0.952858 0.00491804 0.0206757 0.000237107 0.00297584
0 0.00254049 0.000723678 0.00492049 0.97952 0.0103835 0.00130759 0.00060417
5 0.104333 0.00263417 0.0011918 0.0359094 0.844269 0.00105773 0.0106049
19 0.000315431 0.00419153 0.00115956 0.000175109 0.000606237 0.993505 4.70745e-05
13 0.00125952 0.0392483 0.00255782 0.0144529 0.00182662 0.00918201 0.931473
22 0.859992 0.0040329 0.00797364 0.0109934 0.112806 0.00322914 0.000972744
11 0.000690615 0.906177 0.00656239 0.002375 0.000536356 0.0656199 0.0180391
4 0.000540127 0.000498703 0.981668 0.00221112 0.000916466 0.0138907 0.000275071
0 0.0226401 0.00279942 0.0125621 0.868331 0.0687805 0.00193347 0.0229533
5 0.116314 0.0058858 0.00921258 0.0416778 0.804442 0.00310943 0.0193584
19 0.00376529 0.0278041 0.00555481 0.0225347 0.00294431 0.913606 0.023791
13 0.00109018 0.0373056 0.00359211 0.00725113 0.000517538 0.0303089 0.919935
22 0.865583 0.00497869 0.0297151 0.0275178 0.0536739 0.00757583 0.0109558
11 0.00183763 0.93221 0.016438 0.00708635 0.00162436 0.0313758 0.00942807
4 0.00347099 0.0077719 0.946552 0.0097264 0.00654472 0.0194059 0.00652852
0 0.0157798 0.000458053 0.00154819 0.907815 0.0738228 0.000254747 0.000321581
5 0.02714 0.00548774 0.00882316 0.082551 0.849551 0.00558814 0.0208587
19 0.000725812 0.0303798 0.00908312 0.00343042 0.00142892 0.952277 0.00267461
13 0.00272068 0.00296903 0.00934862 0.0121325 0.0132659 0.00193474 0.957629
22 0.848589 0.00350181 0.0136161 0.0323584 0.0907137 0.0027302 0.0084911
11 0.000750035 0.955704 0.00207252 0.00168744 0.00187613 0.00948562 0.0284241
4 0.00611453 0.0174188 0.935352 0.0111561 0.0188693 0.00435871 0.00673029
0 0.0104858 0.00709639 0.0012247 0.93471 0.0374653 0.000617236 0.00840061
5 0.11911 0.00106377 0.0131469 0.0431385 0.821118 0.00168439 0.000737813
19 0.00465114 0.0116736 0.0146949 0.00106969 0.00744834 0.95781 0.00265208
13 0.00251452 0.045609 0.00667294 0.0104643 0.00588477 0.00730493 0.92155
22 0.846867 0.00360891 0.0209388 0.0329391 0.084505 0.00567309 0.00546783
11 0.000637192 0.905355 0.00232807 0.00679552 0.000201322 0.0660465 0.0186367
4 0.0100207 0.0170396 0.927136 0.00642415 0.0332792 0.00319007 0.00291075
0 0.0119267 0.00191 0.00311029 0.873783 0.100221 0.000825127 0.00822453
5 0.0247852 0.00502793 0.0102886 0.0245194 0.930112 0.00487482 0.000392182
19 0.000864153 0.0574995 0.00444417 0.00322379 0.000774654 0.925733 0.0074612
13 0.00223582 0.0240047 0.00118198 0.00162123 0.00162178 0.00124666 0.968088
22 0.854839 0.00327669 0.0087596 0.011265 0.112597 0.00365422 0.00560901
11 0.000493528 0.95578 0.000755649 0.000676454 0.000563395 0.0285125 0.0132181
4 0.00948843 0.011511 0.954938 0.00497877 0.00800646 0.00225168 0.00882597
0 0.00714117 0.0167659 0.0168017 0.884276 0.0405562 0.0139146 0.020544
5 0.0538826 0.0115278 0.0144692 0.0860793 0.817644 0.00302449 0.0133726
19 0.00212327 0.0349262 0.0216047 0.00525871 0.00641342 0.928567 0.0011066
13 0.00389746 0.012566 0.012563 0.00685762 0.00689167 0.00441139 0.952813
22 0.866111 0.00190747 0.0073842 0.0167567 0.103698 0.00141725 0.00272537
11 0.00352956 0.898172 0.0018276 0.00580878 0.00111891 0.0652324 0.0243105
4 0.0183953 0.000468612 0.943367 0.00740381 0.0291607 0.00101248 0.00019167
0 0.015357 0.00131435 0.0108273 0.915603 0.0539729 0.00141441 0.00151149
5 0.0897876 0.0094164 0.0277203 0.0737314 0.777385 0.00640878 0.0155508
19 0.00313474 0.0225641 0.0161364 0.0110996 0.00554831 0.927977 0.0135395
13 0.00355073 0.0214278 0.0142745 0.0119647 0.0227814 0.000652033 0.925349
22 0.877042 0.000269314 7.64454e-05 0.00728115 0.11415 0.000729495 0.000450914
11 0.00326849 0.953564 0.00097242 0.00918963 0.00206936 0.00290968 0.0280268
4 0.000910094 0.0134019 0.956486 0.00543961 0.00172272 0.0170292 0.00501054
0 0.0234514 0.00288822 0.0202814 0.865406 0.0808245 0.00149133 0.00565733
5 0.118858 0.00364276 0.00632321 0.0297456 0.826111 0.00190168 0.0134172
19 0.00355241 0.0390054 0.0233243 0.00899121 0.00599952 0.91345 0.00567714
13 0.000271618 0.0454666 0.000206599 0.0014166 0.000299305 0.0133321 0.939007
22 0.956222 0.000192683 0.00127993 0.0104031 0.0310865 0.000248953 0.000566898
11 0.00137746 0.902531 0.00301107 0.00106392 0.00187008 0.0570894 0.0330568
4 0.00278928 0.00691296 0.945572 0.0160894 0.00978436 0.0130689 0.00578323
0 0.0266056 0.000905738 0.00170329 0.887652 0.0813949 0.000518464 0.00122024
5 0.0311392 0.000612361 0.000257247 0.00280617 0.963957 0.000789841 0.000438498
19 0.00337105 0.0555032 0.0142033 0.0179222 0.00592905 0.891419 0.0116526
13 0.000500678 0.0401566 0.00159555 0.0154724 0.000936859 0.0106003 0.930738
22 0.956924 0.000229563 0.000468169 0.0148689 0.0270311 0.000443683 3.49655e-05
11 0.00321533 0.902454 0.00764404 0.00948468 0.00839036 0.036939 0.0318723
4 0.00799281 0.00137249 0.951199 0.014595 0.0096424 0.0102029 0.00499557
0 0.0111344 0.00516734 0.0323836 0.863417 0.0695755 0.00848614 0.00983595
5 0.116545 0.00207531 0.00403865 0.0497302 0.823071 0.00130037 0.00323991
19 0.00360756 0.00978498 0.0171033 0.00650638 0.00341298 0.956083 0.00350177
13 0.00429397 0.0172748 0.006344 0.0106735 0.00117884 0.0176411 0.942594
22 0.874625 0.00103026 0.00124586 0.0081956 0.113129 0.00160338 0.000170435
11 0.00027043 0.974402 0.00245956 0.000601991 0.000326762 0.00734768 0.0145918
4 0.000633029 0.0110252 0.964713 0.00451339 0.0032737 0.0148992 0.000942246
0 0.0121937 0.000657038 0.0156316 0.923136 0.0471138 0.00066545 0.00060209
5 0.119314 0.00104603 0.0112451 0.0439181 0.821544 0.00224886 0.000683921
19 0.00334533 0.0465806 0.0236473 0.00361767 0.00547955 0.910544 0.00678508
13 0.00240262 0.045417 0.00546844 0.00607574 0.00159494 0.00146955 0.937572
22 0.962014 0.00335653 0.0024485 0.0156887 0.00566558 0.00549785 0.00532844
11 0.00695219 0.910462 0.0118763 0.00746629 0.0123377 0.0193036 0.0316014
4 0.00581961 0.00822274 0.958002 0.00687258 0.0050691 0.0118669 0.00414678
0 0.0021428 0.0100502 0.0202416 0.937422 0.0190794 0.00809813 0.00296628
5 0.0719291 0.000316024 5.40901e-05 0.00370339 0.920055 0.000308323 0.00363371
19 0.00329769 0.0540545 0.00551021 0.016464 0.00636234 0.890937 0.0233746
13 0.009322 0.0188191 0.00447189 0.008196 0.0101256 0.0168313 0.932234
22 0.852339 0.00144581 0.00560567 0.026814 0.104181 0.00104706 0.00856732
11 0.00139228 0.921775 0.0202463 0.00198914 0.00154794 0.047124 0.00592485
4 0.0179589 0.0055565 0.939075 0.00773141 0.0269424 0.00109533 0.0016402
0 0.0219328 0.00855171 0.00528549 0.864894 0.0938239 0.000712976 0.00479876
5 0.117285 0.00266568 0.00781287 0.0396263 0.823174 0.00222935 0.00720673
19 0.000291515 0.000297348 0.00253426 0.000581943 0.000200014 0.996041 5.34475e-05
13 0.00248416 0.0428038 0.00973175 0.0134901 0.00481381 0.0192623 0.907414
22 0.855042 0.00376904 0.00309976 0.0237172 0.107384 0.00481296 0.00217566
11 0.00734961 0.939985 0.00689836 0.00962519 0.0059904 0.00151555 0.0286363
4 0.0179529 0.00390024 0.94127 0.00413675 0.029491 0.000717886 0.00253145
0 0.00843783 0.00854906 0.0300847 0.843898 0.0688634 0.0199511 0.0202162
5 0.120309 0.000167374 0.000222746 0.00606225 0.872463 0.000159936 0.000615989
19 0.00332835 0.0566847 0.00795738 0.0031531 0.00292101 0.906628 0.019327
13 0.00544568 0.0301921 0.00432758 0.00239245 0.0101302 0.00312962 0.944382
22 0.910093 0.00195274 0.000962247 0.0086288 0.0694847 0.00183537 0.00704367
11 0.005636 0.91005 0.0118453 0.027546 0.00871711 0.0224136 0.0137915
4 0.00902776 0.00633665 0.934738 0.0144842 0.0297243 0.000793061 0.00489622
0 0.0100006 0.00841629 0.00815848 0.857316 0.103564 0.00262658 0.0099186
5 0.119817 8.38137e-05 0.000502139 0.0116637 0.867568 0.000243747 0.00012218
19 0.000531112 0.0122359 0.0069353 0.00140939 0.000311473 0.978029 0.000547514
13 0.00150981 0.0433711 0.0128676 0.00960362 0.0175085 0.0022179 0.912922
22 0.86794 0.000715889 0.00243138 0.0108939 0.113209 0.00153864 0.00327124
11 0.00352247 0.902362 0.00414457 0.00736742 0.0014368 0.0655378 0.0156284
4 0.0054758 0.00377919 0.941086 0.0102979 0.0368956 0.00175503 0.000710427
0 0.00952727 0.00258877 0.0122576 0.855393 0.0940479 0.00375645 0.0224286
5 0.118649 0.00222444 0.000734182 0.0200929 0.849092 0.000954009 0.00825343
19 0.00342023 0.0577991 0.00708535 0.00772924 0.00711287 0.907762 0.00909161
13 0.000521755 0.0452526 0.000142951 0.00502075 0.000154977 0.0215558 0.927351
22 0.850286 0.00370628 0.00939724 0.00742543 0.111793 0.00421945 0.0131728
11 0.000785113 0.943757 0.00683034 0.00130736 0.00253812 0.0335563 0.0112258
4 0.00833 0.01544 0.936088 0.0106801 0.0206907 0.00617378 0.00259797
0 0.0187333 0.00541113 0.00695144 0.90639 0.058315 0.00211342 0.00208599
5 0.117648 0.00178125 0.00888448 0.0363087 0.815254 0.00197943 0.0181445
19 0.00349798 0.0579457 0.00982567 0.00163362 0.00166039 0.922702 0.00273464
13 0.0115661 0.002284 0.00110212 0.000897825 0.00335842 0.000632652 0.980159
22 0.879739 0.000766227 0.000547306 0.00320783 0.114282 0.000744302 0.000712968
11 0.00336669 0.900454 0.00285032 0.00736201 0.00389128 0.0657726 0.0163026
4 0.00160774 0.00109396 0.990734 0.000831686 0.00109835 0.00400482 0.000629867
0 0.00453556 0.0159426 0.00383132 0.920577 0.0449935 0.0010137 0.00910592
5 0.0248637 0.00333747 0.0151114 0.078371 0.857026 0.00108953 0.020201
19 0.0034198 0.000949469 0.00259391 0.000533882 0.00306266 0.988885 0.000554945
13 0.0021962 0.0321897 0.00570326 0.0183576 0.017172 0.00511334 0.919268
22 0.875079 0.00103958 0.00483263 0.00269055 0.113993 0.00142295 0.000942523
11 0.000353373 0.910849 0.00067646 0.0071158 0.000214669 0.0659563 0.0148342
4 0.00155311 0.00470221 0.984931 0.00104462 0.00306698 0.00372701 0.000975042
0 0.012139 0.00444953 0.00753664 0.85827 0.104265 0.00470376 0.00863548
5 0.120502 0.00110967 0.000185932 0.00234687 0.874754 0.000653512 0.000447707
19 0.00212608 0.0308502 0.00427609 0.000326874 0.000630041 0.960596 0.00119455
13 0.00162224 0.00590398 0.00211327 0.00935681 0.000686197 0.012074 0.968244
22 0.86598 0.0023109 0.00427871 0.0141903 0.110754 0.000802516 0.00168313
11 0.00438039 0.90923 0.0184039 0.007416 0.0120801 0.0306717 0.0178176
4 0.00480129 0.00117599 0.942012 0.0165054 0.0223754 0.0114068 0.00172298
0 0.0202395 0.00410037 0.0110499 0.862408 0.0933214 0.00265806 0.0062229
5 0.00870124 0.000998929 0.00172062 0.0748191 0.896769 0.000553237 0.0164379
19 0.000424066 3.72011e-05 0.000143208 0.00017207 8.45098e-05 0.99913 9.28938e-06
13 0.000507251 0.0454153 0.00214013 0.0112522 0.0014675 0.0122654 0.926952
22 0.959293 0.00325667 0.00803762 0.00981461 0.0151999 0.0013969 0.00300105
11 0.000478344 0.901209 0.0018569 0.00552118 0.00135562 0.0558806 0.0336987
4 0.00933177 0.00268959 0.966436 0.0054975 0.0144412 0.00137108 0.000233215
0 0.00743651 0.00402568 0.0143978 0.865438 0.10212 0.00370561 0.00287674
5 0.0717093 0.00165131 0.00500306 0.0888172 0.814315 0.00545021 0.0130537
19 0.0034373 0.00612153 0.00762543 0.00459386 0.00278255 0.975096 0.000343403
13 0.0124756 0.0343843 0.00407359 0.0149236 0.0213542 0.0108881 0.901901
22 0.923572 0.000840988 0.000296023 0.00534969 0.0672193 0.000416644 0.00230504
11 0.00258133 0.913921 0.0123475 0.0181817 0.00996754 0.022842 0.020159
4 0.000522386 0.00790816 0.971792 0.000594187 0.00119819 0.017504 0.000481043
0 0.00452311 0.00130013 0.00459684 0.873892 0.10663 0.00257887 0.0064791
5 0.119306 0.000586444 0.00137301 0.0185571 0.858541 0.00148798 0.000148573
19 0.000849786 0.000132672 0.000643209 8.46249e-05 0.00106792 0.997152 6.99124e-05
13 0.00955396 0.0441083 0.00307384 0.00707501 0.0165108 0.00752346 0.912155
22 0.964141 0.000924237 0.000471515 0.00460359 0.0254227 0.00132394 0.00311285
11 0.000627199 0.954582 0.0107219 0.0120327 0.000533561 0.0169295 0.00457336
4 0.00346422 0.00648143 0.956854 0.00848534 0.014883 0.00174697 0.00808481
0 0.0206428 0.00304071 0.00132406 0.88794 0.0679663 0.00313281 0.0159535
5 0.0287459 0.0016757 0.000918751 0.0837353 0.878141 0.00078426 0.00599957
19 0.00368805 0.00581546 0.0120059 0.00161068 0.00142753 0.974648 0.00080404
13 0.00240581 0.0259863 0.000737362 0.00625415 0.00658719 0.00683149 0.951198
22 0.886285 0.00512538 0.00651695 0.0263731 0.0641859 0.00269261 0.0088209
11 0.00109884 0.98148 0.00255244 0.00211703 0.00358298 0.00342104 0.00574761
4 0.0111742 0.0148832 0.931667 0.00446289 0.0219559 0.00446916 0.0113876
0 0.00113834 0.00569075 0.00909054 0.94669 0.00854184 0.0221773 0.00667086
5 0.113829 0.000213385 0.000552509 0.0719903 0.812657 0.000672195 8.5709e-05
19 0.0035252 0.0125233 0.00278759 0.00879982 0.0106144 0.951642 0.010108
13 0.0146124 0.0100532 0.00301385 0.00263945 0.00392811 0.00272029 0.963033
22 0.882021 0.0042739 0.0156266 0.0195542 0.0532683 0.00256836 0.0226878
11 0.000651883 0.916718 0.000604274 0.00188901 0.00155313 0.0444511 0.0341327
4 0.00108947 0.0148254 0.962909 0.00125386 0.00478194 0.0118743 0.00326585
0 0.000939145 0.000252423 0.00033765 0.99231 0.00572444 0.000112961 0.000322899
5 0.0542593 0.00197956 0.000863784 0.0851059 0.85322 0.00064637 0.00392472
19 0.00140653 0.00223542 0.0103985 0.000322993 0.00157518 0.983962 9.91656e-05
13 0.00142869 0.0375069 0.0088851 0.0183481 0.00114525 0.0150704 0.917616
22 0.855858 0.00510926 0.0107703 0.0327268 0.0853301 0.00248851 0.00771741
11 0.002099 0.898074 0.0141006 0.00539079 0.00380216 0.0646792 0.0118544
0 0.0118851 0.006229 0.0160663 0.913246 0.0287434 0.0098558 0.0139744
5 0.0185115 0.000434874 0.000221784 0.00737261 0.972341 0.00022672 0.000891254
19 0.00408965 0.0562575 0.0137296 0.00700297 0.0025456 0.897079 0.0192956
13 0.00814714 0.0427486 0.0182745 0.0058811 0.00799474 0.00808763 0.908866
22 0.865183 0.00461593 0.00263689 0.0275984 0.0679405 0.00285053 0.0291745
11 0.000341056 0.902655 0.0024914 0.00744809 0.000531643 0.0658411 0.0206914
0 0.00589181 0.000398059 0.00253433 0.883097 0.106956 0.000850756 0.000271951
5 0.0406946 0.011683 0.0148008 0.0616007 0.827752 0.00320886 0.0402603
19 0.0035971 0.0119713 0.00619811 0.00174789 0.00468017 0.969966 0.00183953
13 0.00843087 0.0447077 0.00540511 0.00664321 0.00527211 0.00532912 0.924212
22 0.86294 0.0016952 0.00174764 0.0139571 0.112405 0.00277084 0.00448441
11 0.00760607 0.918056 0.0119214 0.0191232 0.00914423 0.00668486 0.0274641
0 0.00123721 0.000776154 0.0180545 0.972168 0.00417954 0.00278866 0.000796207
5 0.119138 0.00043605 0.00343143 0.0166804 0.859109 0.000812026 0.000393308
19 0.000451369 0.00222864 0.00537758 0.00153825 0.000902752 0.989463 3.86406e-05
13 0.00195247 0.00119676 4.66267e-05 0.00024574 0.000674528 0.000270587 0.995613
22 0.875965 0.000130719 0.000202082 0.00889348 0.114102 0.00065861 4.87078e-05
11 0.00131699 0.954422 0.00160332 0.000399743 0.000964432 0.0329059 0.0083878
0 0.00866972 0.000360645 0.000163346 0.968734 0.0108768 0.000335094 0.0108605
5 0.119088 0.00439219 0.000877091 0.0142544 0.859733 0.000887674 0.000767718
19 0.00358465 0.010974 0.0175098 0.0041205 0.00665127 0.954663 0.00249722
13 0.00291852 0.0242749 0.00143927 0.00557532 0.00205415 0.0137832 0.949955
22 0.901855 0.000838566 0.00559495 0.0136295 0.0750488 0.00170007 0.00133318
11 0.00374398 0.937416 0.0143275 0.00916932 0.0103329 0.0197066 0.00530395
0 0.0120155 0.00340421 0.0130694 0.926709 0.0332387 0.00257463 0.00898833
5 0.119808 0.000126256 9.69243e-05 0.0143711 0.865203 0.000156666 0.000239009
19 0.000655742 0.0529394 0.0100355 0.00481091 0.00126281 0.929944 0.000351806
13 0.00435492 0.0177341 0.000868863 0.00346374 0.0125843 0.00251657 0.958478
22 0.859012 0.00182623 0.00586013 0.0217082 0.108825 0.000755134 0.00201343
11 0.0035116 0.914733 0.0107321 0.00415186 0.00129828 0.0387652 0.0268076
0 0.000650475 0.0022565 0.0169462 0.956084 0.00263484 0.0118023 0.00962539
5 0.102982 0.00748735 0.00814101 0.055796 0.794414 0.00637925 0.0248006
19 0.00334254 0.0416888 0.020313 0.0226494 0.00351724 0.90235 0.00613935
13 0.00262036 0.0438483 0.00649557 0.00620137 0.00655652 0.0240112 0.910267
22 0.918666 0.000595959 0.000603137 0.00883737 0.0700705 0.000917763 0.000309413
11 0.00187966 0.932747 0.0124559 0.00909907 0.00579001 0.018058 0.0199702
0 0.0239939 0.000612893 0.00335089 0.872852 0.0946152 0.0029243 0.00165077
5 0.118817 0.00156319 0.00413579 0.0349702 0.839097 0.000777647 0.000638702
19 0.00339608 0.045801 0.0141347 0.00908216 0.00673523 0.914655 0.00619591
13 0.0117173 0.0432426 0.00167655 0.00174237 0.00543984 0.00492571 0.931256
22 0.866765 0.00259375 0.0222657 0.0119251 0.0874797 0.00325365 0.00571715
11 0.00450262 0.900847 0.00607099 0.00781178 0.00184634 0.0446918 0.0342297
0 0.00178328 0.000894734 0.000917396 0.970156 0.0227624 0.000612617 0.00287312
5 0.0477324 0.00299539 0.00112329 0.0336489 0.911599 0.00131449 0.00158709
19 0.00375937 0.0568462 0.0170886 0.00802685 0.00502741 0.898012 0.0112393
13 0.0107803 0.0197491 0.00367306 0.0116908 0.024174 0.00361622 0.926316
22 0.905688 0.000127527 0.000956909 0.00623917 0.0863362 0.000400052 0.000252574
11 0.00139524 0.908976 0.00299352 0.00647635 0.000925106 0.0654342 0.0137991
0 0.00419005 0.00138643 0.000682566 0.940511 0.0507265 0.000339089 0.00216447
5 0.0105643 0.00401157 0.0155315 0.0828609 0.87416 0.00405428 0.00881749
19 0.00332909 0.057832 0.00617047 0.00544126 0.00175458 0.914341 0.0111318
13 0.015131 0.00834051 0.00471457 0.00581659 0.0229067 0.000517251 0.942573
22 0.857607 0.00464534 0.00720105 0.006304 0.112775 0.00417576 0.00729233
11 0.00102596 0.925698 0.00192419 0.00156011 0.000977386 0.0633637 0.00545081
0 0.00190432 0.0260867 0.0218588 0.900552 0.0259313 0.0172677 0.00639878
5 0.0953572 0.0102215 0.0404076 0.0131302 0.826873 0.0025106 0.0114995
19 0.000576827 0.000811276 0.000886163 0.000370456 0.00105347 0.996234 6.79659e-05
13 0.00612014 0.00932321 0.0052097 0.0136677 0.0107102 0.00427853 0.950691
22 0.840385 0.0137525 0.0105294 0.0167907 0.0990647 0.00410783 0.0153702
11 0.000620818 0.902542 0.00123031 0.00851944 0.000745329 0.0657693 0.020573
0 0.0263807 0.00174722 0.00396846 0.882747 0.0821242 0.000942895 0.00208985
5 0.105142 0.00286786 0.00325407 0.00571142 0.849452 0.00143159 0.0321411
19 0.00250401 0.0577076 0.0115554 0.00218158 0.00503027 0.91184 0.00918107
13 0.00664109 0.0218539 0.00489849 0.0153773 0.00861415 0.000706645 0.941908
22 0.8657 0.00132509 0.0366293 0.0207497 0.0698634 0.00423389 0.00149875
11 0.00569625 0.913849 0.0190241 0.00736194 0.0109591 0.017381 0.0257289
0 0.00592159 0.00330002 0.0113935 0.952777 0.00922444 0.00574938 0.0116341
5 0.0423114 0.0143157 0.0142325 0.06253 0.822262 0.00631115 0.038037
19 0.000935127 0.0114165 0.0147858 0.0036684 0.000850284 0.968152 0.00019141
13 0.00633768 0.0180693 0.0034636 0.0151476 0.0110509 0.00600774 0.939923
22 0.985659 0.000283636 0.00164671 0.000562359 0.0107022 0.000298872 0.000847622
11 0.00317063 0.954088 0.00750227 0.00995108 0.00627705 0.00723636 0.0117749
0 0.0162106 0.000782159 0.00889827 0.926583 0.0373727 0.00311213 0.00704071
5 0.0594737 0.00860103 0.0131617 0.0881728 0.803167 0.00671356 0.0207099
19 0.00074154 0.0538239 0.0119164 0.000460404 0.000195697 0.932505 0.000357158
13 0.00277282 0.00867328 0.00122899 0.00863152 0.0175438 0.00112828 0.960021
22 0.867123 0.00313285 0.0215218 0.0312926 0.0646636 0.00767719 0.00458921
11 0.000341516 0.903711 0.00367814 0.00143496 0.000205933 0.063618 0.0270109
0 0.00396878 0.00785318 0.00159712 0.87633 0.106742 0.00302293 0.000485449
5 0.109409 0.00943726 0.0384703 0.0345778 0.799217 0.00228275 0.00660523
19 0.00345908 0.0573934 0.0138739 0.00969447 0.00338987 0.900898 0.0112909
13 0.00326202 0.0456151 0.00186298 0.00462302 0.00223039 0.0177073 0.924699
22 0.853838 0.00305589 0.0119873 0.0130542 0.112005 0.00246243 0.00359647
11 0.00330378 0.951071 0.00204426 0.00453165 0.00362648 0.00714112 0.0282816
0 0.00442342 0.0136046 0.0288323 0.862369 0.0447148 0.0311016 0.0149542
5 0.118168 0.00144399 0.0110261 0.0301952 0.83659 0.00154438 0.00103269
19 0.00103511 0.0330003 0.00645884 0.0172693 0.00373886 0.933627 0.00487078
13 0.0101209 0.0383139 0.0116645 0.00428602 0.011126 0.0123984 0.91209
22 0.865113 0.00175117 0.00532967 0.0051635 0.113043 0.00169719 0.00790243
11 0.00507118 0.915815 0.00521241 0.0118288 0.0134803 0.0177928 0.0307996
0 0.0266523 0.00108998 0.00135318 0.885318 0.0843702 0.000581332 0.000634888
5 0.118394 0.00235216 0.0115348 0.0373785 0.827106 0.00153208 0.00170314
19 0.00240886 0.0500009 0.00736193 0.0075598 0.00153727 0.905041 0.0260903
13 0.00526469 0.0429449 0.0101757 0.00979838 0.0112368 0.0248881 0.895691
22 0.951201 0.00681509 0.00214263 0.00523349 0.0144813 0.0045944 0.0155317
11 0.00092056 0.973598 0.0116575 0.000528125 0.00113824 0.00993226 0.0022251
0 0.000595567 0.00013806 0.00152987 0.986856 0.00549154 0.00108437 0.00430483
5 0.0302032 0.000468307 0.000436417 0.00945162 0.956492 0.000208654 0.00273991
13 0.0117485 0.0316145 0.00653223 0.0153371 0.0187805 0.00404123 0.911946
22 0.868367 0.00119422 0.00510707 0.00981237 0.113252 0.000711754 0.00155513
11 0.00343025 0.949241 0.00376998 0.00314807 0.00932032 0.0210203 0.0100698
0 0.00752452 0.006311 0.0214022 0.928528 0.0282191 0.00459339 0.0034222
5 0.100152 0.000696852 0.0171952 0.0830721 0.795584 0.000688074 0.00261142
13 0.00163167 0.0456048 0.00708663 0.0055455 0.00853231 0.0142257 0.917373
