labels 22 11 4 0 5 19 13
22 0.587672 0.0080472 0.0191686 0.0795344 0.300545 0.00153052 0.00350206
22 0.447098 0.000984238 0.00542253 0.108225 0.430646 0.000743298 0.00688067
22 0.634359 0.00175947 0.00136772 0.0226886 0.337104 0.000791273 0.00192936
5 0.0826399 0.000770343 0.00629485 0.0107103 0.898275 0.0010528 0.000257082
22 0.548135 0.000844538 0.00181329 0.0410429 0.406539 0.000582687 0.00104226
22 0.916466 0.000531835 0.000380179 0.0175005 0.064297 0.000659449 0.000165084
22 0.94427 0.000277636 0.000237603 0.00884767 0.0460613 0.000280506 2.5521e-05
5 0.131217 0.014391 0.0172049 0.059018 0.593947 0.00263035 0.181593
5 0.241176 0.0144101 0.0264161 0.0939175 0.590059 0.00310275 0.0309189
22 0.751062 0.00420637 0.00269823 0.0168521 0.218724 0.00202418 0.00443363
22 0.835025 0.00127952 0.00138594 0.00835197 0.152696 0.000559471 0.000701881
22 0.495969 0.00110209 0.000946663 0.0685878 0.430777 0.000699505 0.00191734
5 0.0290346 0.000438959 0.000224256 0.00875211 0.960165 0.00128044 0.000104661
22 0.823781 0.000483644 0.000456399 0.00562184 0.167627 0.000660016 0.00137001
5 0.340284 0.00165315 0.00146282 0.0106425 0.639433 0.000823433 0.00570129
5 0.127607 0.00511183 0.00370819 0.0639999 0.794129 0.00151735 0.00392704
5 0.296241 0.00121726 0.00236365 0.0202175 0.67738 0.00157276 0.00100774
22 0.449974 0.00365676 0.00343306 0.150266 0.386511 0.00440152 0.00175731
22 0.489462 0.00784925 0.00761749 0.154585 0.11818 0.00359115 0.218716
22 0.697547 0.00104641 0.00199519 0.020143 0.277531 0.00105346 0.000683855
22 0.602512 0.0170917 0.0345189 0.0126033 0.321255 0.003154 0.00886507
22 0.763122 0.000588886 0.000391369 0.00707762 0.228032 0.000427445 0.000360234
22 0.797149 0.00432957 0.00621981 0.0176744 0.156798 0.00187122 0.0159589
22 0.904189 0.00132442 0.00489648 0.0469945 0.0394555 0.000751455 0.00238861
22 0.957282 0.000515688 0.00144112 0.0046562 0.0352138 0.000444822 0.000445968
11 0.000115945 0.955352 0.00138017 0.00059385 0.000363468 0.00605574 0.0361385
11 0.000269067 0.859473 0.00166539 0.00119487 0.00097484 0.00258736 0.133835
11 0.000680888 0.867278 0.0033793 0.000686585 0.00124895 0.00181328 0.124913
11 0.00497684 0.654914 0.0140004 0.0042416 0.00356239 0.0519357 0.266369
11 0.000837867 0.906715 0.0490014 0.000257694 0.00312333 0.0307586 0.00930644
11 0.000166905 0.976813 0.0028121 0.000534307 0.000250149 0.00408367 0.0153399
11 1.10241e-06 0.99778 0.000699607 2.47277e-05 0.000146129 0.000875495 0.000472624
11 0.000654898 0.979033 0.00369164 0.000690923 0.00636957 0.00155264 0.0080071
13 0.00221141 0.422682 0.0091856 0.00457937 0.0330562 0.00370677 0.524578
19 0.00483836 0.389378 0.00896761 0.0178517 0.00656785 0.475222 0.0971748
19 0.0103659 0.287217 0.0189839 0.0249796 0.0113902 0.497036 0.150027
19 0.00621161 0.400178 0.00590365 0.00838118 0.00410794 0.414251 0.160967
11 0.00225331 0.62607 0.0126623 0.0129473 0.00490547 0.180277 0.160884
19 0.000674975 0.394037 0.00167749 0.00719827 0.000595145 0.574952 0.020865
19 0.00318896 0.130841 0.00305934 0.00769724 0.0048538 0.833087 0.0172724
11 0.00425534 0.554782 0.00828988 0.00654463 0.00242829 0.374069 0.0496315
4 0.00254585 0.0266515 0.861398 0.00235934 0.00516283 0.0981469 0.0037356
4 0.00807529 0.0429709 0.816712 0.0524238 0.00991856 0.0541006 0.0157991
4 0.042469 0.0482105 0.666556 0.0986828 0.00937937 0.0643501 0.0703522
4 0.0283241 0.104104 0.380213 0.0649317 0.0155246 0.2693 0.137602
4 0.105019 0.0222869 0.382454 0.365653 0.0343488 0.0695119 0.0207267
0 0.0140565 0.103792 0.142875 0.475581 0.0316964 0.13256 0.0994388
4 0.0353368 0.00676263 0.742951 0.183726 0.00522473 0.0218483 0.00415004
4 0.0293251 0.0216513 0.538521 0.206561 0.178116 0.00359969 0.0222266
4 0.0199843 0.0158596 0.893054 0.0111052 0.0535765 0.00490203 0.00151848
0 0.0232831 0.106293 0.17025 0.466782 0.0358466 0.157516 0.0400296
0 0.00161748 0.0186656 0.111387 0.812579 0.0429052 0.00583407 0.00701165
5 0.0288521 0.013741 0.00877434 0.42188 0.51388 0.0012621 0.0116108
0 0.0113401 0.0456694 0.0267163 0.848929 0.0488007 0.00115047 0.017394
0 0.00140555 0.000340318 0.00202503 0.985743 0.00990983 9.11244e-05 0.00048513
0 0.0071135 0.00259923 0.0117051 0.958717 0.0145656 0.00122722 0.00407202
5 0.218201 0.0130536 0.0833274 0.0934418 0.571095 0.0112443 0.00963703
11 0.00452777 0.550319 0.215246 0.153732 0.0256448 0.0330285 0.017502
0 0.0182777 0.0669034 0.0255747 0.675435 0.202946 0.00586739 0.00499595
0 0.084076 0.00352549 0.037784 0.712795 0.157282 0.00315624 0.00138189
4 0.0314274 0.0298591 0.603177 0.234465 0.0830629 0.00408838 0.0139199
0 0.012927 0.0587099 0.0160164 0.822209 0.0629652 0.00303292 0.0241394
0 0.00456692 0.0263352 0.0339614 0.91265 0.0135088 0.0017922 0.00718593
5 0.304976 0.000663662 0.000835315 0.00946386 0.683082 0.000221132 0.000758188
5 0.085275 0.0567379 0.24949 0.0682871 0.518277 0.00434095 0.0175919
0 0.178846 0.0107441 0.00606385 0.447535 0.345854 0.00273758 0.00822055
5 0.0893085 0.0334364 0.0151159 0.0300521 0.80153 0.00234105 0.0282161
22 0.604895 0.00205336 0.000492622 0.00722421 0.379053 0.000765252 0.00551605
22 0.80374 0.00217908 0.00242602 0.0122614 0.160929 0.00102254 0.0174413
5 0.111451 0.00725016 0.00305896 0.0186919 0.819709 0.00283243 0.0370067
5 0.0581087 0.0162507 0.0267905 0.0439215 0.745605 0.00400941 0.105314
5 0.00615471 0.000282818 0.000120275 0.00175168 0.990418 0.00113909 0.000133019
5 0.29608 0.000512886 0.000822189 0.034682 0.666468 0.000843709 0.000590984
5 0.231672 0.00367169 0.0168599 0.0592171 0.625184 0.00253836 0.0608568
22 0.740878 0.00566567 0.0127095 0.0485808 0.108635 0.00389966 0.0796321
0 0.112238 0.0257979 0.189587 0.549106 0.104581 0.0063408 0.0123494
5 0.192577 0.00247404 0.00455581 0.276132 0.516121 0.00131677 0.00682455
19 0.0110395 0.161366 0.108956 0.117396 0.0154332 0.539908 0.0459005
19 0.00076361 0.00550681 0.00675161 0.00111183 0.000766612 0.985019 8.08996e-05
19 0.00690777 0.0730002 0.261622 0.0115576 0.0107279 0.617559 0.0186251
11 0.00658694 0.321495 0.024152 0.181994 0.0187196 0.197871 0.24918
19 0.00101915 0.0411742 0.004048 0.00302796 0.00671141 0.941771 0.00224824
19 0.0062537 0.100818 0.140926 0.13701 0.0077736 0.591505 0.0157121
19 0.00309611 0.0594619 0.125748 0.0204303 0.00571123 0.781704 0.00384863
19 0.00233494 0.0400635 0.0918598 0.0100364 0.00211436 0.852607 0.000984222
19 0.000671025 0.00487148 0.0167732 0.00227428 0.00146146 0.97385 9.89598e-05
19 0.00638148 0.030274 0.0433142 0.0115031 0.00305649 0.902892 0.00257865
19 0.00393202 0.0820872 0.0684055 0.0131918 0.0183295 0.809792 0.00426244
19 0.00103433 0.267279 0.0521003 0.0158258 0.00386358 0.653166 0.00673108
22 0.638033 0.0207083 0.0081356 0.034252 0.147492 0.00542231 0.145957
0 0.030952 0.162737 0.0836439 0.348252 0.0340603 0.00720245 0.333153
13 0.0254119 0.203295 0.0687187 0.0102726 0.0120373 0.00419459 0.67607
11 0.0160261 0.40837 0.233739 0.196839 0.0252704 0.0661067 0.053648
13 0.00233931 0.220481 0.0121888 0.0441572 0.00738521 0.0268272 0.686621
13 0.0109118 0.235576 0.0288403 0.0496249 0.0121404 0.0506222 0.612285
13 0.0274001 0.15237 0.307254 0.0359693 0.035371 0.0110858 0.43055
11 0.0126495 0.650585 0.166206 0.0185146 0.0136761 0.010367 0.128001
11 0.00534442 0.759775 0.0338748 0.0132522 0.0130841 0.00627676 0.168392
13 0.00316589 0.107073 0.0180959 0.00271679 0.00455495 0.0030602 0.861333
13 0.00125082 0.116913 0.0452098 0.0117284 0.00341641 0.0240053 0.797476
13 0.000699268 0.0171891 0.0131264 0.0319333 0.0281797 0.00303194 0.90584
13 0.00357148 0.190282 0.0353032 0.0452609 0.00612398 0.0339029 0.685556
11 0.00153056 0.779247 0.00784764 0.00955417 0.00309042 0.0280653 0.170665
13 0.00557623 0.414102 0.0227795 0.0196748 0.0160918 0.0448485 0.476927
19 0.00113331 0.126289 0.00539516 0.00422119 0.00100986 0.850169 0.0117832
13 0.000522714 0.0189587 0.00201251 0.000590217 0.00474657 0.00289662 0.970273
22 0.303505 0.0493877 0.0332582 0.291083 0.248803 0.00938981 0.0645734
