labels 22 11 4 0 5 19 13
22 0.94595 0.00130321 0.000464054 0.00217947 0.0435983 0.000743514 0.00576097
11 0.00706299 0.957323 0.00644402 0.00407772 0.0102553 0.00297865 0.011858
4 0.00164206 0.00715833 0.970371 0.00496784 0.00816459 0.00226052 0.00543549
0 0.00747146 0.00340121 0.00594591 0.952617 0.020926 0.0035938 0.00604421
5 0.0479074 0.00161611 0.00421177 0.00534797 0.938692 0.000639527 0.00158547
19 0.00253641 0.0720821 0.00114568 0.00830073 0.00296841 0.907023 0.00594345
13 0.00355864 0.00785132 0.00393641 0.0105578 0.00719857 0.000618317 0.966279
22 0.969507 0.000922435 0.000256742 0.00634741 0.0214733 0.000847765 0.000645655
11 0.000194231 0.987346 0.00130471 0.000271422 0.000451548 0.00843809 0.00199391
4 0.00257099 0.00392801 0.976962 0.00417139 0.00821683 0.00104325 0.00310772
0 0.00932917 0.00137594 0.000633291 0.966934 0.0187953 0.00170752 0.0012248
5 0.0181252 0.000196107 0.000120655 0.000579749 0.979779 0.000373491 0.000825319
19 0.00291416 0.0483062 0.0261888 0.0181473 0.00426219 0.896743 0.00343815
13 0.000815158 0.0170478 0.00029008 0.00405409 0.00195529 0.00228977 0.973548
22 0.980679 5.47288e-05 6.96257e-05 0.0012684 0.0175012 0.000231256 0.000195535
11 0.00310513 0.955386 0.0144074 0.00412853 0.00212444 0.0122691 0.00857921
4 0.000892697 0.00428717 0.977503 0.00457526 0.00184253 0.00807331 0.00282616
0 0.00505518 0.00511256 0.0033533 0.968389 0.00864407 0.00359533 0.00585046
5 0.032044 0.00376073 0.00462148 0.0272748 0.923271 0.00279462 0.00623361
19 0.00286016 0.0281976 0.0191343 0.0205285 0.00524731 0.922523 0.0015094
13 0.00840669 0.0010667 0.00593017 0.00570719 0.00982774 0.000429974 0.968632
22 0.9868 0.000153427 0.000867551 0.003685 0.0080028 0.000391722 9.90202e-05
11 0.000870111 0.918709 0.00193035 0.0043878 0.000700351 0.0624694 0.0109333
4 0.00153997 0.0102324 0.97378 0.000921618 0.00624405 0.00567612 0.00160556
0 0.00783185 0.00571473 0.00202597 0.959478 0.0180804 0.000565815 0.00630362
5 0.0370233 0.00820858 0.0232672 0.0196723 0.902503 0.00264903 0.00667621
19 0.00305296 0.0579831 0.0259278 0.00927878 0.00410834 0.898553 0.0010959
13 0.000427268 0.0173895 0.00213726 0.00474803 0.00464812 0.00549449 0.965155
22 0.941849 0.00108964 0.00147226 0.00610863 0.0434733 0.000507993 0.0054989
11 0.00292075 0.954947 0.00804981 0.00497349 0.00647924 0.00950896 0.0131211
4 0.00397229 0.00555488 0.967329 0.00540048 0.0109133 0.00303501 0.00379461
0 0.000500979 0.00578056 0.000768925 0.976261 0.0011351 0.00999601 0.00555738
5 0.0482477 0.000345857 0.000393936 0.0117615 0.938065 0.00095455 0.000231907
19 0.00339407 0.0616018 0.0127205 0.026188 0.00314122 0.882407 0.0105476
13 0.00310634 0.0170115 0.00173903 0.00383201 0.00100942 0.00064917 0.972653
22 0.949818 0.00119164 0.000892076 0.00175539 0.0437126 0.000931325 0.00169926
11 0.000660637 0.925029 0.00377866 0.00122156 0.00154331 0.064817 0.00294937
4 0.0017188 0.00860234 0.973098 0.00510936 0.00591279 0.00306973 0.00248927
0 0.00032479 0.00350717 0.00317645 0.974798 0.000807205 0.0151027 0.00228402
5 0.0479052 0.00297772 0.00672558 0.00810937 0.924733 0.00259431 0.00695496
19 0.00110214 0.0115011 0.00520004 0.00357858 0.00138041 0.976595 0.000642371
13 0.00102415 0.0156141 0.000587479 0.00181314 0.000762793 0.00140007 0.978798
22 0.96922 0.000122465 5.74229e-05 0.00113501 0.0290289 0.00018055 0.000255953
11 0.00187456 0.970606 0.00720326 0.000915759 0.00309336 0.0116974 0.00460992
4 0.00395498 0.0107185 0.967723 0.00267376 0.0110791 0.00144122 0.00240953
0 0.00869548 0.000345285 0.00194431 0.966123 0.0215675 0.00125629 6.83504e-05
5 0.0448081 0.00257227 0.00604512 0.0223221 0.91562 0.000777519 0.00785485
19 0.000206663 0.0464894 0.00528836 0.00234444 0.000559971 0.9444 0.000711119
13 0.000794987 0.00700741 0.00113509 0.00201867 0.000584047 0.00687475 0.981585
22 0.951538 0.000598811 0.000720971 0.00192424 0.0436693 0.000850997 0.000697463
11 0.00451098 0.909511 0.00531679 0.00374864 0.00415473 0.0546322 0.0181256
4 0.000939387 0.00983066 0.971389 0.00312045 0.0106258 0.00342884 0.000665657
0 0.000907514 0.00391547 0.00245924 0.979247 0.00289301 0.00594678 0.00463052
5 0.0469213 0.00403952 0.00516403 0.0155172 0.914032 0.00274085 0.0115855
19 0.00317846 0.0169947 0.0183276 0.0121961 0.00669914 0.940751 0.00185297
13 0.00398861 0.00990549 0.0068113 0.00577553 0.0119567 0.00200646 0.959556
22 0.952342 0.00030312 0.000123352 0.00269669 0.0437569 0.000500834 0.000277347
11 0.00240507 0.92365 0.0147784 0.00771423 0.00208646 0.0313099 0.0180559
4 0.00478705 0.00356171 0.979157 0.00379921 0.00223402 0.00447418 0.00198716
0 0.0106822 0.00119267 0.00389081 0.961811 0.01667 0.00183646 0.00391682
5 0.0163773 0.00260469 0.0196678 0.0154444 0.936434 0.00545026 0.00402193
19 0.00316063 0.0361663 0.0200258 0.00981347 0.00465278 0.923854 0.00232691
13 0.00262966 0.0144273 0.00665386 0.0114552 0.00272985 0.00485681 0.957247
22 0.939622 0.00235607 0.0057714 0.0192062 0.0232882 0.00297636 0.00678009
11 0.000595892 0.938369 0.00896978 0.0029767 0.00143724 0.0308236 0.016828
4 0.000865543 0.0103544 0.974333 0.00285819 0.00476521 0.00459852 0.00222491
0 0.00107441 0.00412848 0.00362281 0.97931 0.00482525 0.00308987 0.00394914
5 0.0455208 0.00319687 0.000530712 0.00331035 0.931344 0.00102935 0.0150675
19 0.000912528 0.069721 0.00424158 0.0207065 0.00150346 0.899797 0.00311833
13 0.00203886 0.0182768 0.00801902 0.00747986 0.00381911 0.00848019 0.951886
22 0.945011 0.00358169 0.00869713 0.017998 0.013696 0.00430416 0.00671183
11 0.00143191 0.967691 0.00508025 0.00616159 0.00255106 0.00605993 0.0110242
4 0.00657711 0.00949156 0.966312 0.00381893 0.0108628 0.00249306 0.000444191
0 0.00852666 0.000715236 0.00818129 0.964838 0.0162884 0.000336549 0.00111372
5 0.0318557 0.000257723 0.000297079 0.000685077 0.963746 0.000531509 0.00262697
19 0.00402167 0.0718949 0.00561818 0.0109481 0.00584109 0.894833 0.00684256
13 0.00165009 0.0174751 0.00788621 0.00305562 0.00369563 0.00395474 0.962283
22 0.931795 0.00198059 0.00238658 0.0147013 0.0433969 0.000709489 0.00503017
11 0.00186079 0.933455 0.0167624 0.00298775 0.00493271 0.0275068 0.012495
4 0.00198139 0.0069266 0.974624 0.00501546 0.00291615 0.0062792 0.00225718
0 0.0104651 0.00197355 0.00511741 0.961249 0.0172602 0.00311979 0.000814999
5 0.0486467 0.00311319 0.0022926 0.0137071 0.92407 0.00176465 0.00640579
19 0.000451164 0.00631434 0.00121298 0.00497424 0.000982389 0.985388 0.000676895
13 0.00174276 0.0175511 0.00655202 0.00256872 0.00207562 0.00382312 0.965687
22 0.940652 0.000553747 0.000144915 0.0125592 0.0435706 0.000923287 0.00159585
11 0.00153954 0.954536 0.0133644 0.00420178 0.0011598 0.0122134 0.0129852
4 0.00219259 0.0104843 0.973137 0.00130516 0.00323909 0.00620571 0.00343635
0 0.000421837 0.00131499 0.0053254 0.987315 0.000528428 0.00469529 0.000398594
5 0.0479357 0.000535585 0.000602641 0.00883606 0.936601 0.00111489 0.00437381
19 0.000647743 0.0117175 0.00166178 0.00198671 0.00214512 0.981329 0.000511887
13 0.00611974 0.0178478 0.00736801 0.00320886 0.00388073 0.00168382 0.959891
22 0.921007 0.00370543 0.0169854 0.00939565 0.0418227 0.00335463 0.00372894
11 0.00232659 0.912044 0.00487774 0.0031674 0.000871407 0.0638901 0.0128225
4 0.000422009 0.00988716 0.974102 0.00210143 0.00253541 0.0089065 0.00204553
0 0.00852187 0.000355964 0.00236993 0.975187 0.0115897 0.000684045 0.00129147
5 0.0289508 0.00387656 0.00722272 0.0269983 0.922652 0.00265835 0.00764075
19 0.00304606 0.0031514 0.0146289 0.0251511 0.00305658 0.949826 0.00113972
13 0.00280254 0.00455734 0.001442 0.010211 0.00504059 0.00200365 0.973943
22 0.940446 0.00446335 0.0105736 0.0203476 0.0180643 0.00156024 0.00454486
11 0.00245361 0.925496 0.00544454 0.00937099 0.00552354 0.0343851 0.0173266
4 0.0029988 0.00422445 0.978989 0.00354972 0.00330344 0.00390297 0.00303164
0 0.00948784 0.000390949 0.000916028 0.974466 0.0131622 0.0013686 0.000208596
5 0.0479131 0.000365727 0.00142103 0.00316999 0.946062 0.000892865 0.00017506
19 0.00254875 0.0100611 0.00695571 0.00677692 0.00226055 0.970165 0.0012317
13 0.0057625 0.0050276 0.00254297 0.00440961 0.0110528 0.00184705 0.969357
22 0.955218 0.000869197 0.00042239 0.00282487 0.0391521 0.00122979 0.000283303
11 0.000765424 0.954821 0.00539655 0.00533474 0.00305771 0.0174572 0.0131674
5 0.0482902 0.00132055 0.00212103 0.0151119 0.930137 0.00139117 0.00162859
19 0.00292852 0.0505714 0.0255675 0.0102814 0.00444457 0.901018 0.00518834
13 0.0022369 0.0177742 0.00281643 0.00846409 0.0010052 0.00829249 0.959411
22 0.942448 0.00119222 0.00119801 0.00959447 0.0438027 0.00157794 0.000186162
11 4.06948e-05 0.984513 0.00074224 0.000578253 0.000232945 0.00290253 0.0109906
4 0.000339832 0.00883115 0.976904 0.00301187 0.00307417 0.00706676 0.000772173
0 0.00801752 0.000454449 0.00460041 0.980271 0.00614582 0.000290525 0.000220575
5 0.048382 0.00174051 0.00540681 0.0120355 0.92924 0.00260562 0.00058961
19 0.00278145 0.0555306 0.0260652 0.00884369 0.00466156 0.893596 0.00852172
13 0.00271919 0.0173848 0.00365933 0.00853709 0.00134972 0.00135432 0.964996
22 0.964119 0.00264275 0.00476119 0.0173413 0.00427189 0.00335778 0.00350556
11 0.00557603 0.935846 0.0133386 0.00461355 0.00711711 0.0176765 0.0158327
4 0.00446154 0.00855922 0.969243 0.00527383 0.00381444 0.00540957 0.00323793
0 0.00139583 0.0056942 0.00702094 0.968967 0.00895859 0.00273163 0.00523199
5 0.0366872 0.000139888 8.51405e-05 0.00147447 0.959816 0.000604854 0.00119274
19 0.0027621 0.0471655 0.00484359 0.0225231 0.00604044 0.89501 0.0216555
13 0.00607154 0.0176816 0.00445431 0.00977048 0.00409126 0.0110404 0.94689
22 0.937457 0.000450131 0.0020208 0.0102034 0.0437449 0.00070216 0.00542157
11 0.000834831 0.913584 0.0195334 0.00243755 0.00139108 0.0559233 0.00629562
4 0.00789107 0.00436154 0.970182 0.00306145 0.0117796 0.00112641 0.00159794
0 0.0108775 0.00278762 0.000988308 0.963862 0.0181384 0.000460607 0.00288557
5 0.0481222 0.0027902 0.00506679 0.0126666 0.92407 0.00224449 0.00503962
19 0.000323133 0.00761714 0.00479665 0.00367406 0.000699874 0.982596 0.000293512
13 0.00131685 0.0179744 0.00690414 0.00766797 0.00162592 0.0078396 0.956671
22 0.932526 0.00250026 0.00152665 0.0209557 0.0392436 0.00240507 0.000842872
11 0.00393621 0.971174 0.00371833 0.00595493 0.00243795 0.00167908 0.0110995
4 0.00661478 0.00275698 0.979322 0.00119442 0.00787568 0.000393199 0.00184268
0 0.00352803 0.00384638 0.00892831 0.958499 0.011799 0.00729314 0.00610569
5 0.0479351 0.000215105 0.000316395 0.000589673 0.949951 0.000410643 0.000581859
19 0.00259673 0.0713944 0.00817119 0.00681114 0.00303653 0.896404 0.0115856
13 0.00414123 0.0162827 0.00233741 0.00142943 0.00396318 0.00117213 0.970674
22 0.945639 0.00223953 0.000885531 0.0102633 0.0343499 0.00103067 0.00559193
11 0.00492392 0.936498 0.0105273 0.016023 0.00515892 0.0161715 0.0106973
4 0.00407392 0.003205 0.975911 0.0048131 0.00836383 0.00045581 0.00317695
0 0.00909071 0.00773395 0.00490265 0.95354 0.0164293 0.0030291 0.00527446
5 0.0479016 0.000121154 0.000533762 0.00362417 0.946786 0.0008229 0.000209964
19 0.000633582 0.0223715 0.00917268 0.00182298 0.000898254 0.963804 0.00129686
13 0.00215585 0.0158324 0.00426445 0.00546375 0.011422 0.000819102 0.960042
22 0.950014 0.000408321 0.000767328 0.00380136 0.043637 0.000679413 0.000692698
11 0.00205162 0.91548 0.00335039 0.00462047 0.001967 0.0650844 0.00744578
4 0.00216531 0.00387263 0.973754 0.00335623 0.0149568 0.000976688 0.000917888
0 0.00538052 0.00218504 0.00802357 0.958859 0.0153659 0.00332663 0.00685909
5 0.0479987 0.00201678 0.000784308 0.0102767 0.932229 0.00109355 0.00560052
19 0.00261582 0.0716145 0.00883919 0.0137773 0.00486063 0.89245 0.00584268
13 0.000144409 0.0180461 0.000264859 0.00503207 0.000140512 0.0107342 0.965638
22 0.92538 0.00308783 0.00521483 0.00772529 0.0426731 0.00182956 0.0140892
11 0.000733667 0.969029 0.00296614 0.00239169 0.0024282 0.0178445 0.00460688
4 0.0046312 0.00924508 0.96656 0.00597284 0.00848618 0.00310323 0.00200188
0 0.0108037 0.00258803 0.00340374 0.963104 0.0171573 0.00150968 0.00143371
5 0.0485445 0.00239595 0.00447839 0.0114744 0.925009 0.00166204 0.00643541
19 0.00313834 0.070081 0.00764737 0.00568516 0.00311899 0.904829 0.00549997
13 0.00656524 0.00128275 0.00060784 0.000824211 0.000652536 0.000293973 0.989773
22 0.962143 0.000494919 0.000303473 0.00876772 0.026997 0.000681283 0.000612458
11 0.00228697 0.913935 0.0038572 0.00556675 0.00256628 0.0650367 0.00675065
4 0.00449828 0.00591338 0.975889 0.00340416 0.0031026 0.00460967 0.00258263
0 0.0013413 0.00443358 0.000915231 0.984979 0.00442679 0.00109738 0.00280624
5 0.0111864 0.00379309 0.00541344 0.0241747 0.94365 0.00136599 0.010416
19 0.0032448 0.0125628 0.0118701 0.00803935 0.00578772 0.955687 0.00280791
13 0.00129362 0.00400142 0.00340837 0.0105697 0.00865102 0.00493597 0.96714
22 0.949504 0.00109006 0.00266283 0.000963574 0.0437265 0.00134015 0.000712584
11 0.000540885 0.922232 0.000381744 0.00469533 0.000480255 0.0652723 0.00639722
4 0.00223424 0.0108285 0.969672 0.00207889 0.00854461 0.00508493 0.00155672
0 0.00589277 0.00268325 0.00455053 0.958805 0.0211126 0.00274226 0.00421403
5 0.0479361 0.00118271 0.000397386 0.00518543 0.9429 0.00173772 0.000660338
19 0.00147986 0.0479163 0.00817231 0.00142056 0.0014686 0.936662 0.0028806
13 0.00175186 0.00634575 0.000875997 0.00513238 0.000629029 0.00420228 0.981063
22 0.941293 0.00153059 0.00417708 0.00765849 0.0436502 0.000544674 0.00114612
11 0.00323011 0.932908 0.0163081 0.00745949 0.00713694 0.0257998 0.00715726
4 0.0033323 0.00231333 0.977383 0.00331939 0.00647416 0.00495585 0.00222148
0 0.00923058 0.00200093 0.00323149 0.961055 0.0174933 0.00185401 0.005135
5 0.00681584 0.00137799 0.00165931 0.0230144 0.958884 0.0014419 0.00680668
19 0.000792378 0.00372543 0.00215619 0.00172555 0.00054291 0.990971 8.66833e-05
13 0.000331352 0.0176251 0.00122775 0.00729691 0.00102339 0.00391601 0.96858
22 0.979731 0.000970834 0.00543816 0.00571469 0.00563745 0.00102147 0.00148685
11 0.000716765 0.944968 0.00230909 0.00772164 0.00182856 0.0275311 0.0149251
4 0.00665484 0.00414765 0.973421 0.00340953 0.010041 0.0019456 0.000380587
0 0.00585244 0.00219897 0.00423649 0.961326 0.0221745 0.00283208 0.00137942
5 0.0366137 0.00120952 0.00317114 0.0274728 0.922958 0.00287038 0.00570401
19 0.00262013 0.0394339 0.0224256 0.0157524 0.00298716 0.916192 0.000588543
13 0.00455117 0.0105761 0.00189768 0.00479177 0.0104409 0.00488986 0.962853
22 0.976182 0.000672439 0.000215276 0.0010059 0.0210914 0.00028741 0.000545699
11 0.00318546 0.921776 0.0102368 0.0189464 0.00578603 0.0256276 0.014442
4 0.000231532 0.00878132 0.978421 0.00061676 0.000861869 0.00985452 0.0012327
0 0.00380256 0.0013698 0.00133877 0.965042 0.0222105 0.00318472 0.0030513
5 0.0483393 0.000905241 0.00324083 0.0114798 0.93279 0.0030287 0.000215809
19 0.00244559 0.00899138 0.0113984 0.00632204 0.00518008 0.964445 0.00121759
13 0.00327593 0.0177266 0.00385866 0.00700161 0.00684763 0.0025794 0.95871
22 0.989391 0.000308995 0.000344876 0.00172201 0.00590798 0.000504846 0.00182024
11 0.00108147 0.914396 0.0131102 0.0130695 0.00142678 0.0486433 0.00827256
4 0.00217659 0.00389837 0.980042 0.00288569 0.00508658 0.0010238 0.00488728
0 0.0106621 0.00180993 0.000446073 0.960559 0.0180302 0.00318637 0.0053067
5 0.0324182 0.00411683 0.00172732 0.0270446 0.92886 0.0017324 0.00410106
19 0.00297554 0.0325368 0.0122101 0.00737098 0.00263413 0.940009 0.00226311
13 0.00182989 0.0171477 0.000625031 0.00291352 0.00413008 0.00548422 0.96787
22 0.940196 0.00225516 0.000550604 0.0218194 0.0310913 0.00108973 0.00299817
11 0.000961461 0.97249 0.00303773 0.0017479 0.00488852 0.00540058 0.0114742
4 0.00562823 0.0101765 0.967402 0.00164013 0.00697197 0.00266438 0.00551716
0 0.00101181 0.00437851 0.0029474 0.97258 0.00144354 0.0152146 0.0024246
5 0.0481284 0.000953782 0.000896922 0.0177272 0.930247 0.00177801 0.000268552
19 0.00262062 0.0420933 0.0101401 0.013684 0.0054229 0.918678 0.00736108
13 0.00759654 0.0118316 0.00432191 0.00527989 0.00345868 0.00251211 0.964999
22 0.93867 0.00309736 0.00740394 0.0129309 0.019568 0.00155388 0.0167755
11 0.000541218 0.917178 0.00117534 0.0044441 0.00240728 0.0544814 0.0197727
4 0.000781891 0.0102996 0.974137 0.00186671 0.005333 0.00445244 0.00312936
0 0.00107717 0.000260722 0.000113795 0.992835 0.00423085 0.000879887 0.000603052
5 0.0438867 0.00101162 0.000450724 0.0252657 0.926957 0.000879361 0.00154855
19 0.00219466 0.0122751 0.0172781 0.00390451 0.00263794 0.960628 0.00108176
13 0.000529292 0.0171248 0.00471757 0.00999564 0.000528866 0.00906049 0.958043
22 0.934327 0.00251866 0.00327774 0.0133978 0.043865 0.00087091 0.00174311
11 0.00218798 0.903028 0.0187894 0.00414426 0.00286329 0.0599154 0.00907191
0 0.00640279 0.00485235 0.00652962 0.966606 0.00540112 0.00501776 0.00519029
5 0.00770916 0.00041251 0.000202128 0.000640686 0.990204 0.000339376 0.000492046
19 0.00291937 0.0715027 0.0091133 0.00782596 0.0030747 0.894906 0.0106576
13 0.00323188 0.017783 0.00712515 0.00403793 0.0044331 0.00389023 0.959499
22 0.936064 0.00325604 0.0019473 0.0197522 0.0211118 0.00232851 0.0155397
11 0.000299903 0.917748 0.00100005 0.00539676 0.000546883 0.0647277 0.0102809
0 0.00922583 0.000293791 0.00161479 0.971284 0.0160376 0.00120829 0.000335647
5 0.0184492 0.00448579 0.00540818 0.0209073 0.932494 0.00169948 0.0165556
19 0.00283898 0.0200989 0.00896504 0.00422143 0.00528005 0.956314 0.002282
13 0.00246759 0.01722 0.00288624 0.00252722 0.00151136 0.00623948 0.967148
22 0.936827 0.000778756 0.00115215 0.0147202 0.0436014 0.001058 0.0018624
11 0.00471794 0.953865 0.00888598 0.00819257 0.00467902 0.00636053 0.0132985
0 0.00133869 0.00133545 0.00603073 0.985545 0.00124213 0.00373237 0.00077607
5 0.0479314 0.000733547 0.00172952 0.00300965 0.943641 0.0019406 0.00101388
19 0.000604791 0.00735101 0.0040877 0.00359981 0.00167111 0.982477 0.000208665
13 0.00303024 0.00098247 0.000161925 0.000428736 0.000905836 0.000282455 0.994208
22 0.947778 0.000187178 0.000253991 0.00734645 0.0438436 0.000550052 4.0519e-05
11 0.00110625 0.917397 0.00713675 0.000972947 0.00202616 0.0623048 0.00905658
0 0.00449724 0.000419107 7.40584e-05 0.987359 0.00242829 0.00066217 0.00455965
5 0.0477047 0.00387706 0.0013254 0.0110527 0.93178 0.00186468 0.00239602
19 0.0032595 0.0252733 0.0199391 0.0123134 0.00569935 0.930381 0.00313471
13 0.00144088 0.0173548 0.000741663 0.00389067 0.00134822 0.00787656 0.967347
22 0.95653 0.000521241 0.00639525 0.0172892 0.0174559 0.00112573 0.000682589
11 0.00282809 0.929631 0.0187062 0.00903126 0.00599834 0.0274461 0.00635854
0 0.00192192 0.000583533 0.0028374 0.988566 0.00215939 0.000402336 0.00352948
5 0.0480456 0.000257875 0.000116157 0.00854868 0.94193 0.000728794 0.000372466
19 0.00102335 0.0701128 0.0134403 0.00799333 0.00310057 0.903308 0.00102184
13 0.000763012 0.00456169 0.000436848 0.0015782 0.00749735 0.000907495 0.984255
22 0.93738 0.0014003 0.00155217 0.0107514 0.04385 0.000961203 0.0041045
11 0.00240246 0.914874 0.00785376 0.00491623 0.0021582 0.048691 0.0191041
0 0.000492497 0.00126856 0.00287998 0.983003 0.000680914 0.00747266 0.0042024
5 0.0418688 0.00489007 0.00518386 0.0177587 0.908514 0.00395626 0.0178283
19 0.00251815 0.0579803 0.0216964 0.028108 0.0034137 0.880479 0.00580412
13 0.00116339 0.0176692 0.00563048 0.00164357 0.00131047 0.00869106 0.963892
22 0.975442 0.000311514 0.000464291 0.00501904 0.0178881 0.000508648 0.000366225
11 0.0019552 0.947783 0.0151855 0.00610491 0.00236056 0.013844 0.0127667
0 0.0103426 0.000396835 0.00422341 0.964376 0.0163263 0.00312312 0.00121184
5 0.048104 0.000424296 0.00139842 0.0109181 0.938083 0.000838915 0.000233682
19 0.0027553 0.0501136 0.0256576 0.0110395 0.00493174 0.9013 0.00420264
13 0.00480168 0.0171197 0.00103595 0.00062468 0.00225651 0.00201631 0.972145
22 0.925363 0.00354008 0.00475574 0.014655 0.0427712 0.00262086 0.00629385
11 0.00313047 0.932918 0.00595941 0.00461666 0.00202955 0.0354182 0.0159281
0 0.00205668 0.000546565 0.000363799 0.987023 0.00782391 0.000438985 0.00174742
5 0.0252587 0.00110525 0.00148185 0.00744548 0.961787 0.00197924 0.000942549
19 0.00272717 0.0699128 0.0178515 0.00939449 0.0042494 0.889046 0.00681848
13 0.00582715 0.00938005 0.00331672 0.00726208 0.0122108 0.000967588 0.961036
22 0.962136 0.000176445 0.000311738 0.0011999 0.0352334 0.000803749 0.000138766
11 0.000660835 0.918958 0.00445947 0.0045444 0.00101553 0.0650528 0.00530848
0 0.00752569 0.00119971 0.000379255 0.964918 0.0217849 0.000741237 0.00345128
5 0.0248457 0.00319106 0.00669455 0.0247362 0.932068 0.00285853 0.00560638
19 0.0026362 0.0718848 0.00548601 0.00803333 0.00206216 0.902631 0.00726622
13 0.0101217 0.0056825 0.00301788 0.00445783 0.00918489 0.00101584 0.966519
22 0.932452 0.00415936 0.00509882 0.00735101 0.0434462 0.00235952 0.00513273
11 0.000787352 0.942557 0.00186913 0.00134853 0.00106213 0.0457068 0.0066691
0 0.000980972 0.00924868 0.00416854 0.969867 0.00663587 0.00543812 0.00366047
5 0.0409149 0.0060909 0.018806 0.00620555 0.920124 0.00201393 0.00584513
19 0.00107084 0.00831215 0.00534481 0.00859541 0.00178803 0.974194 0.000694588
13 0.00334892 0.0059324 0.00384616 0.0103815 0.00352125 0.00491784 0.968052
22 0.919182 0.00862492 0.00569456 0.0109265 0.04011 0.00217678 0.0132851
11 0.000808889 0.914001 0.00181168 0.00677514 0.0011364 0.0638571 0.0116096
0 0.00953891 0.000446667 0.000314893 0.974995 0.0133415 0.000242683 0.00112025
5 0.0458158 0.0020477 0.00269271 0.00330472 0.932787 0.00106939 0.012283
19 0.00140809 0.0717988 0.0117096 0.00551659 0.00397423 0.899605 0.00598738
13 0.00457296 0.00946488 0.00443581 0.0112407 0.00484622 0.000328924 0.965111
22 0.957083 0.000929872 0.0154911 0.0125232 0.0109095 0.00258529 0.000478216
11 0.00370576 0.93955 0.0172664 0.00634208 0.00557675 0.0156683 0.0118902
0 0.00394883 0.00286023 0.00378652 0.969915 0.00819081 0.00611479 0.0051836
5 0.019741 0.00758713 0.00828896 0.0173491 0.926792 0.00377327 0.0164685
19 0.00131413 0.0606313 0.0249386 0.0124604 0.00244898 0.896736 0.00147064
13 0.00453852 0.00652664 0.00231119 0.0101739 0.00454177 0.00299073 0.968917
22 0.990644 0.000291146 0.00119175 0.000489549 0.00351646 0.0006469 0.00322043
11 0.00238656 0.965997 0.00978711 0.00597729 0.00282794 0.00750651 0.00551711
0 0.00890986 0.000885517 0.00437487 0.969006 0.012133 0.00166828 0.00302261
5 0.036703 0.00355064 0.00913359 0.0261787 0.907435 0.00356335 0.0134361
19 0.000780756 0.0557809 0.00722712 0.00191328 0.000920866 0.932075 0.00130204
13 0.00171302 0.00611619 0.00119135 0.00867939 0.00719506 0.000935406 0.97417
22 0.9382 0.0026364 0.00841169 0.0201297 0.0247068 0.00377415 0.00214104
11 0.000574567 0.926886 0.00138411 0.00331777 0.000612889 0.0474726 0.0197522
0 0.00357989 0.0031937 0.00186702 0.967247 0.0221524 0.00150142 0.000458527
5 0.0472829 0.00661038 0.00940914 0.0132362 0.917918 0.00275497 0.0027881
19 0.00253759 0.0701909 0.0172973 0.00821003 0.00305543 0.89162 0.00708924
13 0.00212487 0.0179235 0.000889228 0.00244051 0.00117365 0.0117559 0.963692
22 0.930574 0.00132808 0.00894102 0.0130188 0.0439041 0.000977342 0.00125671
11 0.00249176 0.950815 0.00453788 0.00591259 0.00305789 0.0200034 0.0131811
0 0.00195384 0.00482424 0.00780603 0.968852 0.00331725 0.00958306 0.00366315
5 0.0483659 0.00193056 0.00555075 0.0118078 0.928826 0.00203771 0.00148115
19 0.00310819 0.0524149 0.0109812 0.033288 0.00488779 0.887612 0.0077074
13 0.00197744 0.0172554 0.004365 0.00243042 0.00482561 0.00406661 0.96508
22 0.945429 0.00111907 0.00136885 0.00610537 0.0437012 0.000801612 0.00147454
11 0.00295334 0.960275 0.00411137 0.00681221 0.0054706 0.0081068 0.0122709
0 0.0106318 0.000522054 0.000305562 0.971854 0.0162445 0.000280336 0.00016141
5 0.0482061 0.00179106 0.00595671 0.0109458 0.929872 0.00169481 0.00153355
19 0.00284463 0.066893 0.00522336 0.0130386 0.00413116 0.888244 0.0196253
13 0.0015651 0.0180776 0.00527062 0.00579573 0.00336933 0.00898127 0.95694
22 0.97441 0.00376608 0.00153493 0.00263724 0.00592023 0.002325 0.00940688
11 0.00166482 0.940037 0.0179228 0.00171619 0.00219121 0.0317223 0.00474573
0 0.00198536 0.000442329 0.000513669 0.987694 0.00175126 0.00358571 0.00402759
5 0.0481026 0.00058878 0.000742577 0.011212 0.937042 0.00104352 0.00126825
13 0.00738351 0.0143147 0.00438026 0.0112866 0.00525989 0.00181507 0.95556
22 0.947635 0.000657886 0.0017431 0.00514945 0.0435454 0.000402326 0.000866334
11 0.00306476 0.963705 0.00502453 0.00408964 0.00499409 0.0140139 0.00510834
0 0.00282926 0.00362772 0.00848622 0.965288 0.0148046 0.00297778 0.00198667
5 0.0412553 0.0016906 0.0057147 0.0267669 0.92233 0.000977168 0.00126491
13 0.00116845 0.0179643 0.00508076 0.00825378 0.00363147 0.00623974 0.957662
22 0.940637 0.000854273 0.00255722 0.0219745 0.031648 0.00111203 0.00121723
11 0.00137632 0.912868 0.00709078 0.0110655 0.00175784 0.0466259 0.0192161
0 0.00913899 0.00186306 0.00285449 0.969962 0.0121061 0.00165547 0.00241999
5 0.0479149 0.00435806 0.00190716 0.0120514 0.928548 0.00258044 0.00264023
13 0.00253763 0.0168983 0.00378772 0.0103408 0.00145083 0.00671257 0.958272
22 0.916615 0.00318402 0.0100918 0.0210289 0.0384631 0.00259301 0.00802453
11 0.00255366 0.913631 0.00424958 0.00466459 0.000919649 0.064939 0.00904289
0 0.00458739 0.00248609 0.0058272 0.971162 0.0105881 0.00313196 0.00221755
5 0.0476255 0.00286769 0.00411774 0.0205354 0.918958 0.00158195 0.00431392
13 0.00468061 0.0177144 0.00560469 0.00553297 0.00586188 0.00050108 0.960104
22 0.952306 0.000416078 0.00184122 0.0192881 0.0249218 0.001137 9.02399e-05
11 0.00144294 0.95591 0.0017832 0.00467146 0.0023148 0.0212311 0.0126469
0 0.0066408 0.000721139 0.000423123 0.966955 0.0221589 0.00047369 0.00262787
5 0.00210842 0.00259989 0.000589918 0.00154823 0.986297 0.00147671 0.00537989
13 0.00021508 0.0060206 0.000592592 0.00114451 0.00050041 0.00307841 0.988448
22 0.9543 0.000133126 5.31487e-05 0.000873266 0.0438163 0.000538425 0.0002856
11 0.0017991 0.942324 0.0153053 0.00671936 0.00474476 0.0147948 0.0143126
0 0.00733635 0.00347731 0.00192456 0.963958 0.0118537 0.00437642 0.00707412
5 0.0257862 0.00668888 0.00981368 0.0253572 0.924148 0.00279276 0.00541312
13 0.00138116 0.0174911 0.00301254 0.00653864 0.00283549 0.0144792 0.954262
22 0.961063 0.00290049 0.0107989 0.00522881 0.0130198 0.00101008 0.00597917
11 0.00078631 0.937971 0.00411527 0.00418045 0.00213744 0.0336293 0.0171807
0 0.000489025 0.00281409 0.00387257 0.974726 0.00255792 0.0150739 0.000466696
5 0.0119129 0.000620337 0.000154976 0.000661993 0.984297 0.00160686 0.000746355
13 0.00249113 0.0162951 0.0045714 0.00641389 0.0115294 0.00125463 0.957445
22 0.952015 0.000368615 0.000941857 0.00153177 0.0436825 0.000994921 0.000465154
11 0.000552564 0.941316 0.00488746 0.00496261 0.000813135 0.0374063 0.0100618
5 0.0475141 0.00498783 0.00929847 0.0196502 0.911147 0.00271711 0.00468499
13 0.000370849 0.0179515 0.00797834 0.00434897 0.00117389 0.00647891 0.961698
22 0.938209 0.000552375 0.0016329 0.0190882 0.0387991 0.000688535 0.0010299
11 0.00202747 0.921255 0.0146761 0.00357213 0.00494163 0.0343799 0.0191476
5 0.047907 0.00265433 0.00456589 0.0106136 0.924723 0.00156958 0.00796666
13 0.00226826 0.0143572 0.00160952 0.00264322 0.00938342 0.00490117 0.964837
22 0.945559 0.000706818 0.000734907 0.0110773 0.0401824 0.00162396 0.000115798
11 0.0010303 0.914831 0.00173332 0.00508697 0.000773949 0.0575139 0.0190306
13 0.00406069 0.0173125 0.011262 0.00648215 0.00391538 0.0091574 0.94781
22 0.971934 0.000254242 0.000430586 0.00331913 0.0228137 0.00104764 0.000200943
11 0.00410547 0.954607 0.0102798 0.00527705 0.00520313 0.00758967 0.0129379
13 0.00123462 0.00871933 0.00127512 0.0016103 0.00292855 0.00150386 0.982728
22 0.98549 0.00079417 0.000216408 0.000676278 0.0118962 0.000178972 0.000747725
11 0.00129593 0.947721 0.00721845 0.0105769 0.00284978 0.0223449 0.00799297
13 0.000841487 0.0180139 0.000407011 0.00773559 0.000685711 0.0100401 0.962276
22 0.952465 0.000179081 0.000423882 0.00243452 0.0436915 0.000536299 0.000270189
11 0.00363903 0.967974 0.0133189 0.00613458 0.00384776 0.00345236 0.00163319
13 0.000132455 0.0173471 0.00284073 0.00596575 0.000400781 0.00687687 0.966436
22 0.916986 0.00250428 0.00530127 0.0176612 0.0389039 0.00216739 0.0164764
11 0.00377927 0.936652 0.00409732 0.00720827 0.00282403 0.0317571 0.0136821
13 0.00111185 0.0172749 0.00192174 0.00175006 0.00393106 0.0043247 0.969686
22 0.931276 0.00282352 0.0047317 0.0149134 0.0436623 0.00179212 0.000800519
11 0.00568664 0.959819 0.00687509 0.00384697 0.00670173 0.00470608 0.0123649
13 0.00239111 0.0167593 0.00800796 0.00867722 0.0080317 0.00302478 0.953108
22 0.923273 0.00526472 0.00295191 0.00999821 0.0406323 0.00216905 0.015711
11 0.00581866 0.960501 0.0123179 0.00229174 0.00547641 0.00141818 0.0121766
13 0.00845957 0.00200456 0.00406385 0.00973955 0.0057813 0.000295034 0.969656
22 0.969804 0.000923207 0.00742124 0.0127426 0.00652657 0.000881616 0.00170098
11 0.000889721 0.917078 0.00101659 0.0036466 0.00142136 0.0638382 0.0121093
13 0.00536029 0.0147241 0.00743403 0.00896973 0.0108273 0.00233212 0.950352
22 0.940644 0.00219915 0.00161007 0.00874953 0.04368 0.00224126 0.000875934
11 0.00364577 0.911513 0.0100821 0.010715 0.00533665 0.0399501 0.0187572
22 0.933254 0.00320061 0.00577933 0.0212097 0.0270926 0.00238181 0.00708247
11 0.00224308 0.919151 0.00568404 0.00480987 0.00166224 0.0467169 0.0197334
22 0.976347 0.00241346 0.000574024 0.00331901 0.0131816 0.00150488 0.00265994
22 0.965963 0.000493337 4.23491e-05 0.00256416 0.0293082 0.000306975 0.00132193
22 0.952476 6.42018e-05 0.000287123 0.00301555 0.043668 0.000393824 9.54728e-05
22 0.94265 0.00243035 0.00118183 0.0070909 0.043468 0.00235832 0.000820287
22 0.932003 0.00103853 0.000825444 0.0141118 0.0430643 0.0012578 0.00769918
22 0.976879 0.000712618 0.000754605 0.00279284 0.0150963 0.000855855 0.00290928
22 0.942484 0.000769728 0.00162327 0.00963851 0.0438167 0.00140026 0.00026729
22 0.94166 0.000421292 0.000416266 0.0112757 0.0439421 0.00133718 0.000947789
22 0.968567 0.00168946 0.00504053 0.00312797 0.0169498 0.000628558 0.00399652
22 0.943174 0.000678681 0.00160681 0.00924404 0.043741 0.000846755 0.000708535
22 0.925223 0.00349062 0.00533956 0.022198 0.0367702 0.00180405 0.00517422
22 0.94553 0.00117865 0.00746495 0.00102513 0.0437045 0.000935213 0.000161724
22 0.931047 0.00384537 0.00854993 0.00765746 0.0438368 0.00201753 0.0030458
22 0.94913 0.000369083 0.000813832 0.00453113 0.0430799 0.00123852 0.000837432
22 0.931647 0.00290344 0.012395 0.0201996 0.0222043 0.00653214 0.00411872
22 0.942133 0.000575953 0.00076732 0.0115943 0.0437617 0.000810785 0.000356947
22 0.942615 0.000309428 0.000461572 0.0114221 0.0440015 0.00108381 0.00010628
22 0.951458 0.00051992 0.000409019 0.00233908 0.0436381 0.000878143 0.000757622
22 0.951569 0.000891802 0.000738437 0.000898005 0.0436933 0.00081572 0.00139384
22 0.982737 0.00123212 0.000756275 0.00410639 0.00844264 0.000828911 0.00189677
22 0.940943 0.00360204 0.00519489 0.019592 0.020148 0.00292764 0.00759275
22 0.937284 0.00251014 0.0036457 0.00733333 0.0437049 0.00180284 0.00371916
22 0.933823 0.00287845 0.00866197 0.0209199 0.0265338 0.00254659 0.00463617
22 0.950626 0.000378255 0.00220855 0.00384538 0.0392276 0.000753936 0.00296068
22 0.950609 0.00166003 0.00179603 0.00150462 0.043676 0.000511235 0.000242999
22 0.95534 0.00263213 0.00318768 0.0130925 0.0179046 0.00130857 0.00653455
22 0.966294 0.000262561 0.000295292 0.00230106 0.0301049 0.00051742 0.000224711
22 0.94614 0.00118479 0.00566901 0.00218849 0.0437129 0.000592658 0.000512574
22 0.994552 0.000184034 0.000561937 4.55578e-05 0.00401121 0.000504974 0.000140285
22 0.947596 0.000939673 0.000704824 0.00474816 0.0436113 0.00143964 0.000960179
22 0.928505 0.00299365 0.00613458 0.0129643 0.0439687 0.00225465 0.0031794
22 0.923629 0.00149973 0.0116508 0.0178147 0.0418956 0.00307121 0.000439087
22 0.941508 0.00120884 0.000851059 0.00925441 0.0437063 0.000961434 0.00251003
22 0.933003 0.00146369 0.00300763 0.0163619 0.0431776 0.00177913 0.00120682
22 0.936605 0.00264322 0.0102161 0.019962 0.0232498 0.00262141 0.00470269
22 0.936745 0.000377973 0.000546467 0.0171389 0.0427913 0.000745844 0.00165467
22 0.92909 0.000952435 0.00524724 0.0145204 0.0437657 0.00242588 0.00399797
22 0.981982 0.000364927 0.000688351 0.00135542 0.0148233 0.000400155 0.000386194
22 0.928115 0.00245674 0.00734404 0.0221148 0.030534 0.00240682 0.00702897
22 0.935448 0.000714629 0.00512167 0.011409 0.0438909 0.00115606 0.00225961
22 0.985349 0.000328948 0.0021493 0.00186112 0.00831462 0.00106 0.000936568
22 0.95464 0.000125754 0.000111002 0.000214934 0.0438219 0.000562634 0.000523733
22 0.920062 0.00256666 0.00873739 0.021818 0.0382398 0.00267876 0.00589757
22 0.940367 0.00224109 0.00169749 0.00634924 0.0436921 0.000980082 0.00467301
22 0.953514 0.00278249 0.00803253 0.0146676 0.0161334 0.00226802 0.00260181
22 0.924802 0.00345863 0.00334299 0.0104168 0.0434731 0.0021598 0.0123472
