labels 22 11 4 0 5 19 13
5 0.155507 0.000903663 0.00442114 0.00524012 0.832978 0.000601136 0.000349325
22 0.526188 0.0122824 0.229908 0.123723 0.0559939 0.00961472 0.0422906
5 0.378619 0.000685205 0.000266629 0.00594846 0.6127 0.000580972 0.00120044
5 0.362981 0.000566746 0.00276629 0.0130847 0.617536 0.000983236 0.00208187
5 0.250683 0.00160277 0.00328959 0.0197633 0.705036 0.00093579 0.0186899
22 0.602749 0.008693 0.0951338 0.117129 0.107636 0.00625244 0.0624075
4 0.143167 0.0143457 0.510987 0.0273154 0.279648 0.00691919 0.0176181
5 0.321735 0.00706437 0.0142338 0.00949818 0.630176 0.00424738 0.0130455
22 0.627405 0.00172621 0.00250644 0.0169434 0.345091 0.00127244 0.00505614
22 0.859891 0.00138233 0.0142978 0.0152019 0.104633 0.000672354 0.0039217
22 0.762691 0.00519146 0.0059069 0.0919941 0.116806 0.00376059 0.0136502
5 0.114629 0.000416588 0.001273 0.00996926 0.855049 0.000590926 0.0180721
22 0.890295 0.000259503 0.00058193 0.0274187 0.0802969 0.000216675 0.000930989
22 0.895524 0.000972924 0.00100579 0.00550718 0.0895057 0.000480073 0.00700483
13 0.209045 0.026906 0.0249715 0.138899 0.277575 0.0104505 0.312153
22 0.810972 0.000702603 0.000621641 0.00485761 0.177335 0.000274595 0.00523651
22 0.55336 0.00312069 0.00433636 0.086228 0.316768 0.00142898 0.0347583
22 0.736857 0.00030583 0.000163458 0.00438107 0.256698 0.000198699 0.00139547
5 0.374334 0.00123584 0.00213974 0.129248 0.487037 0.00115989 0.00484506
5 0.266135 0.00171111 0.0128113 0.100212 0.587663 0.000964263 0.0305028
22 0.559733 0.00149025 0.00992357 0.00566498 0.422157 0.00052331 0.000507573
22 0.771184 0.00325937 0.00512919 0.0223023 0.195785 0.00145647 0.000884161
22 0.885517 0.00556927 0.0178108 0.00710027 0.0784995 0.00228502 0.00321793
22 0.909391 0.00122668 0.00168493 0.0435387 0.0418472 0.000696025 0.00161538
22 0.709376 0.00839065 0.0365291 0.0645355 0.079538 0.00228147 0.0993492
11 0.000968801 0.681836 0.0141449 0.00416117 0.00175774 0.276384 0.0207475
19 0.000973553 0.264552 0.0050803 0.00332529 0.00123683 0.696704 0.0281277
11 0.00279045 0.844313 0.00836233 0.0117996 0.00437624 0.0082417 0.120117
11 0.0257594 0.406825 0.243574 0.0858185 0.0435092 0.0161257 0.178388
11 0.0334254 0.34841 0.191053 0.0469815 0.0987004 0.0119698 0.269461
11 0.0209578 0.626756 0.134019 0.0141554 0.0542621 0.00474641 0.145103
11 0.0162888 0.598889 0.200082 0.010263 0.0374294 0.0158551 0.121194
11 0.0011079 0.894945 0.0164811 0.0329227 0.00147216 0.0449353 0.00813635
11 0.0077383 0.63769 0.0479387 0.0166652 0.0104278 0.198535 0.081005
11 0.00228665 0.902159 0.0110679 0.0252579 0.0100579 0.0300315 0.0191391
11 0.00565037 0.562177 0.0174423 0.0309423 0.0106883 0.27613 0.0969697
11 0.00278532 0.767409 0.0279838 0.0202865 0.00862597 0.154749 0.0181607
11 0.0118968 0.676926 0.0126644 0.0392265 0.0916792 0.0215062 0.146101
13 0.00713125 0.128908 0.0246083 0.00637489 0.0156614 0.196447 0.620869
11 0.00219561 0.458973 0.00348596 0.00184939 0.00474447 0.162919 0.365832
11 0.000619175 0.939644 0.00469783 0.00164465 0.00181077 0.0248335 0.0267504
4 0.00477234 0.0318421 0.833739 0.0144135 0.014891 0.088362 0.01198
4 0.012555 0.0454641 0.562089 0.0366692 0.133605 0.0103932 0.199225
4 0.00748337 0.0195659 0.644751 0.0298819 0.292599 0.00391958 0.00179866
4 0.011442 0.0620955 0.698743 0.0425542 0.0214837 0.155854 0.00782729
4 0.00695249 0.0587716 0.728999 0.122022 0.0543048 0.0105101 0.0184397
4 0.0430461 0.0435078 0.566969 0.132253 0.143445 0.0143339 0.0564455
4 0.00258959 0.0213334 0.914603 0.0021916 0.0120525 0.0324856 0.0147444
4 0.00869624 0.362093 0.376922 0.0332983 0.0131001 0.112863 0.0930271
4 0.0304782 0.154437 0.583771 0.0889939 0.0806202 0.016278 0.0454215
19 0.00799585 0.024123 0.0677717 0.176854 0.00655242 0.703982 0.0127207
19 0.00795747 0.025645 0.0755192 0.212537 0.00642623 0.648984 0.0229302
0 0.00607153 0.000429948 0.000338445 0.97142 0.00708475 0.000308403 0.0143474
0 0.00658803 0.00714601 0.0366516 0.922365 0.0100541 0.00747176 0.00972332
0 0.0319772 0.00145932 0.00102487 0.795515 0.0477468 0.00169092 0.120586
0 0.00213466 0.000457599 0.00176171 0.966947 0.00329342 0.0020086 0.0233969
0 0.0141991 0.00171399 0.00287522 0.447043 0.416311 0.00555025 0.112308
5 0.0260584 0.000541879 0.0012683 0.432495 0.506987 0.000480753 0.0321694
0 0.122908 0.00208408 0.00818132 0.759687 0.0980417 0.00152674 0.00757165
0 0.00785803 0.0142432 0.012263 0.659271 0.0428112 0.0158095 0.247744
0 0.00147171 0.000565246 0.000356628 0.987509 0.00597381 0.000354044 0.00376923
4 0.0559873 0.0280818 0.316437 0.283626 0.134812 0.085706 0.0953495
0 0.0188514 0.00182985 0.0248926 0.86563 0.0825609 0.000910201 0.00532471
5 0.0330542 0.00149657 0.00361502 0.0240852 0.933961 0.00118418 0.00260344
5 0.120521 0.0178183 0.0214835 0.0924547 0.70076 0.00900761 0.0379544
5 0.0759055 0.00234688 0.00981091 0.0538352 0.810409 0.00844817 0.0392445
5 0.224199 0.00741025 0.0314781 0.029395 0.652917 0.00452557 0.0500755
0 0.219576 0.0307464 0.0292908 0.327653 0.178284 0.01565 0.1988
5 0.137874 0.00510392 0.00622283 0.0495875 0.584041 0.0019188 0.215252
5 0.147027 0.00609032 0.00743947 0.0172314 0.703251 0.00217347 0.116787
5 0.0102426 0.000122934 0.00039705 0.00130538 0.986297 0.000392308 0.00124233
22 0.654753 0.0384305 0.0570896 0.0274219 0.210609 0.00494938 0.0067468
5 0.093559 0.0012771 0.000940951 0.0165628 0.883638 0.000745744 0.00327594
5 0.040029 0.000723887 0.000741355 0.0838905 0.87236 0.000741671 0.00151387
5 0.0433824 0.00205375 0.00166365 0.0228721 0.927049 0.00146434 0.0015143
5 0.141763 0.0164751 0.0167927 0.0753098 0.727895 0.00342284 0.0183407
5 0.387365 0.00102074 0.00188643 0.0022927 0.60571 0.000862657 0.000861855
19 0.00252071 0.409036 0.0136735 0.0383386 0.00221761 0.504573 0.0296399
11 0.00227099 0.521088 0.0181553 0.00246823 0.00238829 0.346202 0.107428
19 0.00099042 0.0288909 0.00638934 0.000887269 0.00112537 0.961106 0.000611069
19 0.000631668 0.0112693 0.00707101 0.00237411 0.000765559 0.977011 0.000877747
19 0.000305474 0.0222126 0.00409925 0.000872696 0.000533645 0.971251 0.00072547
19 0.00425869 0.0365436 0.201339 0.0102306 0.00449356 0.738671 0.00446339
19 0.00509351 0.186304 0.189781 0.0292752 0.0142742 0.567472 0.00780066
19 0.00443603 0.0288921 0.0225903 0.00853899 0.00938306 0.921985 0.00417453
19 0.00459895 0.0224038 0.127001 0.00548656 0.0159029 0.81991 0.0046965
19 0.00276052 0.0222776 0.00633181 0.0167565 0.00424739 0.94376 0.00386665
19 0.000536652 0.00471445 0.000435052 0.00101928 0.00157308 0.991414 0.000307446
19 0.00391529 0.00429021 0.0100309 0.0106803 0.00449316 0.964577 0.00201279
11 0.00410278 0.641511 0.00752761 0.0685269 0.00337209 0.235177 0.0397825
11 0.0138106 0.588719 0.133353 0.0810368 0.0199064 0.0750559 0.0881181
11 0.00274793 0.690958 0.00188512 0.0326226 0.00173179 0.0984083 0.171646
11 0.0166651 0.421023 0.0129778 0.129451 0.00557132 0.0178186 0.396493
13 0.00117626 0.012418 0.00055336 0.00246438 0.000858138 0.0158265 0.966703
13 0.00494278 0.270478 0.00355094 0.032779 0.00252555 0.00694099 0.678783
13 0.000551907 0.155405 0.000553583 0.00387183 0.000646514 0.022612 0.816359
13 0.0212675 0.0198888 0.0127959 0.0139867 0.0108123 0.0147099 0.906539
13 0.00239575 0.0126892 0.00334861 0.274311 0.0039392 0.00553966 0.697776
13 0.00252846 0.000737288 0.000127764 0.000853837 0.000648066 0.000201308 0.994903
13 0.00443494 0.142258 0.00248091 0.0202257 0.00328218 0.00559064 0.821728
13 0.000886888 0.0178463 0.00134013 0.0104582 0.00051571 0.00160963 0.967343
13 0.000319694 0.0312462 0.000470191 0.00213352 0.00033993 0.00259273 0.962898
13 0.0189742 0.0254711 0.0498004 0.0469556 0.0861304 0.00625028 0.766418
13 0.00941568 0.0168933 0.0189664 0.142322 0.0243637 0.00198389 0.786055
13 0.0140074 0.106906 0.0730093 0.121664 0.019501 0.00488015 0.660032
22 0.628886 0.000408494 0.00199393 0.0167539 0.350623 0.00054766 0.000787589
4 0.0405864 0.0148196 0.389745 0.33884 0.154488 0.0223527 0.039169
