labels 22 11 4 0 5 19 13
22 0.880838 0.000478968 0.00410678 0.014826 0.0926248 0.00183395 0.00529116
22 0.864251 0.00347068 0.0162997 0.0280978 0.0756563 0.00392351 0.00830067
22 0.978212 0.00129976 0.00767904 0.00219908 0.00556667 0.000802512 0.00424131
22 0.964469 0.00708977 0.000719378 0.00215099 0.00544018 0.00295986 0.0171713
22 0.937504 0.00184683 0.00530859 0.0217586 0.0204758 0.00479023 0.00831568
22 0.987804 0.00050862 0.000256522 0.00210863 0.006987 0.000789991 0.00154546
22 0.991119 0.000472855 4.03236e-05 0.00237865 0.00463773 0.000697651 0.000653872
22 0.828193 0.00388872 0.0140402 0.0118721 0.118773 0.00384076 0.0193927
22 0.86595 0.00348961 0.00277578 0.0256561 0.083309 0.00337557 0.0154437
22 0.84633 0.00495294 0.00484279 0.0374691 0.0828347 0.00348218 0.0200886
22 0.989561 0.000538112 0.000398409 0.000812418 0.00716881 0.000693601 0.000827415
22 0.838241 0.00204357 0.00434136 0.0329733 0.108549 0.00370911 0.0101427
22 0.969098 0.00393331 0.00219716 0.00544543 0.00454996 0.00348508 0.0112907
22 0.989012 0.000573114 0.000343905 0.00132171 0.00693969 0.00124759 0.000562269
22 0.851743 0.000704389 0.00166447 0.0281705 0.11566 0.000471005 0.0015862
22 0.984703 4.37754e-05 0.000111601 0.00157456 0.0131394 0.000405942 2.153e-05
22 0.863082 0.0012333 0.00797024 0.00256938 0.123525 0.00088738 0.000733169
22 0.944904 6.53711e-05 5.16513e-05 0.0165335 0.0378575 0.000251696 0.000336393
22 0.900362 0.000374336 0.000455214 0.0288349 0.0690186 0.000480544 0.000474664
22 0.87174 0.000210702 8.24442e-05 0.0037535 0.123961 0.000199712 5.23648e-05
22 0.85421 0.000973147 0.00325679 0.0176594 0.121713 0.00133308 0.000854979
22 0.869523 0.000190869 0.00198804 0.00377856 0.12369 0.000699794 0.000130165
22 0.847126 0.00214655 0.0115602 0.0164565 0.120679 0.0012994 0.000732165
22 0.879632 0.000458864 0.0051752 0.0195698 0.0940806 0.000717638 0.000365678
22 0.978874 0.000266027 0.00195615 0.0015265 0.0164771 0.000747 0.000153639
11 0.00248516 0.9238 0.00388524 0.00839752 0.00280384 0.0184149 0.040213
11 0.000423374 0.923405 0.00183467 0.00154429 0.000419814 0.0526639 0.0197095
11 0.0012479 0.896768 0.0202888 0.00184937 0.0012699 0.0566059 0.0219703
11 0.00380597 0.884381 0.0102563 0.00710748 0.00155864 0.0488795 0.0440108
11 0.0025879 0.896173 0.0131974 0.00216342 0.00511741 0.0370928 0.0436684
11 0.0049365 0.923675 0.0102243 0.00734827 0.0104782 0.00354301 0.039795
11 0.00860045 0.919138 0.0176357 0.00503383 0.0100301 0.0009798 0.0385817
11 0.00202061 0.969351 0.00247028 0.00245724 0.00540123 0.0128592 0.00544006
11 0.00763553 0.892529 0.0246207 0.00921349 0.0137074 0.0193296 0.0329648
11 0.000226737 0.986481 0.00229764 0.000442628 0.000541936 0.00670207 0.00330764
11 0.00738565 0.940781 0.0180601 0.00607358 0.0113063 0.00856838 0.00782518
11 0.00497489 0.931632 0.0208133 0.0023586 0.0119662 0.0216335 0.00662114
11 0.0023604 0.970122 0.0142279 0.000524388 0.0018772 0.00642733 0.00446124
11 0.00476614 0.901264 0.020752 0.00887398 0.0126979 0.0336482 0.0179981
11 0.00198891 0.923921 0.0164958 0.00582078 0.00459709 0.00838798 0.0387885
11 0.00163914 0.956475 0.000331683 0.00138569 0.000499692 0.0004491 0.0392201
4 0.00174451 0.0137145 0.935456 0.0114976 0.0162269 0.0119409 0.00941985
4 0.0139834 0.00426352 0.937676 0.00648478 0.0300497 0.00140165 0.00614052
4 0.00491864 0.00885675 0.963708 0.00831133 0.00970759 0.00408465 0.000413489
4 0.0161957 0.00213411 0.927547 0.00756901 0.0410621 0.000259962 0.00523205
4 0.0109135 0.00809205 0.960395 0.00392961 0.0141993 0.00211047 0.000359994
4 0.00640756 0.0156001 0.935189 0.00314358 0.0329664 0.00216078 0.00453239
4 0.0163316 0.000469786 0.932167 0.00963921 0.0391755 0.00190783 0.000309166
4 0.0153143 0.00669927 0.926177 0.0137301 0.0356807 0.00105894 0.00133923
4 0.00168879 0.00723729 0.972989 0.00147789 0.00528483 0.00946835 0.00185355
0 0.019597 0.0037891 0.00282009 0.884654 0.0817846 0.00149348 0.00586198
0 0.0147268 0.00587818 0.0212351 0.856593 0.0906848 0.0079861 0.00289574
0 0.0245374 0.00289195 0.00780672 0.872935 0.0808856 0.00297816 0.0079655
0 0.0303396 0.00339794 0.0106166 0.852046 0.0944338 0.00684691 0.00231915
0 0.0281683 0.00500135 0.00887703 0.864407 0.0835702 0.00286645 0.00711
0 0.0232219 0.00219902 0.00362603 0.893374 0.0738469 0.00118513 0.00254684
0 0.0152927 0.00266078 0.00559537 0.864535 0.104822 0.0039259 0.00316815
0 0.0202807 0.00140879 0.00624381 0.899009 0.0690701 0.00196059 0.00202708
0 0.0293198 0.000620066 0.00413411 0.856463 0.104624 0.00264188 0.0021968
0 0.0135855 0.000317578 0.00510518 0.862739 0.11639 0.00141092 0.000451782
0 0.0129668 0.00960961 0.00403244 0.839353 0.11251 0.00125943 0.0202683
0 0.00233622 0.00600406 0.0139303 0.905418 0.0286965 0.0377893 0.00582585
0 0.000478343 0.00224147 0.015435 0.973266 0.00398375 0.00273607 0.00185965
5 0.0943376 0.0115612 0.0323491 0.132169 0.683553 0.0119421 0.0340881
5 0.0949244 0.0136263 0.0178507 0.157456 0.702164 0.00296904 0.0110093
5 0.0384459 0.00926232 0.0253752 0.119398 0.755229 0.00303655 0.0492526
5 0.0793003 0.00725722 0.0132318 0.161067 0.709351 0.00743659 0.0223568
5 0.0129975 0.00459849 0.0186081 0.1641 0.790764 0.00480189 0.00412967
5 0.0284368 0.0191219 0.0320513 0.148751 0.758731 0.00477177 0.00813681
5 0.0598354 0.00422365 0.0183343 0.16411 0.739554 0.00643861 0.00750361
5 0.0357527 0.00454991 0.0557109 0.159949 0.722072 0.0138363 0.00812955
5 0.0543276 0.00654487 0.0206457 0.113233 0.789382 0.00238993 0.0134771
5 0.0733424 0.00983744 0.0639403 0.0394055 0.778659 0.00252264 0.0322924
5 0.113383 0.00477361 0.0067378 0.0986152 0.766265 0.00142958 0.00879606
5 0.00718664 0.00588053 0.00371487 0.0107754 0.964707 0.00192402 0.00581111
5 0.0681607 0.0140837 0.0203769 0.120409 0.728559 0.0040298 0.0443804
5 0.129837 0.00213389 0.0018739 0.0703348 0.790813 0.000640032 0.00436753
19 0.0027827 0.0586397 0.00467013 0.00865513 0.00140346 0.903394 0.0204546
19 0.00217979 0.0583923 0.00372831 0.0102542 0.00321798 0.903578 0.0186492
19 0.00496884 0.0532342 0.0156507 0.00781644 0.00334579 0.877321 0.0376629
19 0.00419458 0.0543838 0.0294332 0.0106735 0.00649456 0.877699 0.0171215
19 0.000161113 0.000397243 0.00159333 0.00100112 0.000166985 0.996591 8.90736e-05
19 0.00247825 0.0580055 0.00597628 0.00502704 0.00316633 0.920347 0.00499993
19 0.00405425 0.0585593 0.0126135 0.00636776 0.00749783 0.892105 0.0188023
19 0.00432718 0.0095363 0.0249565 0.0123831 0.00810176 0.937716 0.00297933
19 0.000485215 9.64185e-05 0.00100176 0.00071839 0.00136974 0.996265 6.32814e-05
19 0.00190847 0.00034146 0.00452799 0.000435817 0.00227405 0.990389 0.000122937
19 0.0007069 0.000836158 0.00082488 0.00167801 0.0010591 0.994791 0.000103832
19 0.00198716 0.00258239 0.00481146 0.0167842 0.00485868 0.968556 0.000420123
13 0.00316911 0.0372629 0.00563937 0.00389677 0.00878643 0.00899073 0.932255
13 0.00270672 0.0360255 0.00307517 0.00190002 0.00282114 0.00366704 0.949804
13 0.00276352 0.00352376 0.000539367 0.00100737 0.0041277 0.00132719 0.986711
13 0.0148974 0.0495783 0.029592 0.00913597 0.0152094 0.0300631 0.851524
13 0.0019836 0.0127662 0.00295988 0.00293657 0.00445104 0.00178016 0.973123
13 0.0112333 0.0565002 0.00685837 0.00176612 0.0218233 0.00265377 0.899165
13 0.00461099 0.062658 0.0134699 0.0100459 0.014136 0.027124 0.867955
13 0.0201556 0.0506068 0.00850147 0.0120336 0.0277407 0.0134402 0.867522
13 0.0117943 0.0241904 0.00479722 0.00326763 0.0195275 0.00476295 0.93166
13 0.00708096 0.0312142 0.0159964 0.00231893 0.00453832 0.00767646 0.931175
13 0.00896788 0.0589354 0.0154833 0.0133712 0.0273582 0.00805179 0.867832
13 0.00567057 0.059032 0.00331328 0.00499817 0.0272619 0.00192403 0.8978
13 0.00652912 0.031669 0.0163538 0.0170702 0.0284765 0.000931837 0.89897
13 0.0108689 0.00608892 0.0155908 0.0148092 0.0170195 0.00302439 0.932598
13 0.0133817 0.0465782 0.0218581 0.00645533 0.0178321 0.0166884 0.877206
22 0.866743 0.00219804 0.00156397 0.00367117 0.123583 0.000900146 0.0013409
11 4.88409e-06 0.99493 2.02816e-05 0.000828472 0.000169087 0.000674361 0.00337338
4 0.0046102 0.00468464 0.941698 0.0214952 0.00461906 0.00874182 0.0141513
22 0.85949 0.00368116 0.0047662 0.00515584 0.122994 0.00203719 0.00187561
22 0.85411 0.00590916 0.0283924 0.0335893 0.0576328 0.00645741 0.0139084
22 0.949216 0.000498574 0.000196622 0.00281174 0.0451366 0.00158402 0.000556818
22 0.862732 0.000573955 0.00223015 0.0104277 0.12239 0.000995985 0.000650698
22 0.852151 0.00200638 0.00294318 0.00969484 0.122274 0.000850671 0.0100795
22 0.848184 0.00393257 0.0235407 0.0365355 0.0693773 0.00496962 0.0134602
22 0.843997 0.00444225 0.0402953 0.0104962 0.0922381 0.00560922 0.00292187
22 0.850039 0.00484424 0.00839932 0.00692934 0.122125 0.00368985 0.00397304
22 0.916372 0.00272543 0.00193408 0.014176 0.0590155 0.00249049 0.00328693
22 0.840661 0.00181221 0.00970102 0.0254708 0.117136 0.0013676 0.00385083
22 0.868083 0.00462258 0.00343309 0.0334902 0.0739944 0.00297225 0.0134048
22 0.869483 0.000440935 0.000121929 0.0014583 0.123991 0.000407452 0.0040977
22 0.970463 0.00010287 0.000157793 0.00901913 0.0195168 0.000163032 0.000577487
22 0.988358 0.000428401 7.64755e-05 0.00157843 0.00909352 0.00021426 0.000251289
22 0.927776 0.00687859 0.00240925 0.00814425 0.0240691 0.00352277 0.0272
22 0.977494 0.00058247 0.00010901 0.00189057 0.0192849 0.000221335 0.000418002
22 0.861792 0.00128248 0.00138484 0.0118365 0.112953 0.00111118 0.00963992
22 0.929922 0.000142262 9.7488e-05 0.00157293 0.0675621 0.000178989 0.000524669
22 0.85254 0.000693366 0.00112175 0.0182808 0.121573 0.00191346 0.00387768
22 0.84187 0.00146636 0.00281197 0.0239916 0.118444 0.00146817 0.00994853
22 0.853787 0.00240521 0.00818033 0.0123901 0.121614 0.000931211 0.00069269
22 0.841321 0.0032919 0.00714383 0.0281716 0.11541 0.00342253 0.0012385
22 0.916636 0.00357421 0.0109067 0.00537601 0.0552322 0.0023645 0.00591052
22 0.886102 0.000574098 0.00126625 0.0189402 0.0906251 0.000697741 0.00179495
22 0.886145 0.00494304 0.0146526 0.0162482 0.0431981 0.00236158 0.0324514
11 0.000519606 0.897234 0.0069267 0.00124501 0.000517694 0.0659434 0.0276136
11 0.000343482 0.905416 0.00162037 0.00226595 0.000164977 0.0660936 0.0240953
11 0.000829372 0.94647 0.00748647 0.00294538 0.00143062 0.00168484 0.0391528
11 0.00654814 0.92593 0.0114058 0.00645329 0.00473166 0.00514287 0.039788
11 0.0110804 0.91444 0.0215796 0.00592682 0.0150611 0.00312706 0.0287853
11 0.00981814 0.922192 0.0161136 0.00176431 0.00986509 0.000717058 0.0395294
11 0.00725677 0.914568 0.0134033 0.00449701 0.00876563 0.0112256 0.0402833
11 0.000501218 0.936429 0.00923353 0.0107765 0.000941515 0.0289715 0.013147
11 0.00238832 0.94577 0.0113257 0.00509758 0.00196452 0.0260792 0.00737507
11 0.00457098 0.891585 0.0186685 0.0140266 0.0111977 0.0358708 0.02408
11 0.00227755 0.883552 0.00418586 0.01096 0.0028028 0.0552111 0.041011
11 0.00197365 0.906871 0.0234241 0.00842676 0.00412339 0.0460363 0.00914423
11 0.00534049 0.911407 0.00785335 0.0110818 0.0142951 0.00987363 0.040149
11 0.00730893 0.875275 0.0125357 0.0132122 0.0105699 0.0416281 0.0394701
11 0.00223932 0.892601 0.00274606 0.00115643 0.00159869 0.0581234 0.0415349
11 0.000590412 0.920298 0.0127159 0.0019342 0.00178677 0.024969 0.0377057
4 0.00118355 0.0102778 0.942151 0.00950176 0.00853934 0.0212528 0.00709394
4 0.00323901 0.0108103 0.90107 0.0201586 0.0370697 0.0089476 0.0187047
4 0.00379131 0.0044069 0.919761 0.0169922 0.0494857 0.00423596 0.00132671
4 0.000959682 0.013643 0.947905 0.0153717 0.00579789 0.0143794 0.00194339
4 0.00302206 0.0133076 0.919707 0.0236234 0.0240007 0.00588003 0.0104597
4 0.00417248 0.00838024 0.917477 0.025439 0.0290533 0.00508358 0.0103939
4 0.000996971 0.0119873 0.961706 0.00476081 0.00571423 0.0112632 0.003572
4 0.00158731 0.0137228 0.947188 0.00985394 0.0025145 0.0171348 0.00799865
4 0.0080125 0.0151938 0.929891 0.0149985 0.0197701 0.00448337 0.00765036
0 0.00311519 0.0122121 0.0130944 0.897492 0.0252703 0.0365917 0.0122246
0 0.00253911 0.00998503 0.0103725 0.911867 0.0190305 0.033292 0.0129143
0 0.00319958 0.000986011 0.000229788 0.974519 0.0113167 0.000717715 0.00903096
0 0.0165522 0.0121565 0.0242561 0.85329 0.0595466 0.0139107 0.0202877
0 0.0280132 0.00339544 0.00225921 0.866204 0.0774678 0.00381741 0.0188431
0 0.00117673 0.000272437 0.000833201 0.971998 0.0171954 0.00251878 0.00600555
0 0.00495972 0.00178613 0.00397161 0.850246 0.126954 0.0057236 0.0063583
0 0.0284072 0.00105556 0.00144266 0.85545 0.107506 0.000609706 0.00552904
0 0.0252008 0.00139663 0.00580915 0.859076 0.103405 0.00121047 0.00390133
0 0.00307833 0.0144846 0.0143014 0.884702 0.048801 0.0152277 0.0194051
0 0.00190879 0.00196834 0.00248908 0.944358 0.0405638 0.0012903 0.00742207
0 0.00674317 0.0101165 0.0349442 0.838413 0.0742768 0.01969 0.0158168
0 0.0212473 0.00171599 0.0152431 0.845128 0.113328 0.00123134 0.00210613
5 0.138555 0.00419472 0.00921459 0.0426503 0.799472 0.00190579 0.00400788
5 0.138983 0.00851039 0.0249391 0.0812687 0.721073 0.00690556 0.0183202
5 0.0872486 0.00179033 0.00690984 0.163634 0.730579 0.00496832 0.00486963
5 0.140274 0.00798593 0.0191773 0.0697221 0.73345 0.00456075 0.0248304
5 0.101615 0.0128493 0.0226142 0.0748868 0.727565 0.014129 0.0463401
5 0.118457 0.00556837 0.00326885 0.0240945 0.804399 0.00204538 0.0421676
5 0.0918016 0.00624062 0.00546331 0.0076927 0.85673 0.00209196 0.0299799
5 0.0878351 0.000103737 0.000119061 0.00677616 0.904913 0.000172796 7.97116e-05
5 0.139079 0.0139907 0.0406528 0.0582937 0.736231 0.00397973 0.00777367
5 0.140818 0.000355508 0.000389602 0.0134855 0.84396 0.000307013 0.000684877
5 0.113078 0.000688604 0.000753253 0.154853 0.729457 0.000660135 0.000510612
5 0.100995 0.00128945 0.00247904 0.0397523 0.852886 0.00157294 0.00102467
5 0.117331 0.0147085 0.030665 0.110104 0.713472 0.00510599 0.00861339
5 0.141288 0.000190059 0.000995041 0.00789023 0.849261 0.000285161 9.04697e-05
19 0.00274028 0.0527781 0.0092832 0.00994586 0.00179063 0.883772 0.0396895
19 0.00379005 0.0569306 0.0102703 0.0053001 0.00505822 0.882894 0.0357569
19 0.000552861 0.0378959 0.0220256 0.00053075 0.000287975 0.937298 0.00140896
19 0.000646089 0.0265476 0.00398156 0.00100943 0.000435101 0.965487 0.00189335
19 0.000315245 0.0563675 0.00870627 0.00147157 0.000230458 0.930323 0.00258548
19 0.00417267 0.013927 0.0249275 0.0097134 0.00469421 0.93655 0.00601554
19 0.00427824 0.0152647 0.017751 0.013415 0.00828312 0.929376 0.0116315
19 0.00227157 0.00750053 0.00468399 0.00263725 0.00764181 0.97266 0.0026051
19 0.0037225 0.00220983 0.00845528 0.00157549 0.00926081 0.971692 0.00308449
19 0.00124982 0.0151232 0.00832163 0.0228033 0.00395799 0.939162 0.00938243
19 0.000652783 0.00454595 0.00029442 0.00259057 0.0019772 0.989335 0.000604272
19 0.00197727 0.00259652 0.00540924 0.0274996 0.00476966 0.956971 0.000776295
13 0.000330513 0.0527229 0.00696141 0.00865148 0.000608993 0.0500583 0.880666
13 0.000828383 0.0572442 0.0269576 0.0098026 0.00199657 0.0268501 0.876321
13 0.000368104 0.0627037 0.000406265 0.00165623 0.00030527 0.0251808 0.90938
13 0.00263296 0.0368796 0.00138854 0.00489371 0.00197867 0.00528972 0.946937
13 0.000589484 0.0196702 0.000235136 0.000590589 0.000489347 0.0086056 0.96982
13 0.00120246 0.0616442 0.000571455 0.0023135 0.000360434 0.00329892 0.930609
13 0.000533186 0.0624194 0.000435812 0.00111177 0.000555566 0.0241426 0.910802
13 0.0077701 0.0103843 0.00658591 0.0059996 0.0127483 0.015735 0.940777
13 0.00843995 0.00691078 0.00215343 0.00759232 0.00769161 0.00202566 0.965186
13 0.00185399 0.00211097 2.24922e-05 0.000128377 0.000784225 0.000251879 0.994848
13 0.0052725 0.0487453 0.00321099 0.00305251 0.00240037 0.0147691 0.922549
13 0.000830666 0.012146 0.000600465 0.000713314 0.000701394 0.00111313 0.983895
13 3.79695e-05 0.00514045 5.6005e-05 0.000318901 8.40056e-05 0.00127997 0.993083
13 0.00273804 0.008951 0.0136398 0.00549585 0.0232546 0.00277724 0.943144
13 0.0107322 0.0361056 0.00752753 0.0151893 0.0214217 0.00178718 0.907236
13 0.0103529 0.0603334 0.0209066 0.00508001 0.00536098 0.00180177 0.896164
22 0.865513 0.000163532 0.000863722 0.0124236 0.12036 0.00052259 0.000152729
0 0.0129208 0.00640145 0.0343144 0.848321 0.0808435 0.0120611 0.00513818
22 0.842589 0.00380646 0.0106526 0.0358615 0.103057 0.00209207 0.00194105
22 0.85082 0.000566877 0.00212535 0.0298091 0.113764 0.000579791 0.00233427
22 0.852572 0.0021201 0.00212986 0.0182385 0.121272 0.000960189 0.00270762
22 0.842979 0.00225897 0.0126786 0.0176982 0.120717 0.00300371 0.000665018
22 0.860423 0.000677889 0.000540776 0.0148864 0.121853 0.00103789 0.000581271
22 0.916301 0.000615028 0.000496671 0.00484778 0.0766534 0.000825796 0.000260273
22 0.868191 0.000346487 0.000352304 0.00699783 0.123564 0.0004497 9.9316e-05
22 0.830514 0.0054439 0.00795654 0.0112853 0.118061 0.00344748 0.0232924
22 0.826103 0.00592091 0.00891088 0.0299861 0.113112 0.00358905 0.0123783
22 0.856782 0.00396399 0.00633024 0.00472795 0.122464 0.00207939 0.00365254
22 0.906871 0.000836055 0.0013445 0.00930338 0.080575 0.000546832 0.000522957
22 0.973268 0.000288819 0.000120268 0.0037727 0.0215642 0.000300212 0.000685488
22 0.867668 0.00101114 0.000438376 0.00555022 0.12376 0.00126882 0.000303931
22 0.929349 0.000226848 0.000247974 0.00720744 0.0622856 0.000400477 0.000282857
22 0.865101 0.000855207 0.000936322 0.0115313 0.119959 0.000460596 0.00115599
22 0.844529 0.00412274 0.00493517 0.0315022 0.111232 0.00110734 0.00257096
22 0.860483 0.000645988 0.00330832 0.0123703 0.121606 0.00137693 0.000209153
22 0.846284 0.00344895 0.00279748 0.0319112 0.110933 0.00319489 0.00143011
22 0.855163 0.00541683 0.00270154 0.0324204 0.0650392 0.0028363 0.0364223
22 0.864798 0.000552576 0.00126494 0.0126542 0.119922 0.000590751 0.00021765
22 0.845979 0.00592068 0.0160071 0.00667333 0.120889 0.00230563 0.00222587
22 0.895523 0.000413362 0.000320175 0.00293925 0.100204 0.000402251 0.000197649
22 0.855077 0.0039337 0.00257013 0.00512743 0.122713 0.00135769 0.0092202
22 0.989521 0.000810076 0.00187081 0.000743556 0.00344793 0.00147742 0.00212919
22 0.974659 0.000698414 0.00329713 0.00217468 0.0174069 0.000662282 0.00110157
11 0.000778073 0.925938 0.00228363 0.0021435 0.00160023 0.0372788 0.0299779
11 0.000379357 0.954989 0.000727762 0.00256284 0.000393306 0.00179574 0.0391525
11 0.00090198 0.94959 0.00169841 0.000722048 0.000465323 0.00754765 0.0390744
11 0.00564281 0.901126 0.00530583 0.00265523 0.00129398 0.0409733 0.0430028
11 0.00185119 0.953244 0.00986232 0.000545855 0.00202041 0.0265649 0.00591171
11 0.000226534 0.957751 0.00254194 0.000385685 0.000122777 0.00222282 0.0367494
11 0.000161279 0.990613 0.000729805 0.000118252 0.000157908 0.00660141 0.0016187
11 0.00134026 0.984929 0.00260271 0.000987725 0.00233083 0.00291674 0.00489234
11 0.00452059 0.932215 0.00283182 0.00829462 0.00990281 0.00297158 0.0392637
11 0.000331228 0.890955 0.00414884 0.00744699 0.000714859 0.0658234 0.0305792
11 0.000474502 0.903086 0.00136245 0.00718653 0.000307634 0.0558204 0.0317621
11 0.00287374 0.895051 0.0034291 0.00272194 0.000583586 0.0658559 0.0294845
11 0.000331531 0.9121 0.0051322 0.00665875 0.00210051 0.0316593 0.0420176
11 0.000215718 0.90379 0.00104515 0.00397232 0.000143471 0.0661674 0.024666
11 0.000737677 0.911677 0.00454872 0.00688085 0.000764971 0.065086 0.0103046
11 0.00202593 0.895187 0.00756947 0.00707927 0.000981717 0.0654079 0.0217484
4 0.00075698 0.005669 0.967749 0.00115154 0.00143884 0.0208808 0.0023542
4 0.0028881 0.00641026 0.935128 0.0234524 0.0110775 0.0136704 0.00737362
4 0.00439636 0.0116331 0.933945 0.0206566 0.00509583 0.0128362 0.0114373
4 0.00247835 0.0107546 0.930824 0.0194857 0.00462879 0.0207893 0.0110391
4 0.00997856 0.00190177 0.940867 0.0200557 0.00935796 0.0110102 0.0068286
4 0.00235748 0.00691741 0.929975 0.0252807 0.0129622 0.0126694 0.00983808
4 0.00778871 0.00207391 0.948135 0.0222699 0.00584379 0.011834 0.00205426
4 0.00810872 0.00285433 0.918836 0.0218498 0.0424911 0.000957144 0.00490261
4 0.00589458 0.00974563 0.927103 0.00501209 0.0475994 0.00375798 0.000887079
0 0.00620945 0.0196744 0.0264078 0.83702 0.0532404 0.0402533 0.0171947
0 0.00299563 0.0139375 0.0217766 0.909583 0.0329562 0.00981201 0.00893878
0 0.025831 0.00603721 0.00626228 0.839167 0.111587 0.00105393 0.0100609
0 0.010632 0.0106016 0.00830496 0.91034 0.0504186 0.000932167 0.008771
0 0.00158638 0.00060837 0.00113173 0.976844 0.0181076 0.000304094 0.00141798
0 0.00867922 0.00470982 0.0187605 0.884213 0.067356 0.00412629 0.0121555
0 0.00773339 0.00466049 0.019467 0.843158 0.117961 0.00465336 0.00236726
0 0.00464895 0.0310765 0.0243078 0.883869 0.0320501 0.0146351 0.0094126
0 0.00527769 0.00693527 0.00529799 0.852316 0.126671 0.00293385 0.000568005
0 0.0249073 0.000668527 0.00857296 0.848894 0.115031 0.00155293 0.000373114
0 0.00787977 0.00659026 0.0183331 0.935154 0.025459 0.00523707 0.00134659
0 0.00552804 0.012713 0.00409832 0.910199 0.0576173 0.00179094 0.00805338
0 0.00155499 0.0100059 0.0171631 0.932417 0.0265855 0.00555919 0.00671385
5 0.141065 0.000307612 0.000367098 0.0123258 0.845516 0.000192295 0.000226767
5 0.0897666 0.0214415 0.0802409 0.0823435 0.70077 0.00715452 0.0182831
5 0.0600263 0.00315281 0.00202144 0.166487 0.764693 0.00130446 0.00231521
5 0.130779 0.0121199 0.0189638 0.0186198 0.808022 0.00201603 0.00947884
5 0.139424 0.00461356 0.00258711 0.0466764 0.799574 0.00143088 0.00569371
5 0.14295 0.00670493 0.0141723 0.0582333 0.753397 0.00346693 0.0210751
5 0.0834576 0.0051138 0.00474055 0.0533717 0.837923 0.00375423 0.0116387
5 0.14337 0.0114687 0.02099 0.0608473 0.726036 0.00568661 0.0316013
5 0.0141206 0.000191444 0.00028919 0.00254473 0.981997 0.000764919 9.19698e-05
5 0.143714 0.00208927 0.00389469 0.0745027 0.770483 0.00207492 0.0032419
5 0.140612 0.0037321 0.0176869 0.0702757 0.748416 0.00360125 0.0156764
5 0.141218 0.00340916 0.0164643 0.0634689 0.741911 0.00333036 0.0301985
5 0.0592274 0.0123418 0.0562528 0.150921 0.704024 0.00755729 0.009676
5 0.108801 0.0026329 0.015408 0.155387 0.713227 0.00164191 0.00290267
19 0.00405692 0.0563127 0.0170832 0.0265605 0.00793501 0.867213 0.0208383
19 0.0008335 0.000524893 0.00145736 0.00180515 0.000862181 0.9944 0.000117365
19 0.00410542 0.0456278 0.0302765 0.0125534 0.00642007 0.887089 0.0139274
19 0.00421733 0.0474265 0.00890964 0.024676 0.00766674 0.864567 0.0425364
19 0.000730437 0.00177522 0.000558254 0.000809841 0.00348045 0.991944 0.000701646
19 0.00402307 0.0473758 0.0198782 0.0336565 0.00540171 0.874401 0.0152637
19 0.00413223 0.0124983 0.0129507 0.0238198 0.00709776 0.927957 0.0115446
19 0.000978273 0.0104599 0.0239774 0.0070664 0.00138661 0.955064 0.00106763
19 0.000556621 0.00166431 0.00419351 0.00320056 0.00123361 0.989086 6.49407e-05
19 0.00457623 0.00279559 0.023866 0.00431914 0.00264905 0.960474 0.00132023
19 0.00407977 0.0131718 0.0209897 0.00674372 0.00816479 0.944451 0.00239887
19 0.00104201 0.0249381 0.0114985 0.00680935 0.0019142 0.946673 0.00712488
13 0.0153014 0.0123572 0.00862893 0.00622558 0.0322368 0.000497137 0.924753
13 0.00792661 0.0264804 0.00764056 0.0165455 0.0119804 0.000995346 0.928431
13 0.0117689 0.0609453 0.0153538 0.0023889 0.00913652 0.00254695 0.89786
13 0.00901712 0.0548605 0.0145254 0.0200712 0.0122121 0.0186162 0.870697
13 0.00122297 0.0620505 0.0045469 0.011833 0.00522923 0.0171486 0.897969
13 0.0039705 0.0535876 0.00586297 0.0148213 0.00319942 0.0133949 0.905163
13 0.00625344 0.0212586 0.0247169 0.0150143 0.0193408 0.00698587 0.90643
13 0.00811982 0.0624158 0.0219857 0.00840299 0.00848617 0.0147384 0.875851
13 0.00437632 0.0628164 0.0133385 0.0119785 0.0145566 0.0127071 0.880227
13 0.00175531 0.0610189 0.00345245 0.00529716 0.00480296 0.00324269 0.920431
13 0.000852792 0.0620337 0.0218433 0.00295782 0.00151992 0.0176368 0.893156
13 0.00278669 0.0248425 0.00920795 0.016448 0.0127838 0.00562343 0.928308
13 0.00597589 0.0544229 0.0157192 0.015367 0.00435018 0.0369753 0.86719
13 0.000798414 0.0620406 0.00601101 0.00542512 0.000982274 0.0196187 0.905124
13 0.00669279 0.061983 0.0129467 0.00887386 0.00842644 0.0183369 0.88274
19 0.00148626 0.057788 0.0114005 0.00258859 0.000936501 0.907542 0.0182581
13 0.00442801 0.0616102 0.00172564 0.00205115 0.00608435 0.00839068 0.91571
0 0.0161243 0.0162197 0.0119005 0.820373 0.114012 0.00592705 0.0154434
22 0.842421 0.00485613 0.0135616 0.0376985 0.0838042 0.00278456 0.0148739
22 0.955572 0.00142549 0.00851551 0.0124197 0.0170921 0.00251393 0.0024611
22 0.893225 0.00474163 0.0187426 0.00980175 0.0648682 0.0036793 0.00494176
22 0.953685 0.000487702 0.00286276 0.0141572 0.026304 0.00148974 0.00101356
22 0.819286 0.00434508 0.0190046 0.0276122 0.113175 0.00466116 0.0119168
22 0.898235 0.000960013 0.00115204 0.0128794 0.072986 0.00175099 0.0120367
22 0.937732 0.00115926 0.000709959 0.00347003 0.0525111 0.00116911 0.00324861
22 0.928567 0.000743257 0.00440964 0.0249923 0.0385962 0.00164256 0.00104927
22 0.977871 0.00233527 0.00592825 0.00262855 0.00400146 0.00157787 0.00565747
22 0.837838 0.00390471 0.0219459 0.0380603 0.085246 0.0050646 0.00794051
22 0.836757 0.0027952 0.0126124 0.0222058 0.118984 0.0031892 0.00345695
22 0.988157 0.000104059 0.000757471 9.8866e-05 0.0104758 0.000305847 0.000100576
22 0.867729 0.00159648 0.0013297 0.00423348 0.123645 0.00100785 0.00045893
22 0.858708 0.000184172 0.000470794 0.0177042 0.122321 0.000591581 1.96076e-05
22 0.871382 0.000884951 0.000411383 0.0025451 0.124188 0.000345667 0.000243424
22 0.909217 0.000114769 0.00171623 0.0171442 0.071441 0.000273799 9.30467e-05
22 0.951355 0.000236116 0.00449822 0.021582 0.0212495 0.000976746 0.000102312
22 0.856499 0.00014801 0.000339654 0.0221402 0.120365 0.000472519 3.53685e-05
22 0.856816 0.00593333 0.0192638 0.0336763 0.0744081 0.00343803 0.00646427
22 0.950444 0.000226049 0.000297156 0.00263175 0.0456123 0.000621311 0.000166944
22 0.929506 6.62701e-05 7.35998e-05 0.00795003 0.0621886 0.000170134 4.52367e-05
22 0.862276 0.000884579 0.00182342 0.0191048 0.114444 0.00115451 0.000313037
22 0.93559 0.000325983 0.000792931 0.0106832 0.0516069 0.000860761 0.000140602
22 0.919707 0.00086488 0.0011691 0.0125864 0.064322 0.000884177 0.000466174
22 0.928848 0.000306997 0.00138329 0.0232669 0.0454751 0.000606873 0.000112991
11 0.000592374 0.918457 0.00325923 0.00316493 0.000795076 0.0571914 0.0165403
11 0.00020307 0.889533 0.00527519 0.00563159 0.000539897 0.0648296 0.0339873
11 0.00681288 0.934497 0.00567816 0.0075158 0.00527166 0.000975424 0.0392491
11 0.00658859 0.948809 0.0171986 0.00977912 0.00886268 0.00529644 0.00346561
11 0.00120062 0.95808 0.0149414 0.00518842 0.00164915 0.00479889 0.0141417
11 0.000817402 0.934542 0.00521611 0.000821327 0.000737996 0.0529213 0.00494343
11 0.00534079 0.900884 0.0166555 0.00803014 0.0039585 0.0280135 0.0371173
11 0.00636624 0.901093 0.0155989 0.0283495 0.0114599 0.0215962 0.0155364
11 0.000648663 0.910471 0.0080696 0.00473342 0.00055618 0.0613892 0.0141317
11 0.0014887 0.934953 0.0206 0.00321752 0.000950584 0.0281278 0.0106625
11 0.00341541 0.901908 0.0246438 0.0100166 0.00338091 0.0270269 0.0296088
11 0.00311918 0.943522 0.01773 0.00439693 0.00489034 0.00573813 0.0206033
11 0.00176432 0.943002 0.0187018 0.0024267 0.000813153 0.00724086 0.026051
11 0.00709684 0.910382 0.0155464 0.0143393 0.0119306 0.0039062 0.0367987
11 0.00202133 0.948977 0.0164393 0.00433831 0.00825331 0.0149208 0.00505031
11 0.00114588 0.954507 0.0189366 0.000457292 0.00112105 0.0214285 0.00240396
4 0.00896636 0.0180765 0.913463 0.0106136 0.0380278 0.00598884 0.0048642
4 0.0084775 0.0151358 0.934047 0.00428844 0.0186942 0.00770849 0.0116488
4 0.000274747 0.00063614 0.992627 0.000574181 0.000975726 0.00447388 0.000438637
4 0.00106762 0.0111217 0.960972 0.00643155 0.00680151 0.00612736 0.00747875
4 0.00813164 0.0103201 0.932253 0.0131855 0.0290843 0.00566232 0.00136308
4 0.00621227 0.0139687 0.936998 0.0129475 0.0147996 0.00307414 0.0119995
4 0.00506872 0.010772 0.968408 0.000528571 0.00175804 0.00583869 0.00762634
4 0.00082308 0.00745568 0.981321 0.000454932 0.00551996 0.00380648 0.000618548
4 0.00942102 0.0118277 0.91795 0.0229692 0.0231367 0.00316575 0.0115294
0 0.0211798 0.0059603 0.0120005 0.848094 0.0922349 0.0080152 0.0125157
0 0.0167749 0.00187334 0.00159977 0.845351 0.121161 0.000958687 0.012281
0 0.0088577 0.00432821 0.0134566 0.841789 0.112899 0.00210899 0.0165601
0 0.0272308 0.00492615 0.00899583 0.865326 0.079724 0.00224089 0.0115567
0 0.00100172 0.0023397 0.00390004 0.97191 0.0019998 0.0159192 0.00292931
0 0.0105529 0.00399646 0.0111752 0.831222 0.11774 0.005754 0.019559
0 0.016735 0.00646057 0.00906323 0.828761 0.117084 0.00726136 0.0146341
0 0.0126367 0.000786881 0.00234961 0.934327 0.0486081 0.000514683 0.000777553
0 0.0263787 0.00155418 0.00691401 0.881475 0.0808908 0.00111386 0.00167384
0 0.0165487 0.00178255 0.00996064 0.904085 0.0635748 0.001926 0.00212222
0 0.0194366 0.0017379 0.00344076 0.903786 0.0679886 0.00170134 0.00190845
0 0.0210875 0.00794462 0.0122718 0.885781 0.0669865 0.00304086 0.00288794
0 0.0241572 0.000863837 0.00174488 0.884807 0.0874739 0.000489225 0.000464041
5 0.134694 0.0015983 0.0196778 0.127528 0.713856 0.000749139 0.00189693
5 0.0320756 0.00315507 0.0136724 0.162525 0.777021 0.00306678 0.00848418
5 0.116113 0.0127129 0.0244408 0.137417 0.688143 0.00596668 0.0152066
5 0.140508 0.00244224 0.00765551 0.0568443 0.78903 0.00178456 0.00173448
5 0.141845 0.000423711 0.000206627 0.00464604 0.852309 0.000473167 9.68936e-05
5 0.142025 0.00291195 0.0232083 0.0740611 0.751651 0.00337376 0.00276914
5 0.139021 0.0088123 0.00478306 0.0482105 0.79387 0.00344867 0.00185427
5 0.0365587 0.000230402 0.000542145 0.00564216 0.956094 0.000774063 0.000158309
5 0.015961 0.00278963 0.0234245 0.0242012 0.926404 0.00648169 0.000738034
5 0.145206 0.00123881 0.00261196 0.099009 0.749241 0.0013479 0.00134606
5 0.139654 0.000536911 0.00520176 0.0257226 0.827655 0.000780518 0.000449654
5 0.139922 0.00234844 0.0190965 0.053447 0.781188 0.00202677 0.00197207
5 0.142124 0.00303008 0.0249281 0.0764167 0.747582 0.00322272 0.00269703
5 0.139711 0.000567661 0.00394186 0.0275223 0.826324 0.00165969 0.000273236
19 0.00496437 0.0509748 0.0178034 0.0252824 0.00864893 0.869127 0.0231988
19 0.00253802 0.000638076 0.00313402 0.00392313 0.00254343 0.986529 0.000694262
19 0.00270511 0.058882 0.00978869 0.0123472 0.00488829 0.88927 0.0221184
19 0.00252667 0.0181249 0.0170559 0.0199916 0.00623261 0.932888 0.00317996
19 0.00303945 0.0373015 0.0286579 0.0073425 0.00391557 0.918849 0.000894317
19 0.00365452 0.00603032 0.022041 0.0103518 0.00444931 0.952871 0.000601587
19 0.000326023 3.39333e-05 9.57605e-05 9.06307e-05 8.25335e-05 0.999369 1.88271e-06
19 0.000293683 0.0160564 0.00338524 0.00146732 0.00030166 0.978314 0.000181279
19 0.000400331 0.00228662 0.0038528 0.00227887 0.000338904 0.990774 6.80406e-05
19 0.00444726 0.00593117 0.0244135 0.00904842 0.00597567 0.949491 0.00069338
19 0.00421908 0.0393316 0.0313006 0.0148525 0.0072415 0.892845 0.0102092
19 0.00054522 0.0504225 0.0130113 0.00236529 0.00178279 0.931406 0.000466762
13 0.000656842 0.0384582 0.00336393 0.00659241 0.00442038 0.0083487 0.93816
13 0.00117834 0.0333522 0.00777216 0.00309564 0.000986404 0.0161261 0.937489
13 0.000332007 0.025772 0.00351718 0.0100696 0.000418934 0.0137955 0.946095
13 0.00106963 0.0632204 0.00224323 0.00477032 0.00103504 0.0320444 0.895617
13 0.00384822 0.0620415 0.00568363 0.00709544 0.00254904 0.0311982 0.887584
13 0.000989085 0.00460743 0.00647525 0.00334781 0.000581204 0.00746219 0.976537
13 0.00682012 0.00849587 0.00888896 0.0138849 0.0134003 0.00513442 0.943375
13 0.00089674 0.00833067 0.000465885 0.00114494 0.00070466 0.00642132 0.982036
13 0.00167949 0.00631189 0.00207854 0.00360311 0.0025281 0.013139 0.97066
13 0.00292701 0.0510966 0.00758408 0.0158725 0.011863 0.0492236 0.861433
13 0.00030187 0.0634815 0.00208698 0.00182601 0.000468871 0.0339737 0.897861
13 0.000210213 0.0619232 0.00151758 0.00473744 0.000703729 0.0174472 0.913461
13 0.0179786 0.0040322 0.00994751 0.0149549 0.0185254 0.000767391 0.933794
13 0.015357 0.0602231 0.0170078 0.00405625 0.0122458 0.00166728 0.889443
13 0.0227044 0.0411396 0.0143242 0.0217689 0.0186869 0.00743262 0.873943
13 0.00457777 0.0613576 0.00972276 0.0129505 0.0033107 0.00194249 0.906138
0 0.012756 0.00111584 0.0117067 0.933114 0.0396082 0.000877528 0.000821945
13 0.0111691 0.0578733 0.0319113 0.0066414 0.0111475 0.0109715 0.870286
