labels 22 11 4 0 5 19 13
22 0.858187 0.00133685 0.0097613 0.0608317 0.0636357 0.00210383 0.00414396
11 0.00688575 0.579417 0.0195487 0.0731205 0.0112115 0.199581 0.110235
22 0.537194 0.00402997 0.022293 0.259593 0.133529 0.00524664 0.0381147
5 0.235367 0.0116827 0.00213808 0.0174229 0.728597 0.00254847 0.00224438
13 0.00459691 0.0558371 0.00255111 0.0279389 0.00298262 0.0108444 0.895249
5 0.229922 0.0111336 0.0971393 0.136001 0.472923 0.00982947 0.0430514
19 0.00657516 0.446656 0.00868744 0.0119386 0.00162377 0.461692 0.0628266
0 0.0183393 0.00864011 0.0222431 0.881122 0.0595773 0.00676636 0.00331229
5 0.147691 0.00206229 0.00631305 0.192177 0.645183 0.00144343 0.00513024
13 0.0390054 0.108484 0.0382986 0.0127848 0.0843971 0.00650388 0.710526
0 0.206569 0.00249483 0.0127518 0.622978 0.149907 0.00300661 0.00229338
11 0.000391599 0.990881 0.000240387 0.00188853 0.000335548 0.00218157 0.00408125
0 0.0171101 0.00188156 0.00160283 0.649966 0.313363 0.000998676 0.0150778
5 0.021429 0.0241219 0.00518092 0.0113768 0.897312 0.00215309 0.0384267
13 0.00027744 0.0057625 7.9397e-05 0.000984359 0.000256792 0.000989711 0.99165
22 0.984509 8.43288e-05 6.89313e-05 0.00012562 0.0149226 0.000228325 6.07171e-05
11 0.00147556 0.859252 0.0381935 0.00696079 0.00807489 0.0111079 0.0749357
0 0.0829446 0.021686 0.0222833 0.570243 0.170798 0.0337861 0.0982589
5 0.0484238 0.0520388 0.0594519 0.203781 0.609974 0.00547274 0.0208576
13 0.00747373 0.0756025 0.00682278 0.0960409 0.0283465 0.216055 0.569659
22 0.919011 0.00292501 0.0160578 0.0042125 0.0523479 0.00129587 0.00414992
11 0.000519559 0.929698 0.00107254 0.00141442 0.00128008 0.0274952 0.0385201
19 0.0190027 0.0220139 0.15409 0.262231 0.0299251 0.491538 0.0212
5 0.0160391 0.000433911 0.000179715 0.00196218 0.980215 0.000858836 0.000310758
13 0.00637311 0.201416 0.0067564 0.02118 0.138481 0.00419235 0.621601
22 0.904849 0.000338952 0.0024889 0.00174123 0.0884556 0.00158138 0.000545102
11 0.000360086 0.93261 0.00435871 0.00115728 0.000407814 0.0537456 0.00736026
5 0.0944036 0.0239577 0.0293625 0.157246 0.659949 0.00612242 0.0289586
13 0.00193873 0.281922 0.0591833 0.0220979 0.00336649 0.0125603 0.618932
22 0.784249 0.000606169 0.00210608 0.0241184 0.187481 0.000406594 0.00103324
11 0.0035737 0.719247 0.0364846 0.00636401 0.00886266 0.0740713 0.151396
22 0.833743 0.00253158 0.0046154 0.0103036 0.126538 0.00161453 0.0206539
13 0.0139494 0.0485027 0.00899747 0.0144413 0.030955 0.0125682 0.870586
22 0.895709 0.000308813 0.000538094 0.0143407 0.088005 0.000982545 0.000116052
11 0.00696004 0.472623 0.0127126 0.0322099 0.00832486 0.35775 0.10942
13 0.018403 0.0922344 0.0663589 0.0259257 0.0257183 0.0665659 0.704794
22 0.939504 0.000162196 0.000522643 0.00852411 0.0507272 0.000494852 6.47181e-05
11 0.0261501 0.711394 0.0709694 0.0466161 0.0217232 0.0127594 0.110388
13 0.00403218 0.0406777 0.00236399 0.00196525 0.0085828 0.00414078 0.938237
22 0.932398 0.00128286 0.000432421 0.00462065 0.055618 0.000427194 0.00522051
11 0.000907334 0.888545 0.0167651 0.007787 0.00333449 0.0725802 0.010081
13 0.0015853 0.0145394 0.00147393 0.0217544 0.00123715 0.0373466 0.922063
5 0.453939 0.000931717 0.00199397 0.0500516 0.490708 0.00102771 0.0013483
11 0.0134301 0.687353 0.154488 0.0367706 0.0770796 0.0207575 0.0101221
11 0.000911783 0.668114 0.00900617 0.0166505 0.00200763 0.0499823 0.253328
22 0.557714 0.00565882 0.00711346 0.0561187 0.222729 0.00401057 0.146655
11 0.00507869 0.746692 0.00254937 0.00708807 0.00476152 0.0591744 0.174656
13 0.00215603 0.0968499 0.00112668 0.00132698 0.00700936 0.010773 0.880758
5 0.263199 0.0032973 0.00466385 0.127421 0.598346 0.00177578 0.00129727
11 0.0424142 0.422529 0.055682 0.022929 0.0894926 0.00798961 0.358964
13 0.0108149 0.127037 0.0272058 0.144288 0.0989359 0.021513 0.570206
22 0.406167 0.0428182 0.0134119 0.0845884 0.177275 0.00756141 0.268178
11 0.0300941 0.829527 0.0569449 0.00673833 0.0335706 0.00347198 0.0396527
13 0.280849 0.0624681 0.071436 0.122967 0.162744 0.0152448 0.284292
22 0.861625 0.00342161 0.0459576 0.0154433 0.0653224 0.00273896 0.00549132
11 0.00101696 0.711936 0.00391747 0.000843053 0.00147279 0.256567 0.0242469
13 0.0302981 0.0270255 0.0364145 0.042497 0.063914 0.00626796 0.793583
5 0.064694 0.000365439 0.000292063 0.0213453 0.91201 0.00104863 0.000244688
11 0.0154841 0.325552 0.0311852 0.0299777 0.0251267 0.281261 0.291413
22 0.69548 0.00780704 0.0110659 0.0784745 0.163891 0.00487164 0.0384095
19 0.00645765 0.137824 0.0371864 0.0151089 0.00764378 0.461197 0.334583
5 0.440815 0.00238756 0.00330628 0.00955584 0.537265 0.00243775 0.00423328
22 0.95577 0.00101522 4.89358e-05 0.00353092 0.0368593 0.000784315 0.00199103
22 0.832352 0.000144663 0.00131906 0.0243773 0.141268 0.000414744 0.000124526
5 0.413339 0.000869871 0.00111308 0.0065383 0.576462 0.00108491 0.000592944
22 0.814392 0.00183786 0.00530595 0.017 0.110589 0.00298516 0.0478898
22 0.978295 0.000948065 0.000513297 0.00128276 0.0132371 0.00100057 0.00472275
22 0.827581 0.000335556 0.000225093 0.011255 0.159983 0.00056937 5.12379e-05
22 0.451198 0.00199315 0.00298679 0.154363 0.384477 0.0019794 0.00300263
22 0.960254 0.00217498 0.00751494 0.00894271 0.0111659 0.00142075 0.0085271
22 0.564692 0.00115709 0.000846788 0.0185335 0.413134 0.000839111 0.000797506
5 0.324992 0.0131269 0.0261619 0.0851059 0.5193 0.00362241 0.0276908
22 0.605847 0.00661388 0.126806 0.0140601 0.235385 0.00496553 0.00632241
22 0.731737 0.00960104 0.0219592 0.00886384 0.219386 0.00273855 0.00571424
22 0.609175 0.00046957 0.000584562 0.0188753 0.36825 0.000941672 0.00170396
22 0.364551 0.00513225 0.134313 0.29646 0.153773 0.035879 0.00989159
22 0.551705 0.00105039 0.00218043 0.0158038 0.426659 0.00147564 0.00112548
22 0.661539 0.0034029 0.00538461 0.137987 0.18372 0.00324846 0.00471774
5 0.454335 0.000551129 0.00115114 0.022064 0.519152 0.00131044 0.00143707
22 0.724977 0.000865265 0.00173087 0.00776631 0.261412 0.000550013 0.00269828
22 0.9347 0.00255743 0.0304039 0.0102545 0.0145289 0.0017615 0.00579372
22 0.873317 0.00439473 0.0168807 0.0362536 0.0270343 0.00937544 0.032744
22 0.750853 0.00296678 0.00425874 0.0207959 0.213244 0.00244077 0.00544056
22 0.374322 0.0148497 0.12355 0.279738 0.164047 0.0114813 0.0320117
22 0.944824 0.000800673 0.00141721 0.0118822 0.0379327 0.00111696 0.00202666
22 0.853572 0.0019312 0.0144749 0.00924984 0.11879 0.00126946 0.000712635
22 0.964698 0.00471519 0.00155681 0.00615924 0.0149625 0.0024322 0.00547568
22 0.949559 0.000219311 0.00059603 0.00861112 0.0403784 0.000364008 0.000271835
22 0.71268 0.00144379 0.00353602 0.00325995 0.277366 0.0011602 0.000554108
22 0.968241 0.000289219 0.0023809 0.000548536 0.0278626 0.000446669 0.000231324
22 0.879998 0.000458385 0.000547864 0.0103942 0.106828 0.00122191 0.000551526
22 0.782715 0.00573599 0.0219822 0.00870607 0.17277 0.00207949 0.00601203
22 0.632608 0.0036277 0.0227252 0.0171646 0.312998 0.00944007 0.00143617
22 0.926099 0.00113987 0.00156182 0.00934557 0.0587721 0.00116685 0.00191455
5 0.410685 0.000663436 0.00209036 0.0163984 0.568194 0.0013467 0.000621538
22 0.394878 0.00518775 0.0405873 0.372989 0.163766 0.00507262 0.0175192
22 0.590728 0.000591877 0.000742797 0.110982 0.294101 0.000874453 0.00198062
22 0.460789 0.00453627 0.0148499 0.133134 0.371437 0.00580218 0.00945144
22 0.975141 0.000718491 0.000453699 0.00326962 0.0183353 0.0011351 0.000946784
22 0.635475 0.00532378 0.00715938 0.0355479 0.297778 0.00400148 0.0147145
22 0.814136 0.00163932 0.0085299 0.0764081 0.0948323 0.00238337 0.00207094
22 0.924404 0.00154105 0.0162812 0.0201958 0.0325555 0.00250634 0.00251604
22 0.957276 2.35187e-05 7.61563e-05 0.00214375 0.0402053 0.000150797 0.000124495
22 0.825995 0.00353728 0.0194699 0.0426155 0.0734544 0.00454449 0.0303831
22 0.787115 0.00330405 0.00332267 0.0041838 0.187395 0.0022017 0.012478
22 0.755899 0.0140698 0.11184 0.0300357 0.0731562 0.00658538 0.00841382
22 0.610731 0.0161362 0.030829 0.0251939 0.266634 0.00343048 0.0470449
