labels 4 0 5 19 13 22 11
4 0.973286 0.00544902 0.00342603 0.00731003 0.00305432 0.00337929 0.00409528
0 0.00141081 0.972701 0.000188215 0.013629 0.00657609 0.000196857 0.00529851
5 0.00497401 0.00539938 0.939516 0.00189823 0.00729898 0.0353515 0.00556227
19 0.00985297 0.012532 0.00440635 0.93076 0.00365109 0.00294593 0.0358512
13 0.000388434 0.000854384 0.000287918 0.00420843 0.989331 0.00031703 0.00461273
22 0.00326497 0.00381304 0.0113333 0.00118203 0.00075319 0.978877 0.000776507
11 0.00559709 0.00687381 0.00354356 0.0293571 0.0115682 0.00204709 0.941013
4 0.980642 0.00260325 0.00567715 0.00217026 0.000563429 0.00394257 0.00440094
0 0.00413281 0.9704 0.0164702 0.000269285 0.000745453 0.0076377 0.000344016
5 0.00479227 0.0263379 0.938808 0.00305043 0.00549443 0.01834 0.00317666
19 0.00458775 0.00826904 0.00379051 0.940466 0.00425236 0.00306048 0.035574
13 0.0017715 0.00717702 0.00182438 0.00524114 0.971219 0.00149661 0.0112699
22 0.000213902 0.00334966 0.0304853 0.000774666 0.000115363 0.963996 0.00106542
11 0.00154328 0.00626544 0.00625632 0.00253878 0.00721723 0.00199288 0.974186
4 0.981224 0.00700744 0.00237374 0.00201674 0.0040515 0.00165499 0.00167203
0 0.00628391 0.951165 0.0155177 0.00436849 0.0109282 0.00676679 0.00497035
5 0.00218471 0.0117419 0.937943 0.00243609 0.00700262 0.035825 0.00286662
19 0.00520029 0.00501525 0.000396313 0.983687 9.38336e-05 0.000520321 0.00508736
13 0.00569984 0.0102092 0.00462433 0.000932283 0.963741 0.00298659 0.0118064
22 0.00035055 0.000285316 0.0144573 0.000441579 0.0001849 0.983986 0.000294379
11 0.0111105 0.00183206 0.00573761 0.0121542 0.00402537 0.00309634 0.962044
4 0.979964 0.00208781 0.00176778 0.00406942 0.00383926 0.00184834 0.00642292
0 0.00166856 0.953258 0.0253571 0.00229413 0.0118069 0.00229541 0.00331942
5 0.0137779 0.0186429 0.924337 0.000939305 0.0129715 0.026183 0.00314881
19 0.00313216 0.00644245 0.000359484 0.975265 0.000143471 0.000444271 0.0142129
13 0.00144032 0.00226313 0.00450074 0.00101044 0.984485 0.00339563 0.0029046
22 6.00861e-05 0.000496101 0.0469412 0.000543079 3.829e-05 0.951763 0.000158574
11 0.0119653 0.00580467 0.00722569 0.0168526 0.0076287 0.00405385 0.946469
4 0.97757 0.00690237 0.00295869 0.00115248 0.00326658 0.00314621 0.00500355
0 0.0118552 0.969855 0.000809551 0.0102236 0.00378296 0.000884395 0.00258925
5 0.00446153 0.0211809 0.92313 0.00285141 0.00832481 0.0367381 0.00331324
19 0.0176945 0.0141337 0.00249085 0.935858 0.00191729 0.00231004 0.0255953
13 0.00183613 0.00264158 0.000314499 0.00864126 0.975351 0.000109138 0.0111062
22 0.000958793 0.00975911 0.0468945 0.000699989 0.00152561 0.93794 0.0022217
11 0.000951844 0.00237811 0.000748818 0.0042995 0.00695267 0.000279099 0.98439
4 0.981129 0.00314504 0.00206014 0.00230481 0.00375942 0.00132884 0.00627325
0 0.000816705 0.960401 0.0268235 0.000109931 0.00409438 0.0075923 0.000162651
5 0.0138835 0.026019 0.926546 0.00281883 0.00514268 0.0207134 0.00487708
19 0.0046089 0.00540184 0.00236698 0.974003 0.000346856 0.0013841 0.011888
13 0.00207205 0.00855379 0.00174143 0.00484491 0.970199 0.00111238 0.0114767
22 4.14583e-05 0.003097 0.0441546 0.00033244 0.000460383 0.951696 0.00021862
11 0.0092632 0.00296109 0.00467788 0.00697496 0.00502183 0.0021695 0.968932
4 0.983324 0.0024428 0.00575354 0.000885131 0.00223728 0.0040014 0.00135631
0 0.0088919 0.974392 0.00850782 0.0017567 0.000490016 0.00490206 0.00105906
5 0.000780187 0.00644154 0.952817 0.00105592 0.00140206 0.0357876 0.00171551
19 0.00271726 0.00119829 0.000647107 0.990604 9.24053e-05 0.000446707 0.00429393
13 0.00586245 0.00814917 0.00181185 0.00501502 0.966049 0.00116593 0.0119463
22 0.00514186 0.00724928 0.0468469 0.00209927 0.0008759 0.934649 0.0031383
11 0.00352325 0.00228687 0.000799679 0.0512212 0.00645343 0.000364655 0.935351
4 0.990223 0.00201495 0.000318164 0.00537982 0.000132215 0.000268584 0.00166304
0 0.00479636 0.956852 0.0224315 0.000775014 0.00847128 0.00504882 0.00162524
5 0.00456907 0.0133118 0.929633 0.00188881 0.0105637 0.0365952 0.0034388
19 0.00784879 0.0236808 0.00367581 0.922883 0.0139378 0.00354468 0.0244295
13 0.00311681 0.00578628 0.000504096 0.0107688 0.967388 0.000280695 0.0121556
22 0.0130512 0.0159261 0.0186157 0.00349309 0.00591399 0.93933 0.00367
11 0.0155722 0.00367124 0.00120641 0.0313535 0.00716802 0.000923747 0.940105
4 0.973653 0.005342 0.00177616 0.00819208 0.00412785 0.0011448 0.00576447
0 0.00100826 0.963982 0.0267223 0.000265027 0.000329387 0.00749938 0.0001936
5 0.00436253 0.0257083 0.917306 0.00288524 0.0194236 0.0264769 0.00383765
19 0.00614869 0.00402877 0.00121503 0.953682 0.00135407 0.000551861 0.0330197
13 0.0071772 0.0111753 0.010582 0.0010999 0.963411 0.00349269 0.00306236
22 0.004582 0.0189368 0.0373401 0.00139056 0.00390145 0.931023 0.00282583
11 0.00158703 0.0018352 0.0015257 0.00858405 0.00728267 0.000524202 0.978661
4 0.975625 0.00599059 0.00315015 0.00242893 0.00368797 0.00228884 0.00682854
0 0.000787671 0.955371 0.0260433 0.00115476 0.00730797 0.00402239 0.00531251
5 0.00456972 0.0123834 0.817319 0.00122812 0.000201375 0.163712 0.000586309
19 0.0196363 0.00402264 0.0050917 0.945867 0.00217684 0.00350979 0.0196954
13 0.00597492 0.00708482 0.00448222 0.004222 0.964975 0.00174653 0.0115146
22 0.00874774 0.0186036 0.030955 0.00305777 0.00295662 0.93304 0.00263969
11 0.00139998 0.00519379 0.00023615 0.0520347 0.00406029 0.000359511 0.936716
4 0.978929 0.00249419 0.00638904 0.00199777 0.00220048 0.00234059 0.00564934
0 0.00109497 0.96574 0.0268749 0.000376954 0.00272876 0.00275615 0.000428463
5 0.00454012 0.0136117 0.971615 0.00298438 0.00031011 0.00430747 0.0026309
19 0.00963786 0.00697889 0.00167155 0.94149 0.00340899 0.00147228 0.0353408
13 0.0051342 0.00360476 0.0026928 0.00227926 0.973472 0.00190414 0.0109127
22 0.00547552 0.00905578 0.0469156 0.00222054 0.00307642 0.930784 0.0024717
11 0.000988555 0.00159412 0.000736824 0.0397445 0.00853061 0.000534412 0.947871
4 0.979818 0.00261829 0.00329399 0.000813777 0.00475269 0.00221616 0.00648691
0 0.00537246 0.958475 0.0114461 0.00562024 0.0107553 0.00264136 0.00568937
5 0.00376914 0.0270477 0.933688 0.00213011 0.00770356 0.0197995 0.00586155
19 0.0157572 0.00966244 0.00454328 0.942889 0.00104798 0.00260758 0.0234925
13 0.00906072 0.00949613 0.00968066 0.00325521 0.95172 0.00375374 0.0130336
22 0.00715714 0.0042195 0.0324034 0.0010853 0.00118211 0.951085 0.00286743
11 0.00269495 0.00261161 0.000929432 0.0492748 0.0115577 0.00121151 0.93172
4 0.98979 0.00240989 0.00325732 0.000409587 9.90439e-05 0.00390836 0.000126271
0 0.0055718 0.97289 0.0141212 0.000690221 0.000268444 0.00621464 0.000243708
5 0.00821427 0.027427 0.918606 0.00257538 0.00896338 0.0297696 0.00444416
19 0.0152899 0.017429 0.00381816 0.922048 0.0031746 0.00338974 0.0348504
13 0.00741342 0.0101593 0.0153512 0.000976651 0.953613 0.00261749 0.00986901
22 4.72475e-05 0.00184657 0.0470115 0.000689921 0.00010879 0.950094 0.000202455
11 0.000684242 0.00375096 0.00146716 0.00284844 0.00681996 0.0019805 0.982449
4 0.977944 0.00325088 0.000796939 0.00703658 0.00379131 0.000451789 0.00672853
0 0.00689851 0.954154 0.0262366 0.000399915 0.00320934 0.00698142 0.00212053
5 0.00320709 0.0117541 0.935923 0.00148299 0.00829555 0.0367517 0.002586
19 0.0215479 0.013428 0.00421509 0.926487 0.00268459 0.00291266 0.0287249
13 0.000109479 0.001273 0.000228353 0.00783019 0.979874 0.000104522 0.0105807
22 0.000373558 0.0189375 0.0374768 0.00024825 0.00060742 0.942099 0.000257774
11 0.00480773 0.00206191 0.00171767 0.0445121 0.0139908 0.00106313 0.931847
4 0.976796 0.00767511 0.00161626 0.00669782 0.00332171 0.000971562 0.0029215
0 0.00193799 0.966996 0.0207229 0.000149262 0.000676043 0.00922945 0.000288538
5 0.000894059 0.00224089 0.975429 0.00173139 0.00041439 0.0186069 0.000683332
19 0.01458 0.0233535 0.00386334 0.914183 0.00858763 0.00323899 0.0321933
13 0.00201354 0.00895532 0.000886773 0.00501509 0.971733 0.000168131 0.0112286
22 0.00053165 0.00769475 0.0156313 0.000539976 6.93205e-05 0.975148 0.000385105
11 0.00435234 0.00929449 0.0037204 0.0279252 0.0111464 0.00196796 0.941593
4 0.977359 0.00698423 0.00245185 0.00441389 0.00237389 0.00416203 0.0022556
0 0.0142576 0.951762 0.0154807 0.00483254 0.0052696 0.00552949 0.00286841
5 0.00231873 0.0108842 0.947038 0.000950007 0.00177911 0.0359801 0.00104997
19 0.0207905 0.00954764 0.0038869 0.929707 0.00346469 0.00298928 0.0296136
13 0.00403444 0.00818914 0.000789477 0.0109627 0.966045 0.00117523 0.00880411
22 0.000700534 0.00337879 0.0468364 0.00136535 0.000100165 0.946395 0.00122396
11 0.00288876 0.000835556 0.000408837 0.00789649 0.00735383 0.000274738 0.980342
4 0.978924 0.00625538 0.000775089 0.00662373 0.0010452 0.000538337 0.00583815
0 0.00685928 0.971204 0.0136974 0.000396794 0.000443769 0.00690922 0.000489329
5 0.00420259 0.0141727 0.942098 0.00184868 0.00024446 0.0361938 0.00123954
19 0.0203624 0.0097915 0.0039637 0.930073 0.00354975 0.00308949 0.0291698
13 0.00481836 0.00716505 0.00237173 0.00452526 0.966918 0.00262123 0.0115802
22 0.00600298 0.0134465 0.0061689 0.00314529 0.00410318 0.964482 0.00265165
11 0.00607335 0.00431381 0.00493895 0.00627117 0.00772077 0.00309088 0.967591
4 0.973447 0.00728232 0.00116179 0.00483384 0.00469175 0.00235246 0.00623121
0 0.0118963 0.970732 0.0027009 0.00526993 0.00491217 0.000938 0.00355035
5 9.47731e-05 0.000598421 0.961818 0.000477456 0.00102237 0.0358257 0.000163276
19 0.00514499 0.0176137 0.00444395 0.923617 0.013752 0.00301807 0.0324103
13 0.00404397 0.00790991 0.00538582 0.011237 0.958438 0.00331147 0.00967344
22 0.0013912 0.00890715 0.0468572 0.000632572 0.00117258 0.94067 0.000368772
11 0.00719918 0.00276817 0.00155274 0.0489899 0.00632779 0.000579416 0.932583
4 0.981367 0.0035338 0.00505817 0.000413067 0.0018692 0.00472407 0.00303447
0 0.00273837 0.96212 0.0199758 0.000688359 0.00340812 0.00941578 0.00165406
5 0.00334353 0.00741851 0.947028 0.001066 0.00360577 0.0357727 0.00176577
19 0.00449045 0.0033709 0.000536271 0.987178 0.000268451 0.000470646 0.00368506
13 0.00615376 0.0080463 0.00424846 0.00998857 0.957382 0.00148814 0.0126929
22 0.000657467 0.0105902 0.0469009 0.00214133 0.000504273 0.936796 0.00241022
11 0.00590616 0.00561462 0.00335937 0.000986295 0.00739148 0.00331491 0.973427
4 0.984887 0.00233995 0.00319163 0.00103659 0.0024201 0.00408438 0.00204058
0 0.0124959 0.962335 0.00590569 0.0081218 0.00455928 0.00306399 0.00351843
5 0.000386921 0.0014598 0.961356 0.000368678 0.000332735 0.0358099 0.000285688
19 0.0063097 0.0037724 0.00310271 0.942951 0.00538144 0.00295199 0.0355304
13 0.00363157 0.00153924 0.00821385 0.00186575 0.970079 0.0035851 0.0110853
22 0.000593388 0.0151864 0.044971 0.000796231 0.00430751 0.932609 0.00153634
11 0.0110644 0.0173624 0.00480938 0.016874 0.00643831 0.00325143 0.9402
4 0.982416 0.00707799 0.00337351 0.000402566 0.00252139 0.00247995 0.0017287
0 0.00404974 0.945434 0.0253459 0.00160694 0.00696482 0.00920377 0.00739441
5 0.000612294 0.005848 0.956942 0.000656316 0.000114051 0.0356843 0.00014332
19 0.00766441 0.00716218 0.000944524 0.960754 0.00119859 0.000889191 0.021387
13 0.0119651 0.00654681 0.0166053 0.00315925 0.94939 0.00257595 0.00975764
22 0.00142832 0.00483478 0.0468595 0.000553681 0.000468387 0.945527 0.0003285
11 0.00405638 0.00461782 0.00115079 0.0518283 0.00611486 0.00167741 0.930554
4 0.980656 0.00499383 0.00657546 0.00202142 0.00162809 0.00153279 0.00259209
0 0.00435498 0.949421 0.0274064 0.00260211 0.00972856 0.00466706 0.0018197
5 0.000482218 0.00898535 0.948913 0.000624165 0.00396286 0.0355663 0.00146606
19 0.0079993 0.011323 0.00436219 0.932991 0.00490935 0.00308896 0.0353263
13 0.000162595 0.00241851 0.000136511 0.00845464 0.977705 0.000100974 0.0110215
22 0.00519224 0.00511234 0.125054 0.00204549 0.00932379 0.850449 0.00282387
11 0.00615493 0.00132202 0.00191359 0.0183554 0.00779156 0.000504557 0.963958
4 0.977454 0.00477695 0.00602258 0.00224418 0.000974682 0.00244541 0.0060825
0 0.00467253 0.965361 0.0162158 0.000934659 0.00245434 0.00783524 0.00252686
5 0.00304623 0.0133181 0.920356 0.00102337 0.00869118 0.0519994 0.00156597
19 0.012224 0.00841744 0.00426108 0.931953 0.00411756 0.00305001 0.0359767
13 0.00109662 0.00162037 0.00287461 0.000288479 0.986422 0.00597832 0.00172003
22 0.000230855 0.000877211 0.0469936 0.000672507 0.000241499 0.95048 0.000504736
11 0.00294289 0.00541452 0.00259094 0.0519008 0.00509006 0.00184474 0.930216
4 0.986513 0.0044559 0.00178677 0.0031271 0.000670427 0.00138614 0.0020603
0 0.000681951 0.965835 0.0190864 0.000948753 0.00676126 0.00173047 0.00495615
5 0.00431451 0.0229647 0.948029 0.000883886 0.0167469 0.00596407 0.00109719
19 0.0185863 0.0184715 0.00441746 0.945058 0.00162425 0.0040343 0.00780833
13 0.00635886 0.0131071 0.010035 0.00526541 0.951947 0.00229286 0.0109943
22 0.0014409 0.00132071 0.0328691 0.000825558 0.000233718 0.962621 0.000688824
11 0.00120046 0.00479932 0.000263931 0.0519391 0.00548919 0.000251172 0.936057
4 0.977284 0.00399807 0.0022857 0.00559857 0.00285308 0.00171335 0.00626727
0 0.00363226 0.950449 0.0280383 0.00252785 0.00697988 0.00548167 0.00289145
5 0.000220043 0.0014911 0.960452 0.00102927 0.000212324 0.035712 0.000883455
19 0.00559101 0.00218934 0.00176517 0.951223 0.00205071 0.00204615 0.0351351
13 0.00543882 0.0110426 0.000701568 0.00743022 0.968839 0.00167447 0.00487355
22 0.0047876 0.0114536 0.0334869 0.000651877 0.00182279 0.946342 0.00145564
11 0.0140944 0.00663673 0.00696568 0.0261485 0.00830793 0.0027154 0.935131
4 0.982689 0.00693147 0.00248951 0.00442449 0.000509286 0.00224244 0.000713964
0 0.00565429 0.958593 0.0169156 0.00126537 0.00717 0.00864758 0.00175381
5 0.00171987 0.0275104 0.935895 0.00107519 0.0134343 0.017519 0.00284615
19 0.00607228 0.00532456 0.000725729 0.983507 0.00015726 0.00168345 0.00252985
13 0.00224766 0.00798307 0.00147389 0.0069459 0.969209 0.000436309 0.0117045
22 0.00248531 0.00230733 0.00282233 0.00097946 0.00116756 0.989566 0.000672313
11 0.00325727 0.00528159 0.0030985 0.0379161 0.0145438 0.000768088 0.935135
4 0.979841 0.00457872 0.00488259 0.00186241 0.000449484 0.00438105 0.00400487
0 0.00740236 0.952387 0.0273318 0.00265161 0.00260833 0.00540858 0.00221065
5 0.00448612 0.0240757 0.926983 0.00281332 0.00497806 0.035418 0.0012458
19 0.0207421 0.0170079 0.00386654 0.929278 0.000852328 0.00295932 0.0252936
13 0.00352465 0.00675357 0.0143205 0.00397515 0.959791 0.00452766 0.00710769
22 0.00012136 0.00160694 0.0144725 0.000230417 0.000608432 0.982347 0.000613315
11 0.00586378 0.00969567 0.00589403 0.0245364 0.0113594 0.00178001 0.940871
4 0.980751 0.00227294 0.000901979 0.00895684 0.002461 0.000326781 0.00432926
0 0.003034 0.954528 0.0280205 0.00314637 0.00715528 0.00344792 0.000667933
5 0.00357205 0.00498211 0.953129 0.00208418 0.000130096 0.03572 0.000382915
19 0.0169586 0.00753709 0.00361468 0.963584 0.000661579 0.00429543 0.00334914
13 0.00212922 0.00699797 0.0124938 0.00307419 0.959061 0.00365286 0.0125909
22 0.000149625 0.0004329 0.0128443 0.000372851 0.000914121 0.984887 0.000399235
11 0.00857915 0.00932654 0.000717272 0.0212722 0.0104392 0.000610655 0.949055
4 0.97917 0.00455645 0.00250102 0.00243724 0.00706686 0.00136531 0.00290338
0 0.000830907 0.957843 0.0173509 0.00292687 0.00999609 0.00971634 0.00133636
5 0.000866834 0.0279325 0.939589 0.00115775 0.00309668 0.0247254 0.00263203
19 0.0170757 0.00845591 0.0020693 0.958758 0.000791469 0.00363578 0.00921367
13 0.000665249 0.00508107 0.0032521 0.00196354 0.977141 0.00102187 0.0108747
22 0.00118932 0.0171277 0.0287461 0.00140432 0.00434477 0.944864 0.00232382
11 0.00322159 0.0035808 0.00452441 0.00479239 0.00741335 0.000791502 0.975676
4 0.976331 0.00245116 0.00349949 0.00248458 0.00529286 0.0036114 0.00632917
0 0.00489707 0.972063 0.000810923 0.0132393 0.00382154 0.000497999 0.00467019
5 0.000865001 0.0130723 0.936876 0.00111278 0.000264203 0.0469083 0.000901877
19 0.00251805 0.0134638 0.00624176 0.939888 0.00523272 0.0030479 0.0296074
13 0.00637128 0.00773963 0.00484374 0.00119766 0.963648 0.00703052 0.00916896
22 0.0100296 0.0156557 0.0364428 0.00192953 0.0131663 0.919664 0.00311175
11 0.000485676 0.00279468 0.000798417 0.0168887 0.00799648 0.000346658 0.970689
4 0.98101 0.00143123 0.00130979 0.00674164 0.00277766 0.000806888 0.00592242
0 0.000655992 0.992627 0.00398342 0.00022111 0.00122266 0.000930827 0.000359004
5 0.000296827 0.0280124 0.941748 0.000662995 0.000958803 0.0279212 0.000400035
19 0.0163262 0.00818984 0.00267171 0.960242 0.000852484 0.00313587 0.00858147
13 0.00376904 0.0089931 0.000956151 0.00810943 0.965566 0.000585776 0.0120201
22 0.00576128 0.0126941 0.0462579 0.00100886 0.00125043 0.931702 0.00132491
11 0.00984489 0.00367564 0.00223279 0.0511044 0.00599003 0.00174037 0.925412
0 0.00834212 0.961839 0.00739223 0.00492425 0.00922903 0.00403602 0.00423763
5 6.85268e-05 0.000612554 0.994938 0.000234797 0.000242844 0.00354559 0.000357708
19 0.00785808 0.00922855 0.00380698 0.934048 0.00585605 0.00320011 0.0360022
13 0.0127486 0.00481519 0.00540359 0.0036604 0.959714 0.00263196 0.011026
22 0.000662635 0.0184488 0.0285124 0.00206805 0.0119095 0.934493 0.00390591
11 0.000966766 0.00487523 0.000404537 0.051038 0.00893684 0.000181482 0.933597
0 0.00311563 0.96152 0.0250559 0.000641982 0.000455989 0.00891018 0.000299979
5 0.00487606 0.0190061 0.932864 0.00117977 0.0202631 0.018197 0.00361414
19 0.0120355 0.0117474 0.00439949 0.95215 0.00280296 0.00313067 0.0137344
13 0.00443024 0.00307719 0.000977959 0.00171087 0.978227 0.000851432 0.0107257
22 0.000602047 0.0132566 0.0460738 0.000813152 0.00273187 0.935776 0.000746665
11 0.00673601 0.0100942 0.00592844 0.00531886 0.0097602 0.00334249 0.95882
0 0.0112561 0.981058 0.000883062 0.00374019 0.000483594 0.00127686 0.00130188
5 0.002488 0.00637279 0.953385 0.00125325 0.000324772 0.0356308 0.000545457
19 0.0115344 0.00826761 0.00178724 0.965701 0.000256716 0.000957773 0.0114949
13 8.09374e-05 0.000638615 0.000921973 0.000232525 0.995947 0.00157469 0.000604414
22 0.00011212 0.00711582 0.0469911 0.000620045 5.51986e-05 0.944874 0.000232006
11 0.00199581 0.000954549 0.000961289 0.0423609 0.00943737 0.00061755 0.943673
0 0.000392947 0.980406 0.00442952 0.000295376 0.00864221 0.00536155 0.000472635
5 0.00355222 0.0122386 0.941006 0.00241231 0.00191752 0.0356357 0.0032376
19 0.0186423 0.0107434 0.00439004 0.946729 0.00153292 0.00373836 0.0142241
13 0.00129405 0.00411027 0.00146533 0.0075517 0.977686 0.000936057 0.00695634
22 0.00300886 0.0107315 0.0169866 0.000742164 0.000583412 0.967548 0.000399633
11 0.0136728 0.00807013 0.00918273 0.0285272 0.00869195 0.00218035 0.929675
0 0.00627316 0.980659 0.00483472 0.000770011 0.0039402 0.00251053 0.00101262
5 0.00025903 0.0124313 0.950493 0.000520698 0.000311314 0.0358088 0.000175576
19 0.00491097 0.0107281 0.00172631 0.949756 0.000500331 0.000654927 0.0317232
13 0.000416519 0.00254212 0.0101693 0.000605403 0.982865 0.00115758 0.00224398
22 0.00345401 0.0128474 0.0462179 0.000835479 0.00210686 0.934055 0.000483562
11 0.00341096 0.0042034 0.00121961 0.0260296 0.0115462 0.00181233 0.951778
0 0.0126794 0.969243 0.000735088 0.010094 0.00467147 0.000884652 0.00169286
5 0.00382356 0.0204655 0.924886 0.00298467 0.0126729 0.0312826 0.00388521
19 0.0172074 0.0202619 0.00274395 0.918914 0.00411098 0.00286029 0.0339011
13 0.00599871 0.00357645 0.00558398 0.0100821 0.961083 0.00169756 0.0119785
22 0.000431606 0.00171462 0.0467687 0.000531096 0.000147777 0.949782 0.000624147
11 0.0088755 0.00716429 0.00324539 0.00911752 0.00902419 0.00137202 0.961201
0 0.00390721 0.968526 0.0164425 0.00174294 0.00103332 0.00801522 0.000332296
5 0.00166192 0.0123823 0.948762 0.000848288 0.000209461 0.0357157 0.000420654
19 0.0118742 0.0126751 0.0042307 0.92859 0.00324342 0.00300294 0.0363833
13 0.00133979 0.00154401 0.00586644 0.00268337 0.973562 0.00400569 0.0109986
22 0.0122986 0.0113225 0.0426041 0.00230837 0.00362358 0.924687 0.00315611
11 0.00675381 0.00503224 0.00191775 0.0260882 0.0107484 0.00247537 0.946984
0 0.000537929 0.984961 0.00559187 0.000461983 0.00607189 0.00158858 0.000787112
5 0.00116203 0.0217832 0.936985 0.00134764 0.000807548 0.0362119 0.00170258
19 0.0111313 0.00916092 0.0039803 0.931119 0.00530269 0.00312945 0.0361762
13 0.00315993 0.00595001 0.0171801 0.00104426 0.961742 0.00496946 0.00595468
22 0.000950426 0.00113875 0.031756 0.000553184 5.37124e-05 0.965362 0.000186125
11 0.00361379 0.00484862 0.00101378 0.0518981 0.00381894 0.00071283 0.934094
0 0.000423495 0.959201 0.0276507 0.000406196 0.00537279 0.00603613 0.000910106
5 0.00610713 0.026207 0.937854 0.00294389 0.00640955 0.0181825 0.0022962
19 0.00636327 0.00827339 0.00321724 0.939142 0.00434518 0.00314506 0.035514
13 0.00353132 0.00530216 0.0167767 0.000430972 0.964135 0.00622658 0.0035968
22 0.00573544 0.00365353 0.0467726 0.00218574 0.00360737 0.934458 0.00358719
11 0.00438444 0.00219813 0.00143269 0.0466617 0.00734358 0.000822623 0.937157
0 0.0129752 0.957224 0.00849104 0.00769403 0.00397981 0.0015956 0.00804071
5 0.0142751 0.00827087 0.930286 0.00223236 0.00630199 0.033513 0.00512074
19 0.00239293 0.0053612 0.000974448 0.986951 0.000292995 0.000980378 0.00304676
13 0.00378097 0.011148 0.00636221 0.00359375 0.969062 0.0028709 0.00318215
22 0.00804767 0.0129908 0.0428038 0.00212424 0.0105531 0.916688 0.00679279
11 0.00251771 0.0062423 0.0009382 0.0478633 0.0128297 0.000605455 0.929003
0 0.00587055 0.96453 0.0163671 0.00038247 0.00416521 0.00826075 0.000423488
5 0.0018077 0.00478439 0.941853 0.00111914 0.0113819 0.0357225 0.00333176
19 0.00669063 0.00669011 0.00393524 0.940901 0.00416935 0.00220767 0.0354059
13 0.00677168 0.0118418 0.00402712 0.000836937 0.967385 0.00380305 0.00533483
22 0.0110934 0.00403718 0.0041089 0.00222697 0.000345114 0.977076 0.00111216
11 0.0118824 0.00537099 0.00680006 0.0121114 0.0102455 0.00334351 0.950246
0 0.00936074 0.963238 0.00148263 0.00905993 0.010488 0.00261492 0.00375617
5 0.00801511 0.01557 0.930227 0.00307653 0.01912 0.0165458 0.00744548
19 0.0177156 0.00756495 0.000811133 0.961093 0.000379498 0.000979629 0.0114563
13 0.00343786 0.0116712 0.00613305 0.00204876 0.963705 0.00285792 0.0101465
22 0.00208801 0.000251623 0.00110179 0.000677875 0.000953996 0.994708 0.000219106
11 0.00804218 0.00593563 0.00392007 0.0033297 0.00813427 0.00144667 0.969191
0 0.00825032 0.970166 0.0104685 0.00101885 0.00147896 0.00773774 0.000880017
5 0.00658968 0.0209293 0.917667 0.00310205 0.0174495 0.0303759 0.00388659
19 0.0181735 0.00449167 0.00105448 0.941432 0.000715963 0.001198 0.0329348
13 0.00213669 0.00945007 0.0133958 0.0011796 0.965469 0.00311083 0.00525767
22 0.00986002 0.0180821 0.0269874 0.00348884 0.00227308 0.936544 0.00276503
11 0.00278297 0.00144919 0.000466155 0.0461863 0.0136846 0.000425931 0.935005
0 0.00202598 0.960213 0.0279507 0.00238448 0.00110209 0.00280475 0.003519
5 0.00765177 0.0114548 0.933972 0.0025304 0.00349497 0.0358032 0.00509297
19 0.00378906 0.00928466 0.00380788 0.939788 0.00464836 0.00295141 0.0357305
13 0.00398323 0.00268539 0.00166057 0.00889883 0.970023 0.00147375 0.011275
22 0.00628165 0.00713705 0.0467274 0.00089408 0.00190906 0.935179 0.00187222
11 0.00121278 0.00521634 0.00293158 0.00510435 0.00718738 0.00156682 0.976781
0 0.0128022 0.944412 0.0116054 0.0144917 0.00774418 0.0027044 0.00624016
5 0.00424647 0.0128158 0.944335 0.000884379 0.000701825 0.0357744 0.00124258
19 0.0076023 0.021272 0.00306514 0.930679 0.00128515 0.00244821 0.0336486
13 0.00822818 0.00284304 0.00991328 0.00441058 0.958585 0.00336347 0.0126567
22 0.00096394 0.00108051 0.0468392 0.000586282 0.00104518 0.948452 0.00103294
11 0.00341547 0.00592256 0.00797166 0.00558538 0.0082868 0.00224388 0.966574
0 0.000983345 0.964497 0.0245075 0.000305144 0.000245668 0.00903016 0.000430774
5 0.00452278 0.0127952 0.942393 0.00118921 0.000934529 0.0358686 0.00229649
19 0.00556878 0.00987176 0.00333985 0.933575 0.0122587 0.00295565 0.0324299
13 0.0054519 0.00710673 0.00636141 0.00886862 0.958803 0.00128619 0.0121221
22 0.00086112 0.0016447 0.0166576 0.00211712 0.0070763 0.967312 0.004331
11 0.0152722 0.00124106 0.00242218 0.0333079 0.00631198 0.00112817 0.940316
0 0.00100418 0.986535 0.00189941 0.00207663 0.00739431 0.000816739 0.000273615
5 0.000264617 0.00359605 0.95844 0.00059512 0.000928129 0.0357192 0.000456985
13 0.00439874 0.0109255 0.00916718 0.00248133 0.954249 0.00659359 0.0121849
22 0.00307582 0.0086413 0.0468324 0.000628739 0.00226175 0.93782 0.000739666
11 0.00247018 0.00276209 0.00573537 0.00315037 0.0032682 0.00184644 0.980767
0 0.0141599 0.949012 0.0232147 0.00253269 0.00330229 0.00358723 0.00419088
5 0.00498609 0.0270528 0.929765 0.0011461 0.00414164 0.0320128 0.000895158
13 0.00697189 0.00536686 0.00516939 0.00815313 0.960719 0.00181583 0.0118034
22 0.00360709 0.0150312 0.0166938 0.000962297 0.000957964 0.961796 0.000951637
11 0.00427109 0.0111461 0.00226456 0.045214 0.0103666 0.00112129 0.925616
0 0.00368884 0.954791 0.023089 0.000379907 0.00556223 0.0117814 0.000707544
5 0.00190887 0.0127466 0.941454 0.00249074 0.00158341 0.0358511 0.00396508
13 0.00314675 0.00844376 0.00199234 0.00613232 0.966667 0.00203669 0.0115808
22 0.010618 0.0106457 0.0463812 0.00246077 0.00492943 0.922055 0.00290979
11 0.00424486 0.00502042 0.000745287 0.0516794 0.0064638 0.00184349 0.930003
0 0.00690308 0.95133 0.0269168 0.00288827 0.00418595 0.00541416 0.00236196
5 0.00340294 0.0276388 0.935587 0.000662085 0.0020333 0.0299604 0.000715299
13 0.0082692 0.00240091 0.0102141 0.000646724 0.962395 0.00359397 0.0124802
22 0.00470945 0.0191208 0.0356651 0.00125502 0.000180111 0.938423 0.000647008
11 0.000771936 0.00295616 0.00073571 0.00526548 0.00515122 0.000471987 0.984648
0 0.00223953 0.95613 0.0263223 0.000609663 0.00537353 0.00848243 0.000842363
5 0.0015154 0.00237175 0.982904 0.00145183 0.00672043 0.00250909 0.00252749
13 0.000136693 0.00143523 0.0002398 0.00136173 0.99364 8.89928e-05 0.00309729
22 8.29954e-05 0.000768498 0.0394432 0.000472462 6.90703e-05 0.959087 7.63952e-05
11 0.00855952 0.00427135 0.00326593 0.0122842 0.00992009 0.00119607 0.960503
0 0.00432941 0.951063 0.0161032 0.00516406 0.012444 0.00723426 0.00366164
5 0.00972365 0.0273094 0.928899 0.00268683 0.0069861 0.0182079 0.00618717
13 0.00350396 0.00768171 0.00517653 0.0120648 0.957025 0.00146405 0.0130844
22 0.00805394 0.00576648 0.0168849 0.000872101 0.00235226 0.962978 0.00309214
11 0.000675017 0.00164822 0.000580739 0.0110411 0.0074815 0.000203329 0.97837
0 0.0064784 0.975277 0.000877023 0.0132827 0.00113074 0.000425755 0.00252831
5 1.11285e-05 1.55663e-05 0.996932 0.000882999 8.90945e-05 0.00168288 0.000386746
13 0.00475617 0.00828693 0.015493 0.00185497 0.956075 0.00389474 0.00963898
22 0.00102031 0.000430777 0.047002 0.000875132 0.000185878 0.950166 0.00032008
11 0.00537204 0.00269063 0.000689577 0.0484251 0.00770969 0.000349343 0.934764
5 0.00606007 0.0150108 0.929791 0.00268635 0.00537202 0.0364484 0.00463119
13 0.00699778 0.00618555 0.0008769 0.00781989 0.966059 0.00032063 0.0117405
22 0.000593311 0.00869803 0.0317779 0.000647356 0.000949012 0.95685 0.000484299
11 0.0067555 0.00454126 0.00523172 0.0287523 0.0112417 0.00152769 0.94195
5 0.0040624 0.0122709 0.890212 0.0011802 0.00945223 0.0821187 0.000703987
13 0.0039843 0.00854743 0.00870487 0.00255207 0.968318 0.00155091 0.00634289
22 0.00043515 0.00369461 0.0464038 0.0011331 6.26121e-05 0.947612 0.000658397
11 0.00229112 0.00716704 0.000848764 0.043348 0.0144678 0.000815061 0.931062
13 0.00788446 0.0109621 0.00896344 0.00864021 0.947794 0.00283698 0.0129185
22 0.000731472 0.00742494 0.0130616 0.00166975 0.000161529 0.97661 0.00034111
11 0.00629388 0.00777912 0.00486647 0.00954854 0.00852153 0.00304288 0.959948
13 0.00270479 0.00188212 0.00517799 0.00151893 0.981752 0.00184396 0.00512056
22 7.59959e-05 0.001564 0.0143967 0.000154289 0.000597877 0.982778 0.00043342
11 0.0143384 0.00642832 0.00295146 0.0439301 0.00615156 0.00173696 0.924463
13 0.00192697 0.00754477 0.000823186 0.00832508 0.974793 0.000422111 0.00616505
22 0.000613923 0.00224186 0.0469298 0.000521798 0.000123996 0.949356 0.00021217
11 0.0107488 0.00654699 0.00689125 0.00700561 0.00222067 0.00282176 0.963765
13 0.00575274 0.00391216 0.000375474 0.0083346 0.969952 0.000174507 0.0114989
22 0.00152949 0.00743455 0.0467216 0.00211354 0.00976444 0.929666 0.0027704
11 0.00168854 0.0048401 0.00225287 0.0261136 0.00893371 0.00276876 0.953402
13 0.000552712 0.00127902 0.00357371 0.00417333 0.978531 0.0010458 0.0108442
22 0.00474525 0.0123618 0.0465416 0.00211844 0.00073308 0.930683 0.00281681
11 0.0073461 0.00362796 0.00652437 0.0035795 0.0085781 0.003653 0.966691
13 0.00730169 0.0126919 0.0142327 0.00325188 0.949321 0.00232025 0.0108811
22 0.00333903 0.0159665 0.0341053 0.00210314 0.0147872 0.924587 0.00511197
11 0.00755505 0.00372489 0.00519113 0.00103407 0.00821741 0.00300183 0.971276
13 0.00542255 0.0115624 0.00911054 0.000313527 0.962832 0.00940378 0.00135472
22 0.00637713 0.00702919 0.0145959 0.00109174 0.0023966 0.967508 0.00100141
11 0.00474566 0.00138822 0.0013336 0.0498834 0.00986235 0.000809081 0.931978
13 0.00676822 0.0114508 0.0149572 0.00239758 0.949798 0.00425589 0.0103721
22 0.00066655 0.00674938 0.0719509 0.00144455 0.000384025 0.917066 0.00173899
11 0.0102435 0.00740394 0.00470048 0.0454698 0.00962289 0.00342048 0.919139
22 0.00290584 0.0187351 0.0315696 0.00221111 0.00788034 0.933556 0.00314235
11 0.00654123 0.00562806 0.00218342 0.0320803 0.0431527 0.0017411 0.908673
22 0.00118302 0.000948412 0.0468119 0.00134717 0.00148441 0.944702 0.00352288
22 0.000146209 0.000910689 0.0214472 0.000390914 0.00073339 0.975932 0.000439365
22 0.00124627 0.0125761 0.042641 0.000329153 4.03088e-05 0.943067 0.000100393
22 0.000868037 0.00157777 0.0469189 0.00214073 0.00026765 0.944838 0.00338844
22 0.00108273 0.00879473 0.0417221 0.000995156 0.00539368 0.941188 0.000823624
22 0.000768207 0.000783336 0.0197833 0.000850076 0.00224516 0.974412 0.00115783
22 0.000855457 0.00793355 0.0469363 0.00129244 0.000132726 0.942149 0.000700635
22 0.000185182 0.0148687 0.0452271 0.00113019 0.000326456 0.937883 0.000379342
22 0.00140836 0.000988421 0.00106452 0.000676202 0.00139687 0.993088 0.00137752
22 0.000399856 0.00679475 0.0468466 0.000810214 0.000348983 0.944356 0.000443534
22 0.00431153 0.0178096 0.0427192 0.00208055 0.00473913 0.925136 0.00320391
22 0.00760956 0.000293272 0.0235563 0.00110659 0.000188847 0.965834 0.0014117
22 0.00716515 0.00189074 0.0468203 0.00162134 0.00199357 0.936348 0.00416069
22 0.000250578 0.00377466 0.0465737 0.0007728 0.000332974 0.947904 0.000391502
22 0.0139158 0.0168923 0.0219456 0.00564278 0.00234253 0.935968 0.00329321
22 0.0010641 0.00249869 0.0468608 0.000906373 0.000200551 0.947512 0.000957434
22 0.000212535 0.00872374 0.0470162 0.000873216 4.99026e-05 0.942891 0.000233903
22 0.000338204 0.00484454 0.0463908 0.000727056 0.000566692 0.946577 0.000555912
22 0.000559718 0.000494801 0.0469421 0.000687693 0.000942988 0.949221 0.00115148
22 0.00555488 0.0022665 0.00677495 0.000885629 0.000956695 0.982683 0.000878327
22 0.00955274 0.0157958 0.0213748 0.00368804 0.00477889 0.941508 0.00330154
22 0.00151678 0.00537682 0.0467456 0.00183631 0.00132914 0.940785 0.00240993
22 0.00741837 0.0152106 0.0451222 0.00216016 0.00342881 0.92413 0.0025302
22 0.0041872 0.00813493 0.0424242 0.00104883 0.00280169 0.940874 0.000529313
22 0.00571458 0.00181447 0.0468066 0.000482488 0.00038199 0.942954 0.00184612
22 0.00150203 0.00823545 0.0185972 0.00144088 0.0052149 0.962156 0.00285358
22 0.000596729 0.0020155 0.0111104 0.000298831 8.543e-05 0.985661 0.000231659
22 0.00241579 0.00134323 0.0468466 0.000632627 0.00091918 0.946333 0.00150911
22 0.000779747 0.000140251 0.00908589 0.000559397 7.32807e-05 0.989096 0.000265464
22 0.00123107 0.00690827 0.0426718 0.00130458 0.000350936 0.946811 0.000722569
22 0.00684168 0.0030932 0.0468165 0.00210382 0.00236167 0.935997 0.00278577
22 0.00682014 0.00956063 0.0468811 0.00298783 0.00069378 0.931013 0.00204386
22 0.000991944 0.00246189 0.0468203 0.00102652 0.000872502 0.946862 0.000965141
22 0.00163882 0.00754388 0.0465484 0.00118022 0.000562354 0.940802 0.00172422
22 0.00612016 0.0188459 0.0401799 0.00234355 0.00383636 0.925884 0.00278969
22 0.000364358 0.00842468 0.0469834 0.000542449 0.000509897 0.942915 0.000259744
22 0.00442777 0.00745629 0.0468985 0.00187254 0.000910002 0.937334 0.00110061
22 0.000227485 0.000880376 0.0097538 0.000421302 0.000158648 0.98823 0.000327968
22 0.00176701 0.012921 0.0462144 0.00197688 0.00488793 0.929599 0.00263348
22 0.00434003 0.00842228 0.0207562 0.000896416 0.000444195 0.964663 0.000478237
22 0.0023578 0.000923182 0.00263245 0.000721003 0.000229294 0.992872 0.000264589
22 0.000701938 0.000675987 0.046962 0.000363548 0.000102763 0.951097 9.67017e-05
22 0.00905903 0.0194055 0.0332376 0.00235989 0.00581353 0.927275 0.0028492
22 0.00102006 0.00280448 0.0366663 0.00110309 0.00376747 0.951712 0.00292646
22 0.00838149 0.00716017 0.0310487 0.0020582 0.00281629 0.945691 0.00284455
22 0.00427175 0.0107341 0.0457495 0.00210552 0.0116903 0.922476 0.00297283
