labels 22 11 4 0 5 19 13
22 0.900596 0.000451121 0.000152064 0.00244535 0.0869466 0.000207624 0.00920114
11 0.0084084 0.920989 0.0185576 0.00633548 0.0121588 0.00470584 0.028845
4 0.00386973 0.00734649 0.942795 0.00684337 0.0210014 0.0023753 0.0157686
0 0.00911935 0.00669271 0.00892226 0.855941 0.0926848 0.00380713 0.0228325
5 0.0871269 0.00102681 0.01188 0.0808474 0.815962 0.000471521 0.0026849
19 0.00465518 0.0753224 0.00412554 0.00699666 0.00400604 0.891314 0.0135799
13 0.00929367 0.00997296 0.0086891 0.0127085 0.00781607 0.00118748 0.950332
22 0.952964 0.0005835 0.00101413 0.0068636 0.0370612 0.00081628 0.000696935
11 0.000391086 0.961876 0.00290037 0.000196274 0.000640123 0.0276714 0.00632436
4 0.00532107 0.00423982 0.941639 0.0149693 0.0197616 0.00272312 0.0113461
0 0.0211131 0.00268789 0.00323971 0.862171 0.105108 0.00354236 0.00213768
5 0.0846482 7.34887e-05 0.000176024 0.00255027 0.912321 0.000147519 8.38292e-05
19 0.00451221 0.0509438 0.0245638 0.0104182 0.00589991 0.899988 0.00367432
13 0.000861078 0.0059693 0.000679941 0.00193655 0.000581283 0.00148945 0.988482
22 0.90421 0.00014212 0.000386884 0.0102567 0.0834848 0.000528249 0.000991685
11 0.00586951 0.920344 0.0204001 0.00398905 0.00680423 0.0178625 0.024731
4 0.00250692 0.00540157 0.955035 0.0142176 0.00296336 0.0119994 0.00787608
0 0.0111525 0.0105472 0.0101879 0.933854 0.0162507 0.00581817 0.0121894
5 0.0401709 0.00439648 0.00864161 0.120568 0.80939 0.00337089 0.0134617
19 0.00188205 0.00435159 0.00203553 0.00140843 0.00399315 0.986024 0.000305199
13 0.013269 0.00140747 0.0112479 0.00829145 0.0165058 0.00293333 0.946345
22 0.980704 0.0002466 0.00143042 0.00594373 0.0107209 0.000698895 0.000255976
11 0.000841477 0.916301 0.00329519 0.00373268 0.000674077 0.0518203 0.023335
4 0.000849027 0.0111319 0.976197 0.000127815 0.00566743 0.00550054 0.000526472
0 0.0106515 0.0116534 0.00570653 0.935163 0.0292274 0.00086971 0.00672804
5 0.0584023 0.0203458 0.0470061 0.0558023 0.798237 0.00655962 0.013647
19 0.0046268 0.0253994 0.0182301 0.00473742 0.0043334 0.941905 0.000767649
13 0.000365941 0.0249726 0.00114366 0.00175634 0.00206768 0.00476672 0.964927
22 0.884473 0.00183716 0.001664 0.0214356 0.0862075 0.00090086 0.00348212
11 0.00417548 0.928172 0.00946845 0.00451479 0.0111682 0.00925954 0.0332411
4 0.00539703 0.00503988 0.950383 0.0103152 0.0145966 0.00766659 0.00660214
0 0.00287147 0.0111336 0.00334925 0.953978 0.00351985 0.0153717 0.00977658
5 0.0934244 0.00127316 0.0021814 0.0601613 0.83938 0.00173771 0.00184168
19 0.00600942 0.044395 0.0236404 0.0166465 0.00242511 0.880353 0.0265305
13 0.00207769 0.0158598 0.00415653 0.00556766 0.00186732 0.00130594 0.969165
22 0.910463 0.0032625 0.00119637 0.0246339 0.0545065 0.00154774 0.0043901
11 0.000458567 0.925837 0.00192569 0.000616468 0.000700718 0.0598757 0.0105854
4 0.00336569 0.0149676 0.939265 0.0128604 0.0160932 0.00366083 0.00978742
0 0.00124545 0.00744842 0.00902429 0.941331 0.0115038 0.0246546 0.00479271
5 0.0915974 0.00714414 0.0118786 0.058163 0.806701 0.00447185 0.0200438
19 0.000615692 0.00369647 0.00066904 0.000561511 0.000715505 0.993538 0.000203546
13 0.00121757 0.00254294 0.000686258 0.00110572 0.00038804 0.00161205 0.992447
22 0.947942 0.000152027 4.30227e-05 0.00442489 0.0470606 0.000172641 0.000205276
11 0.00252694 0.953063 0.0130775 0.000507316 0.00392185 0.0201354 0.00676758
4 0.00475018 0.0142771 0.944731 0.00165396 0.0311163 0.00138412 0.00208767
0 0.019803 0.00162882 0.00613416 0.863012 0.107763 0.0015127 0.000146052
5 0.0610534 0.0050013 0.00390196 0.0734372 0.838529 0.00176812 0.0163087
19 0.00030745 0.0681803 0.0148207 0.00213112 0.000409076 0.907558 0.00659303
13 0.00137585 0.0009451 0.000561006 0.00158715 0.000610515 0.00181528 0.993105
22 0.905082 0.000659159 0.000409812 0.00567735 0.0863574 0.000742641 0.00107137
11 0.00284864 0.932313 0.0112201 0.00146667 0.00347226 0.0397562 0.00892337
4 0.000704704 0.0134397 0.954413 0.00490111 0.0229893 0.00201696 0.00153497
0 0.00531155 0.0106512 0.00904096 0.921072 0.0313681 0.0101159 0.0124399
5 0.0896558 0.00913111 0.0122367 0.0493831 0.816586 0.00479372 0.0182137
19 0.00355002 0.00401994 0.00419192 0.000942896 0.00791269 0.978571 0.000811582
13 0.00912739 0.00884755 0.0109379 0.00896535 0.0201156 0.00400817 0.937998
22 0.942022 0.000791711 0.000122008 0.00430771 0.0515217 0.00090859 0.000325839
11 0.00185023 0.913186 0.00952488 0.00420129 0.00274311 0.0567609 0.0117331
4 0.0112231 0.00121313 0.962378 0.0110167 0.00247247 0.0101379 0.00155878
0 0.032569 0.00552373 0.00767725 0.843212 0.0907228 0.00442472 0.0158706
5 0.026378 0.00477565 0.0382096 0.115543 0.797867 0.00885946 0.00836776
19 0.00476066 0.0198791 0.0159829 0.00340633 0.00402358 0.950535 0.00141214
13 0.00599359 0.0263547 0.0156851 0.0104784 0.00959036 0.0140358 0.917862
22 0.939702 0.00203519 0.00301792 0.0295478 0.0137729 0.00361225 0.00831233
11 0.000396497 0.944753 0.0100445 0.00084725 0.00136313 0.00988426 0.0327116
4 0.00188929 0.013488 0.950062 0.0105901 0.0136808 0.0046246 0.00566469
0 0.00201581 0.00932699 0.00741708 0.960833 0.0121207 0.00516549 0.00312061
5 0.0932161 0.00871683 0.00451949 0.0384065 0.820606 0.00285354 0.0316817
19 0.00100974 0.0742439 0.0042561 0.00907955 0.00145907 0.898598 0.0113533
13 0.00199586 0.0145505 0.0199268 0.00418573 0.00332428 0.0180744 0.937942
22 0.919041 0.00464507 0.0129173 0.0308887 0.0172015 0.00632946 0.0089769
11 0.00104451 0.955697 0.00605697 0.00118493 0.00227736 0.00178675 0.0319525
4 0.00847828 0.0129849 0.937956 0.0052741 0.0323817 0.00221161 0.000713293
0 0.0115578 0.00140705 0.0112057 0.862987 0.108648 0.000866215 0.00332915
5 0.0134184 0.000124482 0.000276576 0.00436986 0.980475 0.000243789 0.00109215
19 0.00643428 0.0734341 0.0167948 0.00973857 0.00773334 0.873607 0.0122585
13 0.00429311 0.017161 0.0127696 0.00386615 0.00167455 0.00569184 0.954544
22 0.875258 0.00201538 0.00300126 0.0273338 0.0843347 0.000725173 0.00733127
11 0.00133867 0.921917 0.0185515 0.000410821 0.00326181 0.0460923 0.00842804
4 0.00310363 0.0117726 0.940181 0.012931 0.00569567 0.0174157 0.00890033
0 0.0370999 0.00465322 0.00920919 0.861725 0.0790126 0.00575153 0.00254871
5 0.091487 0.00752592 0.00249644 0.0545661 0.823332 0.00291499 0.0176771
19 0.000457727 0.0114342 0.000588682 0.00172252 0.00227164 0.982052 0.00147318
13 0.00487616 0.0257611 0.0177374 0.00194283 0.00174021 0.00371786 0.944225
22 0.969514 0.000281831 0.00011211 0.0133151 0.015492 0.000298864 0.00098604
11 0.0033006 0.937458 0.0187048 0.00587905 0.0022973 0.0251368 0.00722322
4 0.0044899 0.0129733 0.953886 0.00377162 0.0054588 0.00799024 0.0114306
0 0.000263267 0.000362766 0.014439 0.979788 0.000642799 0.00441748 8.6803e-05
5 0.0890831 0.00203464 0.00101545 0.0248362 0.872434 0.00199085 0.00860583
19 0.000728608 0.00909598 0.000513046 0.000403345 0.00263127 0.986144 0.000483925
13 0.00976398 0.0255373 0.0133838 0.00362463 0.00881979 0.00212967 0.936741
22 0.868644 0.00606473 0.031675 0.017689 0.0662365 0.00469697 0.00499415
11 0.00379466 0.891441 0.00781045 0.00408098 0.000522239 0.0546618 0.0376894
4 0.00116812 0.0104758 0.953299 0.00410683 0.0036224 0.0189725 0.00835561
0 0.0291953 0.00129105 0.0070359 0.899621 0.0591133 0.00157705 0.00216594
5 0.0247007 0.00627387 0.0114337 0.117949 0.816008 0.00191526 0.0217196
19 0.00385292 0.0032815 0.00468611 0.0180331 0.00610971 0.96139 0.00264629
13 0.00591327 0.0020324 0.00171235 0.00959696 0.00185747 0.00208332 0.976804
22 0.897105 0.00413453 0.00908995 0.0342497 0.0468542 0.00236369 0.00620256
11 0.00362673 0.902295 0.00592874 0.00799682 0.0035829 0.0402706 0.036299
4 0.0043834 0.00168005 0.973556 0.0123423 0.00260677 0.00170722 0.00372384
0 0.0278449 0.00146969 0.00244962 0.907661 0.0572165 0.00189449 0.00146342
5 0.0901991 0.00025669 0.000493239 0.00633783 0.902343 0.000304492 6.51801e-05
19 0.00198192 0.00173327 0.0077078 0.00617125 0.00238942 0.978935 0.00108088
13 0.0213197 0.00455915 0.00321087 0.00602509 0.0162887 0.0083695 0.940227
22 0.910002 0.00105308 0.000119672 0.00086541 0.0875374 0.000273834 0.000148953
11 0.000290849 0.953253 0.00343044 0.001665 0.000371867 0.00913832 0.031851
4 0.00859643 0.00752407 0.945839 0.00979245 0.0144882 0.0119927 0.00176692
0 0.000529978 0.0133694 0.00323951 0.95531 0.000452291 0.0198282 0.00727083
5 0.0849381 0.0123027 0.0107429 0.0231154 0.849425 0.00338978 0.0160865
19 0.00367843 0.0754037 0.00593758 0.00832906 0.0074579 0.892522 0.00667097
13 0.00104624 0.0146033 0.000315022 0.00200296 0.000461675 0.0110076 0.970563
22 0.952655 0.000680085 0.00453973 0.00692875 0.0327017 0.000581754 0.00191259
11 0.00087217 0.956784 0.00889557 0.00388158 0.000660535 0.00757184 0.0213338
4 0.00658069 0.0113002 0.961547 0.00559949 0.00894618 0.00558357 0.000443063
0 0.0288846 0.00136859 0.00387192 0.903873 0.0587766 0.0012492 0.00197656
5 0.0426837 0.0034719 0.0110887 0.120755 0.808209 0.00504756 0.00874408
19 0.00332974 0.0735101 0.00472367 0.00562269 0.00161249 0.885845 0.0253567
13 0.00560765 0.0225978 0.00192539 0.00804934 0.00149489 0.0090097 0.951315
22 0.890121 0.00133705 0.00058696 0.0204302 0.0866467 0.000651299 0.000227065
11 0.00328122 0.941925 0.00255668 0.00502513 0.0105175 0.00450508 0.0321891
4 0.0045889 0.00429058 0.950019 0.014808 0.0158025 0.00265882 0.00783232
0 0.0339753 0.0137704 0.0183197 0.850383 0.0543405 0.00954084 0.0196701
5 0.0906572 0.00704639 0.00315002 0.0488045 0.832641 0.00388706 0.0138141
19 0.000721798 0.00637117 0.00692507 0.00198282 0.000633043 0.983232 0.000134116
13 0.00708265 0.0265099 0.0129241 0.00841915 0.00686474 0.00148113 0.936718
22 0.989509 0.000599771 0.000968641 0.00179227 0.0061255 0.000482561 0.000522094
11 0.00531988 0.936246 0.0182978 0.00172103 0.0117724 0.0192725 0.00737059
4 0.00637834 0.0123555 0.961221 0.000863823 0.0017182 0.00974668 0.00771611
0 0.0110784 0.0157024 0.00288553 0.873886 0.067302 0.004689 0.0244563
5 0.0611863 0.0114693 0.0319603 0.0723576 0.797051 0.00303055 0.0229449
19 0.000480562 0.00905813 0.00145788 0.000695896 0.00033604 0.987745 0.000226198
13 0.0132067 0.0242898 0.00791486 0.0062305 0.00636818 0.0041453 0.937845
22 0.94943 3.23106e-05 1.25532e-05 0.00808833 0.0423159 0.000114648 6.03082e-06
11 0.00618288 0.928322 0.0186477 0.00546477 0.0120692 0.0221413 0.00717208
4 0.00795839 0.00775525 0.949931 0.0097029 0.0163572 0.00162226 0.00667306
0 0.00216167 0.00145832 0.0133414 0.965041 0.00150301 0.0144063 0.00208796
5 0.0936106 0.0075221 0.0137317 0.0882209 0.781634 0.00500593 0.0102751
19 0.00313244 0.00693825 0.0152295 0.00582646 0.00504921 0.953838 0.00998591
13 0.000308075 0.0261899 0.00632887 0.0047345 0.000349054 0.0181796 0.94391
22 0.876976 0.00389745 0.00405734 0.0278819 0.0841297 0.00112685 0.00193055
11 0.000556561 0.953033 0.00183418 0.00259913 0.000362973 0.00930308 0.0323108
4 0.00128804 0.0125117 0.962444 0.00261487 0.00775559 0.00590583 0.00747967
0 0.0280726 0.00034482 0.000485218 0.860202 0.100428 0.00020906 0.0102577
5 0.0482074 0.0110595 0.0349531 0.112203 0.779702 0.00580564 0.00806968
19 0.00156493 0.0122215 0.0131541 0.00106129 0.00718182 0.963853 0.000963234
13 0.00218767 0.0223321 0.00169924 0.00515957 0.000511075 0.00529486 0.962815
22 0.976035 0.000172391 3.00558e-05 0.00301856 0.019857 0.000147475 0.000739189
11 0.00439094 0.93385 0.0184765 0.00389182 0.00929864 0.0211556 0.00893658
4 0.0147469 0.00268173 0.936976 0.007539 0.0322847 0.000171081 0.00560023
0 0.00704024 0.00300851 0.00742282 0.95091 0.0255766 0.00489581 0.00114643
5 0.0919128 0.00315331 0.00153215 0.0484937 0.846989 0.00104565 0.00687318
19 0.000491936 0.00272435 0.00149862 0.000111448 0.00140868 0.993653 0.00011243
13 0.00235721 0.0174212 0.00370605 0.00741233 0.00195987 0.0113014 0.955842
22 0.879315 0.00345267 0.0083018 0.0186036 0.0862351 0.00297384 0.00111826
11 0.000668468 0.888195 0.0126446 0.00316931 0.000511538 0.0619211 0.0328904
4 0.00068844 0.00163313 0.980223 0.00238999 0.001114 0.0131919 0.000759739
0 0.0127315 0.0028439 0.00917804 0.859803 0.0997927 0.00172587 0.0139246
5 0.09415 0.00822466 0.0103031 0.0667043 0.794582 0.00487637 0.0211599
19 0.00576978 0.0327132 0.0103239 0.0158784 0.00369405 0.901087 0.0305338
13 0.000459116 0.0274501 0.00572031 0.00542464 0.000378376 0.0215358 0.939032
22 0.882409 0.00578757 0.0262776 0.0329107 0.0378811 0.00544897 0.00928537
11 0.00183081 0.930744 0.0206672 0.00273928 0.00106001 0.0357353 0.00722341
4 0.00387597 0.00636038 0.945963 0.00799617 0.00306484 0.0226289 0.0101106
0 0.0116006 0.000445136 0.000845058 0.953294 0.0333229 0.00023214 0.000260557
5 0.049268 0.00709904 0.0088705 0.118899 0.77977 0.00595507 0.030138
19 0.000926165 0.0614515 0.0196537 0.00475004 0.00191045 0.903443 0.00786527
13 0.00765811 0.00368809 0.0129705 0.0092504 0.0113802 0.00241201 0.952641
22 0.885667 0.00429606 0.0118749 0.0361268 0.0504624 0.002283 0.00928943
11 0.00145946 0.937434 0.00426257 0.000762884 0.00131053 0.0205845 0.0341856
4 0.00780985 0.0147352 0.937108 0.00666679 0.0145283 0.0117885 0.00736317
0 0.0156387 0.00857711 0.00318809 0.880261 0.0791483 0.00178898 0.0113982
5 0.0925455 0.00247562 0.0115522 0.0582979 0.830683 0.00270799 0.00173778
19 0.00508131 0.0149738 0.0150284 0.00206592 0.00916332 0.948674 0.00501283
13 0.00232737 0.025625 0.00931107 0.00646913 0.00583192 0.00644487 0.943991
22 0.91108 0.00314064 0.0187892 0.0320223 0.0248288 0.00390994 0.00622912
11 0.000316013 0.895532 0.00419368 0.00451415 9.88709e-05 0.0627754 0.0325696
4 0.0113344 0.0162089 0.930449 0.00801202 0.0253738 0.00472896 0.00389299
0 0.0136337 0.00182414 0.00255883 0.911752 0.0647177 0.000879724 0.00463409
5 0.0115313 0.00385966 0.0116343 0.0336242 0.933578 0.00530965 0.000462844
19 0.00126138 0.0753406 0.00547181 0.001826 0.000681291 0.905707 0.0097118
13 0.00132673 0.0176818 0.00265273 0.001294 0.00298583 0.00359655 0.970462
22 0.871932 0.00230285 0.0107165 0.0180377 0.0859069 0.00334786 0.00775593
11 0.000363502 0.955564 0.00108689 0.000529244 0.000226655 0.0338729 0.00835672
4 0.00707718 0.0125958 0.940593 0.00633985 0.0181556 0.00303391 0.0122046
0 0.00841818 0.0127859 0.0130956 0.926292 0.0180989 0.00847645 0.0128334
5 0.0464981 0.0149357 0.012429 0.119498 0.788993 0.00300072 0.0146459
19 0.0034364 0.0340167 0.0189317 0.00575921 0.00743247 0.925124 0.00529937
13 0.00366204 0.00746212 0.0148586 0.00628047 0.0137117 0.00192191 0.952103
22 0.958721 0.00170709 0.00638538 0.00387526 0.0260538 0.00121894 0.00203844
11 0.00298644 0.894962 0.00426333 0.00324065 0.000668256 0.0652557 0.0286239
4 0.01602 0.000292359 0.953093 0.00588926 0.0237695 0.00073627 0.000199746
0 0.0266918 0.0013658 0.00813807 0.90518 0.055365 0.00161261 0.00164678
5 0.0758996 0.00997308 0.0192729 0.108072 0.763338 0.00526555 0.018179
19 0.00530571 0.0502117 0.0221541 0.0146101 0.00761237 0.881351 0.0187549
13 0.00203986 0.0154397 0.0132088 0.0107625 0.014945 0.000496497 0.943108
22 0.909043 0.00020495 4.35724e-05 0.00290601 0.0874126 0.000270024 0.000119784
11 0.00153327 0.958695 0.000550091 0.00374948 0.000826028 0.00280489 0.0318414
4 0.00135908 0.0125695 0.953953 0.00316538 0.00152359 0.0199148 0.00751481
0 0.0160098 0.00396435 0.0159902 0.890742 0.0710171 0.00101714 0.00125944
5 0.0909302 0.00502978 0.00451359 0.0538795 0.82486 0.00275544 0.0180312
19 0.00465248 0.047415 0.0231906 0.00952125 0.00699007 0.900547 0.0076832
13 0.000377646 0.0255628 0.000376371 0.00238765 0.000269981 0.0166699 0.954356
22 0.980546 0.000109578 9.05839e-05 0.0101769 0.00882061 5.81831e-05 0.00019866
11 0.00201599 0.907078 0.00482935 0.000733642 0.00213156 0.0453342 0.0378775
4 0.0031855 0.00944057 0.939152 0.0140917 0.00963186 0.0142076 0.0102913
0 0.0312828 0.00184773 0.00229876 0.89912 0.0627234 0.000988281 0.00173922
5 0.0811413 0.000442351 0.000414366 0.00385954 0.912894 0.000782283 0.000466287
19 0.00475607 0.0473306 0.0221781 0.0166838 0.00669565 0.883005 0.0193506
13 0.000239945 0.019982 0.00528047 0.00955792 0.000393402 0.00677491 0.957771
22 0.9368 0.000278842 0.000548375 0.0276392 0.0343574 0.000326517 4.93947e-05
11 0.00369205 0.902425 0.00894925 0.00775266 0.00635147 0.0355399 0.0352894
4 0.00810616 0.00230658 0.959311 0.0118792 0.00502644 0.0103094 0.00306145
0 0.00892886 0.00935878 0.0287984 0.872162 0.057038 0.00958306 0.0141309
5 0.0694263 0.00505024 0.00346851 0.0698942 0.847559 0.00195924 0.00264222
19 0.00448153 0.0585755 0.0250751 0.00639144 0.00388244 0.892573 0.00902126
13 0.00466685 0.0103483 0.00860154 0.00864658 0.00108126 0.00806315 0.958592
22 0.925754 0.00107652 0.000692011 0.0111453 0.0598633 0.00131421 0.00015449
11 0.000378157 0.964817 0.00282884 0.000324431 0.000337593 0.010278 0.0210361
4 0.00102896 0.0125695 0.967183 0.00318613 0.00187923 0.0131871 0.000965943
0 0.0290151 0.00312686 0.0128958 0.893105 0.0573901 0.00260261 0.00186482
5 0.0951597 0.00154488 0.0109936 0.0698013 0.818966 0.00232736 0.0012073
19 0.00475335 0.0181944 0.0164629 0.0044716 0.00608951 0.936791 0.0132369
13 0.00450108 0.0261734 0.0122985 0.00734112 0.00811975 0.00311311 0.938453
22 0.95682 0.00260142 0.00290729 0.0286438 0.00310889 0.0036081 0.0023101
11 0.00611478 0.932166 0.0149756 0.00330612 0.00824168 0.00580304 0.0293923
4 0.00669767 0.00816138 0.952763 0.0128324 0.00193257 0.0124014 0.00521193
0 0.00265552 0.0123363 0.0183572 0.932917 0.0195824 0.00950213 0.00464898
5 0.0895864 0.000252624 9.38384e-05 0.00742424 0.900188 0.000405561 0.00204889
19 0.00461486 0.0609348 0.00661966 0.0191853 0.0063333 0.87026 0.0320526
13 0.00812941 0.0187129 0.00706924 0.00975781 0.00704249 0.0143965 0.934892
22 0.883909 0.000489371 0.00153778 0.0232792 0.0858841 0.000493333 0.00440745
11 0.00157872 0.92966 0.0190295 0.00440019 0.00177514 0.0308196 0.0127372
4 0.0147633 0.00728039 0.949322 0.00780312 0.0179114 0.00148206 0.00143806
0 0.0302658 0.00384357 0.00451183 0.893719 0.0610384 0.00175918 0.00486211
5 0.090713 0.00581612 0.0082324 0.0466582 0.838554 0.00299839 0.00702788
19 0.000533533 0.00248638 0.0052306 0.000913828 0.000294909 0.990382 0.00015908
13 0.00171994 0.0273449 0.0126857 0.00986919 0.00129226 0.0161896 0.930898
22 0.876335 0.00362351 0.00151132 0.0314946 0.0820608 0.00382999 0.00114467
11 0.00604599 0.93855 0.00946882 0.00640513 0.00592061 0.00117568 0.0324339
4 0.0135241 0.00471139 0.954277 0.00320695 0.018643 0.00103043 0.0046068
0 0.00593179 0.00790816 0.0270221 0.84669 0.0696955 0.018266 0.0244866
5 0.089635 0.000210538 0.00034687 0.00702889 0.901883 0.000137181 0.000758376
19 0.00426209 0.075088 0.00888752 0.00555038 0.00594448 0.881659 0.0186083
13 0.00819752 0.0255568 0.00655263 0.00194011 0.0116441 0.00151391 0.944595
22 0.88532 0.00152647 0.000664127 0.0236623 0.0859783 0.00101224 0.00183622
11 0.00584675 0.909964 0.0174852 0.0199138 0.00869937 0.0246446 0.0134463
4 0.00920589 0.00536057 0.938543 0.0121457 0.0274223 0.000937285 0.00638501
0 0.0212473 0.0152398 0.0102551 0.834012 0.102812 0.00532007 0.0111137
5 0.0897049 0.00017865 0.000824554 0.0195219 0.889148 0.000385498 0.000236565
19 0.000577811 0.0363073 0.0102554 0.002526 0.000263103 0.946123 0.00394747
13 0.00317251 0.0134408 0.0177022 0.00458265 0.0138944 0.00214161 0.945066
22 0.884982 0.00120262 0.00138917 0.0240176 0.0857829 0.00109059 0.00153501
11 0.00222875 0.916869 0.00381408 0.00431565 0.00104183 0.0662866 0.00544455
4 0.00398319 0.0060788 0.944793 0.0077888 0.0352314 0.00127958 0.000844851
0 0.0182985 0.00203426 0.0111011 0.84759 0.102154 0.00349091 0.0153311
5 0.0894897 0.00503529 0.00174117 0.0383033 0.855095 0.00161463 0.00872051
19 0.00444252 0.0750356 0.0071874 0.00966591 0.00734844 0.888584 0.00773575
13 0.000448898 0.025518 0.000436297 0.00307954 0.000238985 0.0146324 0.955646
22 0.861689 0.00387241 0.0108982 0.0149275 0.0844379 0.00245254 0.0217223
11 0.000502588 0.963883 0.004856 0.000406531 0.00172102 0.021397 0.00723381
4 0.00626289 0.0101082 0.935908 0.0130971 0.0268217 0.00511789 0.00268456
0 0.0262542 0.00734243 0.00825157 0.902685 0.0488966 0.00440572 0.00216482
5 0.0911453 0.00522412 0.0103307 0.0547869 0.815379 0.00324623 0.0198882
19 0.00470711 0.0747156 0.0127504 0.00597486 0.00226252 0.892234 0.00735539
13 0.0129168 0.00200454 0.00157518 0.00123074 0.00233628 0.00106484 0.978872
22 0.908145 0.000354344 0.000133466 0.00355443 0.0872427 0.000404719 0.00016556
11 0.00371537 0.893906 0.00475513 0.00681664 0.00431377 0.0664627 0.0200302
4 0.000291514 0.00106229 0.994229 0.000764685 0.00115553 0.00193839 0.00055824
0 0.00741117 0.0116514 0.00376324 0.923413 0.0439618 0.00324369 0.00655536
5 0.0199039 0.00647144 0.0120617 0.115084 0.817372 0.00245432 0.0266525
19 0.00357891 0.00354999 0.00568361 0.000383455 0.00279989 0.983109 0.000894725
13 0.00149185 0.0197166 0.00762614 0.0141084 0.00350918 0.0100282 0.94352
22 0.903948 0.00195051 0.00233251 0.00294897 0.0870515 0.000834276 0.00093456
11 0.000293814 0.903502 0.00123617 0.00437041 9.94787e-05 0.0667056 0.0237922
4 0.000594544 0.00388307 0.987432 0.000706989 0.00278186 0.00351829 0.00108337
0 0.0300267 0.00639259 0.00988303 0.838055 0.0987236 0.00661214 0.0103069
5 0.0902006 0.00044239 0.000115291 0.00494804 0.903482 0.000695928 0.000116021
19 0.00232434 0.052605 0.0169234 0.00102564 0.0013549 0.920242 0.00552461
13 0.00124642 0.00142787 0.00191261 0.00565251 0.000398694 0.00485244 0.984509
22 0.905108 0.0013647 0.00585372 0.0228131 0.0633793 0.000394633 0.00108653
11 0.00427134 0.924459 0.0191156 0.00418064 0.011169 0.0281781 0.00862635
4 0.00795441 0.0015341 0.936935 0.0164636 0.0202782 0.0142189 0.00261595
0 0.0350711 0.00474865 0.00782358 0.854968 0.0773402 0.00432256 0.0157262
5 0.00636685 0.00466207 0.00328339 0.119537 0.841905 0.000918016 0.0233282
19 0.000389518 0.000817174 0.000190288 8.91784e-05 0.000116201 0.998388 9.1536e-06
13 0.000572698 0.0162563 0.00245607 0.00610414 0.00193012 0.0136835 0.958997
22 0.991514 0.000685169 0.00173941 0.00267214 0.000821746 0.000711695 0.00185611
11 0.00060004 0.908312 0.00544056 0.00456093 0.00217011 0.0417656 0.0371511
4 0.0107398 0.00420124 0.958559 0.00353699 0.021399 0.00134415 0.000219434
0 0.0132545 0.00477669 0.0165162 0.854514 0.103668 0.00470277 0.00256763
5 0.073829 0.00147766 0.00562745 0.115305 0.786256 0.00571037 0.0117949
19 0.00352527 0.0260929 0.0113209 0.0023882 0.00426161 0.951727 0.000683812
13 0.0115728 0.0224681 0.00388374 0.0108925 0.0116899 0.00916623 0.930327
22 0.969766 0.000603962 0.000127621 0.00283271 0.0258506 0.000211584 0.000607996
11 0.00472904 0.905452 0.018027 0.0161033 0.0100337 0.0354565 0.0101983
4 0.000561021 0.00475611 0.969428 0.000310742 0.00112643 0.0215927 0.00222469
0 0.00888694 0.00115336 0.00398605 0.867884 0.110368 0.00127279 0.00644831
5 0.0896229 0.000832005 0.00263807 0.0277053 0.877097 0.0017494 0.000355132
19 0.000732063 0.00030874 0.000524332 5.70297e-05 0.00113756 0.997188 5.24877e-05
13 0.00927239 0.0257905 0.0051673 0.00648237 0.00923204 0.00408488 0.939971
22 0.977766 0.000682271 0.000256422 0.0025039 0.0143195 0.000969036 0.0035025
11 0.00100726 0.924553 0.014918 0.0117233 0.000805537 0.0382932 0.00870014
4 0.0037232 0.00463086 0.961394 0.00802504 0.0073425 0.00150945 0.0133748
0 0.0233912 0.00113083 0.000392069 0.943672 0.019446 0.000948068 0.0110199
5 0.0488926 0.00342094 0.0013055 0.122563 0.820057 0.000952948 0.00280804
19 0.00547655 0.0148273 0.0150219 0.00267389 0.00257361 0.957833 0.00159358
13 0.00598945 0.0257569 0.00177175 0.00612078 0.00630817 0.00908558 0.944967
22 0.937995 0.00209068 0.00121949 0.0297406 0.0203215 0.00123525 0.00739718
11 0.00101793 0.977599 0.0033592 0.00132136 0.00202507 0.00436042 0.0103172
4 0.0118807 0.0143067 0.941296 0.00459276 0.0134464 0.00416277 0.0103145
0 0.000907139 0.007569 0.0081629 0.948639 0.005382 0.0233277 0.0060125
5 0.0961823 0.000922985 0.00142429 0.0746049 0.824779 0.00120318 0.000883394
19 0.00446583 0.0302208 0.00306297 0.00927188 0.0098364 0.931743 0.0113994
13 0.0169954 0.0248579 0.0101897 0.00619405 0.00674854 0.00612783 0.928887
22 0.914547 0.0040312 0.0109933 0.0226 0.0187321 0.00244915 0.026647
11 0.000414776 0.908613 0.000689765 0.00167414 0.000629609 0.0497041 0.0382747
4 0.000956516 0.0105896 0.963469 0.00098735 0.00723325 0.0120489 0.00471583
0 0.00158985 0.000385416 0.00073494 0.989911 0.00649455 0.000344603 0.000539759
5 0.0825879 0.00101246 0.000363523 0.111636 0.802975 0.000565404 0.000859888
19 0.00154625 0.000824114 0.0115787 0.000260744 0.00327551 0.982257 0.000258131
22 0.946559 0.000709213 0.0029421 0.029736 0.0168273 0.00155658 0.00166951
11 0.00317873 0.891528 0.00589081 0.00775067 0.00385046 0.0496218 0.0381794
0 0.0360829 0.00239504 0.00710797 0.871962 0.0754104 0.0016116 0.00543008
5 0.0899644 0.00995785 0.00319133 0.0390904 0.851691 0.00352112 0.00258375
13 0.00913737 0.0248104 0.00375487 0.0115321 0.00306946 0.00649235 0.941203
22 0.85253 0.00424388 0.0151925 0.0330645 0.0771545 0.00398147 0.0138337
11 0.00389442 0.889193 0.00773609 0.00449188 0.000839515 0.0653857 0.0284597
0 0.0138653 0.00567946 0.0181117 0.853263 0.095785 0.00626697 0.0070282
5 0.0555051 0.00285015 0.0082688 0.121379 0.799819 0.00181031 0.0103676
13 0.0117634 0.0262069 0.0128883 0.00491341 0.007557 0.00216013 0.934511
22 0.95963 0.000232815 0.00132338 0.027768 0.0105847 0.000430059 3.09463e-05
11 0.000342169 0.987076 0.000835938 0.00118237 0.000504951 0.00903949 0.00101873
0 0.0155261 0.00114371 0.000714442 0.864635 0.107422 0.000711857 0.00984762
5 0.002816 0.00569279 0.00188072 0.00606939 0.973273 0.00168588 0.00858264
13 0.000168332 0.00503487 0.000159933 0.000571988 0.000268297 0.000758318 0.993038
22 0.908419 8.80154e-05 6.96633e-05 0.00675357 0.0844687 0.000101359 9.96017e-05
11 0.00271978 0.922373 0.0158824 0.00373095 0.00684491 0.0151353 0.0333139
0 0.0248215 0.0103357 0.00580521 0.848832 0.0747615 0.0106474 0.024797
5 0.0416901 0.0162163 0.0253568 0.115288 0.788189 0.00458965 0.00866957
13 0.00336123 0.0264847 0.00554171 0.0119122 0.0058784 0.0266366 0.920185
22 0.881802 0.00412628 0.0120292 0.00798816 0.0840839 0.00106026 0.00891006
11 0.000550957 0.926386 0.00157592 0.00122758 0.00164538 0.0340873 0.034527
0 0.00216837 0.00911682 0.0120193 0.913855 0.02694 0.030821 0.00507989
5 0.0193992 0.000246922 0.000235556 0.00519767 0.973519 0.00121767 0.000183641
13 0.0071318 0.0255319 0.00345882 0.00427006 0.0156542 0.00162067 0.942333
22 0.925546 0.00023605 0.000658324 0.00237419 0.0701396 0.000794032 0.000252086
11 0.000660989 0.915075 0.0110462 0.000408423 0.000593241 0.057893 0.0143236
5 0.0894775 0.018497 0.0165321 0.084038 0.782306 0.00398231 0.00516717
13 0.000548539 0.0247038 0.0198693 0.0038379 0.00037875 0.00539996 0.945262
22 0.962775 0.000529929 0.000667738 0.0192094 0.0150155 0.000479734 0.00132301
11 0.0017719 0.94106 0.0104191 0.00365936 0.00239881 0.00807378 0.0326165
5 0.0918552 0.00254278 0.010309 0.0497335 0.815345 0.00262593 0.0275888
13 0.00277102 0.0110457 0.00210565 0.00391142 0.00279555 0.00384852 0.973522
22 0.982703 0.00019951 7.2811e-05 0.00227109 0.0142527 0.000471745 2.94811e-05
11 0.000736521 0.909189 0.00199675 0.00396578 0.000432174 0.0457713 0.0379088
13 0.0110304 0.018589 0.0194095 0.00860885 0.00844498 0.0120866 0.921831
22 0.980857 4.41726e-05 6.13007e-05 0.00199501 0.016833 0.000160749 4.88044e-05
11 0.00552236 0.930316 0.0125884 0.0056129 0.00873697 0.00444348 0.0327797
13 0.00127931 0.0246977 0.00115701 0.00147585 0.00117586 0.00371815 0.966496
22 0.958244 0.000777364 0.00013077 0.00294208 0.0365869 8.75723e-05 0.00123173
11 0.0016882 0.90654 0.0167159 0.00427065 0.00290103 0.059579 0.00830542
13 0.0014429 0.0093277 0.0014087 0.00978751 0.000547969 0.0167398 0.960745
22 0.903711 0.000103882 0.000337575 0.00972415 0.0857719 0.000285479 6.60133e-05
11 0.00635341 0.950281 0.0155536 0.00629166 0.00918252 0.01011 0.00222765
13 0.000323438 0.0259492 0.0070985 0.00111292 0.000414177 0.0159398 0.949162
22 0.864532 0.00315471 0.00259061 0.02044 0.081366 0.00230046 0.0256158
11 0.00485979 0.91373 0.00248407 0.00620407 0.00277925 0.0351876 0.0347555
13 0.00150166 0.0261843 0.00137321 0.000866084 0.00468703 0.0123273 0.95306
22 0.883943 0.0034856 0.00618058 0.0171228 0.0866875 0.00207744 0.000503088
11 0.00971865 0.911949 0.0133932 0.00593144 0.0113352 0.0118539 0.0358183
13 0.00582182 0.0247803 0.00992611 0.0135316 0.0127328 0.00505394 0.928153
22 0.864951 0.0116409 0.00396291 0.0295169 0.0578927 0.00309476 0.0289406
11 0.00900399 0.943433 0.0179144 0.00161905 0.0105936 0.00116997 0.0162655
13 0.0163927 0.00193023 0.00799862 0.0124104 0.00875623 0.000588885 0.951923
22 0.958509 0.00111052 0.00794398 0.0164965 0.0108752 0.000929427 0.00413567
11 0.00046756 0.921515 0.00325198 0.000231164 0.000287415 0.0656055 0.0086414
13 0.00806082 0.00520149 0.0103336 0.00658974 0.0147824 0.00182401 0.953208
22 0.890016 0.00186726 0.0005802 0.019068 0.0868159 0.00131509 0.000337116
11 0.0045954 0.874844 0.00932682 0.00699105 0.0114039 0.0590742 0.0337649
22 0.888898 0.00480907 0.00437603 0.0363155 0.050894 0.00339472 0.0113129
11 0.0024489 0.890302 0.0095484 0.0044547 0.000812971 0.0576397 0.0347931
22 0.896896 0.00307657 0.00267841 0.00531719 0.0862802 0.00290683 0.0028449
22 0.975996 0.000333991 2.32177e-05 0.004373 0.0182925 0.00045435 0.000526512
22 0.900161 0.00018005 0.00100854 0.0183892 0.0797996 0.000315784 0.000146204
22 0.907709 0.00150137 0.000395739 0.00237814 0.0871663 0.000686252 0.000162745
22 0.952662 0.000983384 0.00108088 0.0116971 0.0239687 0.00142664 0.00818095
22 0.99467 0.000551132 0.000156157 0.00024494 0.00199174 0.000775007 0.00161112
22 0.919029 0.000768782 0.000212296 0.0136905 0.0658657 0.000309092 0.000124622
22 0.907762 0.00011607 6.32425e-05 0.020757 0.0709981 0.000148273 0.000155222
22 0.980015 0.00171222 0.00377438 0.00277308 0.00235383 0.00103011 0.00834141
22 0.8951 0.000592569 0.000637846 0.0150766 0.087 0.000842653 0.000750317
22 0.859822 0.0065878 0.00821511 0.0330418 0.0802551 0.00309579 0.00898229
22 0.974965 0.00165609 0.0124364 0.00140857 0.00852032 0.000820167 0.000193172
22 0.888558 0.00475039 0.0116334 0.00424491 0.0860888 0.00222835 0.0024959
22 0.926253 0.000258261 0.000162858 0.00706681 0.064898 0.000737671 0.000623481
22 0.888044 0.00260628 0.020775 0.035507 0.0378791 0.0103507 0.00483797
22 0.897835 0.000810964 0.00115647 0.012218 0.0867158 0.000947791 0.000315607
22 0.890734 0.000153067 0.000197511 0.0217361 0.0866935 0.000463584 2.23469e-05
22 0.903914 0.000647871 0.000444758 0.00779744 0.0861045 0.000526014 0.000565604
22 0.902244 0.00144606 0.00130727 0.00573117 0.0859359 0.000556804 0.00277925
22 0.975667 0.00159225 0.00689329 0.00818412 0.00584056 0.00058693 0.00123603
22 0.936587 0.00412447 0.0063561 0.0158936 0.0239084 0.00475056 0.00837937
22 0.898333 0.00275598 0.00150014 0.00592637 0.0867705 0.00131096 0.0034033
22 0.864088 0.00387115 0.0121779 0.0383548 0.0717691 0.00351197 0.00622698
22 0.963181 0.000636925 0.00174952 0.0157748 0.0135669 0.0006264 0.00446434
22 0.895908 0.00212319 0.00705124 0.00724845 0.0866463 0.000602871 0.000420346
22 0.956743 0.00395713 0.00170878 0.0181708 0.00738911 0.00176061 0.0102703
22 0.971069 0.000300552 0.000644975 0.0050568 0.0224939 0.000246109 0.000188694
22 0.899981 0.00378496 0.00157702 0.00567779 0.0868378 0.00095222 0.00118914
22 0.998327 0.000103698 0.000282248 1.31549e-05 0.00102081 0.000218758 3.4778e-05
22 0.944227 0.00158372 0.000712968 0.0155659 0.0367186 0.000890452 0.000301565
22 0.973226 0.00379327 0.00745748 0.00473626 0.00742115 0.00199156 0.00137403
22 0.871764 0.00280192 0.0133354 0.0240444 0.0826786 0.00430187 0.00107361
22 0.885323 0.00297383 0.000990082 0.0206969 0.0863402 0.00118907 0.00248696
22 0.903793 0.000518196 0.000671151 0.00749051 0.085969 0.0011132 0.000444571
22 0.88446 0.0038801 0.0111754 0.0366206 0.0520637 0.00403682 0.00776362
22 0.884337 0.000290087 0.000233811 0.0318918 0.0819089 0.000567219 0.000771481
22 0.892461 0.000765472 0.00423695 0.0130718 0.0865316 0.00136212 0.0015714
22 0.975906 0.000755497 0.00036592 0.00437572 0.0171952 0.000622669 0.000778738
22 0.888319 0.00144752 0.0017264 0.015204 0.0831886 0.00213196 0.00798246
22 0.886813 0.000527092 0.00421951 0.0199109 0.0865983 0.00082057 0.00111106
22 0.988039 0.000310052 0.00356718 0.00126776 0.00488445 0.000816223 0.00111533
22 0.931927 5.56816e-05 0.000145303 0.00542029 0.06226 7.69326e-05 0.000114907
22 0.9064 0.00388935 0.0170009 0.0321882 0.0264071 0.00336855 0.0107458
22 0.890546 0.00352327 0.00240917 0.00734708 0.0865551 0.00184677 0.00777226
22 0.943614 0.00444295 0.0122701 0.0183804 0.0120062 0.0027207 0.00656593
22 0.857954 0.00534602 0.00601548 0.0221636 0.0841747 0.00308405 0.0212623
