labels 22 11 4 0 5 19 13
22 0.656054 0.00580718 0.0359844 0.126088 0.166458 0.00248402 0.00712371
22 0.880698 0.00231883 0.0362126 0.0134281 0.0633362 0.00151003 0.00249609
22 0.846058 0.00847546 0.0639781 0.0244703 0.0494016 0.00366062 0.00395595
22 0.954238 0.000442108 0.00723009 0.00758094 0.0292687 0.000843997 0.00039584
22 0.358683 0.0124102 0.122569 0.133446 0.34032 0.0100254 0.0225465
22 0.808536 0.00116039 0.00533367 0.00874588 0.146538 0.00190381 0.0277819
22 0.736434 0.00119236 0.00573117 0.0049405 0.247061 0.000990103 0.00365133
22 0.94566 0.000604509 0.00554387 0.0189137 0.0274359 0.000979187 0.000862824
22 0.981074 0.00133754 0.00598873 0.00295794 0.00654043 0.000696202 0.00140531
22 0.461518 0.00283251 0.205164 0.244505 0.077413 0.00608938 0.00247865
22 0.900606 0.00138131 0.027801 0.00862584 0.0588556 0.00113178 0.00159822
22 0.989951 0.000121741 0.000892243 0.000100309 0.0083043 0.000582181 4.7789e-05
22 0.826452 0.000969585 0.0017709 0.00783066 0.160017 0.00261306 0.0003467
22 0.9585 0.000121522 0.00031614 0.00242525 0.0381174 0.000487603 3.19591e-05
22 0.941718 0.000346173 0.000282358 0.00195072 0.0544059 0.00113385 0.00016263
22 0.984486 5.27213e-05 0.00110527 0.0022158 0.0116837 0.000400471 5.64512e-05
22 0.971957 0.000210499 0.0058054 0.0124422 0.00850162 0.000978558 0.000104231
22 0.924218 0.000127966 0.000480059 0.00876561 0.0653776 0.000974274 5.64018e-05
22 0.873231 0.00247094 0.0218816 0.0472341 0.0519135 0.00191473 0.00135389
22 0.988069 0.000112183 0.000361245 0.000923334 0.00993415 0.000536865 6.27661e-05
22 0.964042 9.07379e-05 0.000230704 0.00142884 0.033487 0.000681489 3.90245e-05
22 0.955315 0.000528386 0.001333 0.00424334 0.0373114 0.00119659 7.19189e-05
22 0.990873 0.00015514 0.00030417 0.00138793 0.00615425 0.00107643 4.87307e-05
22 0.982867 0.0002455 0.0002438 0.00267306 0.013192 0.000703553 7.45793e-05
22 0.990896 6.4365e-05 0.000254676 0.00131447 0.00702093 0.000420558 2.92168e-05
11 0.000769914 0.881041 0.00169745 0.00670053 0.000870763 0.10163 0.00728975
11 0.000421734 0.835692 0.0015052 0.00632279 0.000520999 0.149569 0.00596836
11 0.0919219 0.533403 0.0778858 0.0626856 0.0493226 0.0130403 0.171741
4 0.0218477 0.18395 0.644517 0.0412538 0.0938145 0.0104198 0.00419808
11 0.00434916 0.904573 0.0256815 0.0312465 0.0123987 0.00931669 0.0124346
11 0.00357369 0.866927 0.0105365 0.00999747 0.00438327 0.0975706 0.00701166
11 0.0178437 0.693939 0.192697 0.0259515 0.0133881 0.0313957 0.0247847
0 0.00571284 0.0107872 0.057948 0.872163 0.0317432 0.00785823 0.0137878
11 0.00314663 0.791607 0.0585978 0.0267167 0.00353178 0.0934499 0.0229501
11 0.0045671 0.743694 0.154075 0.0279025 0.00512604 0.0523775 0.0122583
11 0.0106858 0.56597 0.238643 0.0968056 0.017055 0.0248619 0.045978
11 0.0100408 0.667339 0.272241 0.00713443 0.0148935 0.00952224 0.0188297
11 0.00835574 0.511288 0.387399 0.0470305 0.00457438 0.0159934 0.0253586
11 0.132246 0.375444 0.137485 0.212949 0.0740768 0.014709 0.0530906
11 0.00775705 0.596873 0.289633 0.0322279 0.0314367 0.0318682 0.0102045
11 0.00321076 0.703734 0.240074 0.00338501 0.00588261 0.0366162 0.0070976
4 0.0580159 0.0722149 0.724683 0.020429 0.115089 0.0040537 0.00551417
4 0.0773733 0.182128 0.507135 0.026583 0.0967417 0.0138425 0.0961962
4 0.00439896 0.00391058 0.979692 0.00341062 0.00211239 0.00442136 0.00205388
4 0.0283113 0.145151 0.69974 0.036439 0.0284827 0.00598988 0.0558861
4 0.00600037 0.0131476 0.949783 0.0113365 0.0153414 0.00321964 0.0011716
4 0.0473231 0.019049 0.881175 0.0110935 0.0180037 0.00281162 0.020544
4 0.0416991 0.204785 0.668742 0.0173826 0.01726 0.0235354 0.0265965
4 0.00661306 0.0397454 0.93036 0.00321049 0.0079697 0.0100549 0.0020461
4 0.0562594 0.0099776 0.866055 0.0282859 0.0282004 0.00204732 0.00917485
0 0.0272007 0.0133508 0.0403506 0.590907 0.269517 0.0131835 0.0454902
0 0.0171373 0.00268246 0.00328784 0.624722 0.335064 0.00185604 0.0152497
0 0.18761 0.00771481 0.0379486 0.471862 0.2259 0.00731315 0.0616517
22 0.607233 0.00486016 0.0317991 0.207097 0.129485 0.00407441 0.0154522
0 0.0133727 0.0110612 0.0598752 0.776424 0.00998654 0.119164 0.0101166
0 0.0417678 0.0100831 0.111194 0.542878 0.195361 0.00926705 0.0894483
0 0.0508614 0.00957717 0.023284 0.480608 0.413056 0.00652867 0.0160843
0 0.034308 0.000205887 0.00152389 0.928122 0.0353951 0.000303442 0.000141528
22 0.80757 0.000601518 0.0112436 0.139658 0.0390796 0.00111242 0.000734951
22 0.627015 0.00101792 0.0339537 0.296522 0.0383974 0.00198331 0.00111115
22 0.966125 0.000177016 0.000901237 0.00872998 0.0232671 0.000748446 5.07667e-05
22 0.725685 0.00318326 0.0169539 0.222922 0.0295936 0.00103279 0.00062969
22 0.65357 0.00100991 0.00390638 0.279372 0.0605713 0.00139943 0.000171232
5 0.196138 0.000956341 0.0147797 0.0236169 0.762003 0.00060346 0.00190243
5 0.0502169 0.00505688 0.00549228 0.122054 0.79314 0.0027119 0.0213276
5 0.232486 0.032433 0.153585 0.174831 0.336124 0.0121666 0.0583741
22 0.692708 0.000756314 0.00441115 0.0106994 0.289896 0.00125293 0.000275727
22 0.801822 0.00100776 0.000275949 0.00111161 0.193946 0.00152947 0.000306992
22 0.908178 0.000364177 0.0111914 0.0118373 0.0673154 0.000971503 0.000142444
22 0.58954 0.0021347 0.00226591 0.0111789 0.390265 0.00385933 0.000756308
5 0.376094 0.00093224 0.00156497 0.00652983 0.610123 0.00387786 0.000878252
5 0.23877 0.00370546 0.0227419 0.0795265 0.644176 0.00992664 0.00115384
22 0.854097 0.000195805 0.000542814 0.00906638 0.135148 0.000887382 6.29112e-05
22 0.645715 0.000456433 0.00474648 0.0115866 0.335797 0.00138166 0.000316208
22 0.744464 0.000686266 0.00832398 0.012532 0.232522 0.00117722 0.000295422
22 0.974557 0.00037081 0.00773927 0.00425657 0.0123714 0.000600249 0.000105156
22 0.856492 0.00058049 0.0019344 0.00612145 0.132498 0.00220051 0.000173071
19 0.0029295 0.103348 0.0273318 0.0194736 0.00342728 0.836105 0.00738565
19 0.00310298 0.0120966 0.00808917 0.00480264 0.0022275 0.968637 0.00104454
11 0.00313763 0.534981 0.0544918 0.016837 0.00304776 0.371086 0.0164191
19 0.0108435 0.0477452 0.239858 0.246929 0.0130314 0.432354 0.00923891
19 0.0117905 0.0437174 0.173581 0.0526876 0.0117852 0.703084 0.00335375
19 0.00782175 0.0422563 0.174539 0.0808653 0.00767632 0.68504 0.00180191
19 0.00240026 0.00476944 0.0109699 0.0042061 0.00112043 0.976365 0.000169258
19 0.00126871 0.0224504 0.0103775 0.0235236 0.00110165 0.941016 0.000261844
19 0.00171828 0.0143683 0.0798426 0.0389872 0.00138072 0.86318 0.000522689
4 0.00508096 0.0154264 0.664616 0.0170038 0.00364345 0.293325 0.000904278
4 0.00202249 0.0325046 0.853914 0.0641874 0.0047882 0.0404976 0.00208615
19 0.00270521 0.098482 0.090173 0.062917 0.00593548 0.738597 0.00119066
13 0.00155668 0.121639 0.00221158 0.00736807 0.0081965 0.0121896 0.846838
13 0.00965826 0.0436429 0.0115073 0.0879686 0.00450686 0.042752 0.799964
13 0.00438427 0.0624469 0.043008 0.153733 0.00459168 0.0532716 0.678565
13 0.0100778 0.0986228 0.00969594 0.172641 0.00968184 0.12161 0.577671
13 0.00663938 0.215952 0.0049679 0.01751 0.00408112 0.0827236 0.668126
13 0.00692357 0.0160287 0.00667898 0.0449887 0.00406131 0.0463627 0.874956
13 0.0115034 0.0251881 0.0337471 0.290376 0.0165486 0.0173714 0.605265
13 0.00190267 0.00824473 0.00208494 0.0107296 0.00149072 0.0181076 0.95744
13 0.00452023 0.0265475 0.0032858 0.0127853 0.00376302 0.0540331 0.895065
13 0.0103525 0.240681 0.0138425 0.0937072 0.0148387 0.244067 0.382511
11 0.00542874 0.407798 0.0130917 0.0608958 0.00740571 0.164833 0.340547
13 0.00185834 0.135054 0.00863771 0.0998133 0.00419541 0.0502414 0.700199
22 0.287144 0.0240832 0.0604714 0.239201 0.200468 0.0106607 0.177972
11 0.0749818 0.248946 0.19835 0.0548086 0.183364 0.00981812 0.229732
5 0.127766 0.111677 0.0488064 0.222231 0.249842 0.0154771 0.2242
13 0.0403976 0.049547 0.0526194 0.116673 0.0335384 0.0104366 0.696788
0 0.229033 0.00124875 0.0555846 0.681063 0.0309059 0.00125404 0.000910911
11 0.0613834 0.445986 0.246305 0.0391083 0.035023 0.00982539 0.162369
