labels 4 0 5 19 13 22 11
5 0.00101669 0.0101776 0.657875 0.000648157 0.00772592 0.322007 0.000549972
11 0.0941944 0.0394394 0.0379598 0.0156019 0.147106 0.0464475 0.619251
4 0.499324 0.0797413 0.0852979 0.0176851 0.223256 0.0108428 0.0838531
0 0.0338691 0.772588 0.113375 0.00863955 0.0286943 0.0341478 0.00868575
5 0.00378074 0.0326408 0.785179 0.000430479 0.00237326 0.174933 0.00066352
11 0.00114379 0.00428011 0.000693801 0.0216801 0.0263342 0.000371366 0.945497
13 0.0132573 0.233723 0.027004 0.00291294 0.685263 0.015079 0.0227615
22 0.000739372 0.000789665 0.0449386 0.000700573 0.000499163 0.951636 0.000697138
11 0.00130466 0.000366549 0.00042673 0.00820962 0.00137157 0.000166523 0.988154
4 0.656175 0.102154 0.131831 0.0131772 0.038296 0.0250722 0.033295
0 0.00241295 0.764287 0.187057 0.00333236 0.00587628 0.0343063 0.00272737
5 0.000388162 0.00111896 0.983473 0.000515214 0.000502794 0.0138815 0.000120578
19 0.0682256 0.156494 0.00525863 0.696009 0.00712807 0.00454406 0.0623399
13 0.00106249 0.0119376 0.00210789 0.00219061 0.976149 0.0011091 0.00544321
22 0.000114497 0.00273683 0.0347174 0.000386507 0.000276094 0.961708 6.089e-05
11 0.02119 0.0115125 0.00552087 0.0307902 0.0173522 0.00526354 0.908371
0 0.0672921 0.470851 0.00708369 0.357161 0.0470304 0.00608717 0.0444947
0 0.00846166 0.518034 0.0255559 0.00621434 0.40936 0.0125108 0.0198629
5 0.0026698 0.260386 0.672076 0.00148534 0.0109813 0.0507646 0.00163695
19 0.0118265 0.0129604 0.00187974 0.963003 0.000456286 0.00277691 0.00709678
13 0.107565 0.0894226 0.208799 0.0122661 0.342586 0.211504 0.0278575
22 0.000958888 0.00499086 0.0254566 0.000544593 0.000147592 0.96761 0.000291111
11 0.00167104 0.00439697 0.000772125 0.0627315 0.0252581 0.000597956 0.904572
4 0.984349 0.000345998 0.001819 0.00241269 0.000419252 0.000753921 0.00990034
0 0.00636557 0.897226 0.0462992 0.000735355 0.0246117 0.0117945 0.0129675
5 0.0679909 0.0857496 0.670352 0.00521308 0.0281464 0.0981623 0.0443854
19 0.0702718 0.0159915 0.00497407 0.871225 0.00105979 0.00519045 0.0312878
13 0.000983522 0.00518127 0.00482619 0.00500308 0.906371 0.000532266 0.0771022
5 0.00123972 0.00538633 0.506002 0.000405443 0.00579808 0.480481 0.000687272
11 0.0302295 0.0183664 0.0746216 0.00913792 0.358556 0.00717344 0.501916
4 0.955014 0.0176662 0.00587626 0.00638891 0.00645191 0.00502062 0.00358175
0 0.00501943 0.788606 0.00337252 0.0851833 0.0687658 0.00321472 0.0458385
5 0.000325909 0.0202729 0.805352 0.000770348 0.000273582 0.172687 0.000318513
19 0.028727 0.0773596 0.00324978 0.807627 0.0114708 0.00481708 0.0667485
13 0.00433008 0.0119602 0.00119664 0.00182424 0.944655 0.00364467 0.0323888
22 0.000604838 0.00119726 0.0423779 0.000785866 0.00113988 0.952673 0.00122108
11 0.000822932 0.000593212 0.000305362 0.0177799 0.00280178 0.000265245 0.977432
4 0.711153 0.0960631 0.0631658 0.00959283 0.0566508 0.00557 0.0578043
0 0.021858 0.611378 0.00126018 0.343656 0.00253361 0.00205731 0.0172566
22 0.00946106 0.0158141 0.454742 0.00260276 0.0164914 0.494493 0.00639612
19 0.00455455 0.00422495 0.00105365 0.98122 0.000242124 0.00137678 0.00732783
13 0.000607326 0.00376155 0.000565532 0.00101744 0.988211 0.000456557 0.0053804
22 3.59147e-05 0.000332215 0.038667 0.000150087 0.000231434 0.960442 0.000141687
11 0.0190964 0.00105188 0.00256274 0.00698166 0.00609591 0.001398 0.962813
4 0.93676 0.00409247 0.0181774 0.00137234 0.0056755 0.00803179 0.0258909
0 0.00337175 0.781623 0.141031 0.00177919 0.000292977 0.0708373 0.00106457
5 0.00391235 0.0547288 0.859283 0.00140905 0.0118489 0.0659998 0.00281834
19 0.00283919 0.00308243 0.000455654 0.947979 0.000692067 0.000371329 0.0445803
13 0.000506852 0.00192906 0.000519168 0.00471721 0.98989 0.000423477 0.00201384
22 0.000654624 0.00607471 0.240958 0.00069986 0.00114304 0.749846 0.00062385
11 0.0156813 0.0088702 0.00636745 0.0618143 0.0306867 0.00476858 0.871812
4 0.91398 0.00732462 0.0447193 0.00710838 0.0026771 0.00128768 0.0229025
0 0.0106389 0.58669 0.0447901 0.0212464 0.314899 0.00419291 0.0175426
5 0.0105703 0.0295044 0.597389 0.00396831 0.0389451 0.307801 0.0118221
19 0.0340234 0.0150064 0.00962808 0.923281 0.00177797 0.00823782 0.00804508
13 0.0186502 0.0292425 0.0976777 0.00242447 0.829631 0.00917709 0.0131973
22 0.000127906 0.000745403 0.0902393 0.00057265 0.000527898 0.907483 0.000303941
11 0.0364964 0.0105321 0.0055129 0.137882 0.0167093 0.00481714 0.78805
4 0.956373 0.0216899 0.000720552 0.0088007 0.000778535 0.00914794 0.00248891
0 0.00852188 0.715964 0.142576 0.00240271 0.0212562 0.104056 0.00522353
4 0.590488 0.372369 0.00782854 0.017704 0.00154419 0.00939097 0.000675648
19 0.460214 0.0168657 0.00303807 0.503386 0.00134422 0.00406751 0.0110847
11 0.0940947 0.289221 0.0210615 0.0990273 0.0879169 0.025595 0.383084
22 0.00395269 0.0445519 0.0470424 0.00267053 0.0077 0.891548 0.00253428
11 0.00579833 0.00142923 0.00111993 0.0234986 0.0171291 0.000435611 0.950589
11 0.152987 0.0762877 0.0201086 0.0524249 0.0341621 0.0044732 0.659556
0 0.00267631 0.974057 0.00379412 0.0030054 0.00650257 0.000995906 0.00896901
5 0.00432955 0.0731343 0.381343 0.0026067 0.15549 0.376911 0.00618547
19 0.00367642 0.0476903 0.00205944 0.843021 0.00950927 0.00128333 0.0927602
11 0.071028 0.0928489 0.0141647 0.110953 0.102515 0.0112199 0.597271
22 0.0910541 0.123482 0.024854 0.0213825 0.0482109 0.67725 0.0137666
11 0.0109803 0.0051554 0.00194199 0.00414839 0.127442 0.00122957 0.849102
4 0.957508 0.00260137 0.0243084 0.00179562 0.000481013 0.00753844 0.00576705
0 0.0341605 0.815085 0.115791 0.00133908 0.00513502 0.0270022 0.00148705
5 0.000877775 0.00195375 0.966859 0.000449777 0.0015067 0.0280122 0.000340402
11 0.119398 0.070437 0.015612 0.252443 0.0581965 0.0133863 0.470527
13 0.0159538 0.00913529 0.00611023 0.00500262 0.926625 0.00358796 0.033585
22 0.0117167 0.287164 0.110277 0.00167228 0.0154432 0.570698 0.00302852
11 0.0992756 0.00428231 0.00630146 0.0697771 0.0287099 0.00326844 0.788385
4 0.760119 0.130226 0.00821811 0.0363229 0.0163418 0.0064568 0.0423155
5 0.0247649 0.394713 0.492644 0.00429674 0.0053579 0.0749066 0.00331752
22 0.000747993 0.0108201 0.458532 0.00129075 0.00971144 0.516134 0.0027642
19 0.000552712 0.00383067 0.000961064 0.975826 0.000781457 0.000476051 0.0175721
13 0.0414818 0.00639121 0.00373618 0.00605773 0.832384 0.00408812 0.105861
22 0.00017675 0.0136391 0.0578068 0.000602998 0.000463621 0.926847 0.000463737
11 0.16821 0.010495 0.00200175 0.00899291 0.0351666 0.00180657 0.773327
11 0.243272 0.0174487 0.0120647 0.127684 0.0806981 0.0168002 0.502032
0 0.0214818 0.971518 0.000304396 0.0052315 9.43376e-05 0.000344756 0.00102521
5 0.000707895 0.00635669 0.748444 0.000990845 0.0138971 0.228131 0.00147175
19 0.000434491 0.00268171 0.00160022 0.982249 0.000561709 0.000568664 0.0119044
13 0.0764942 0.00609576 0.0157095 0.00604114 0.782606 0.0268835 0.0861698
4 0.518331 0.0146347 0.183188 0.00436792 0.00512669 0.264348 0.0100032
11 0.012652 0.00582612 0.000955732 0.14787 0.0396446 0.0022683 0.790784
4 0.860702 0.0285204 0.00714542 0.0702986 0.00988782 0.00378964 0.0196556
0 0.0371306 0.602624 0.137967 0.00852551 0.00968699 0.196541 0.00752591
5 0.013509 0.0343131 0.92411 0.00200566 0.0100975 0.0128095 0.00315518
19 0.015464 0.0355396 0.00203394 0.936114 0.0017338 0.00283985 0.00627502
13 0.0016882 0.115051 0.00672661 0.00670848 0.857072 0.00427803 0.00847581
22 0.0193392 0.0987825 0.138121 0.00214798 0.00693326 0.725525 0.00915075
11 0.00349406 0.0223938 0.00649049 0.00762498 0.155695 0.00167446 0.802627
4 0.633398 0.256375 0.00509531 0.0302047 0.034675 0.025499 0.0147527
22 0.00103988 0.0377572 0.0523267 0.00090518 0.000198576 0.907297 0.000475692
22 0.00196598 0.00270002 0.408456 0.00105712 0.000641085 0.584054 0.0011259
19 0.0089368 0.0134027 0.0025117 0.966275 0.000964998 0.00313816 0.00477079
13 0.0301292 0.0447696 0.153572 0.00861903 0.590431 0.142172 0.030307
22 0.000267795 0.00210341 0.0693884 0.0011062 9.65959e-05 0.926105 0.000932159
11 0.00079696 0.00500965 0.00072335 0.00400328 0.0174404 0.000352333 0.971674
