labels 22 11 4 0 5 19 13
22 0.916573 0.000888285 0.00559893 0.0160284 0.0457705 0.00116569 0.0139756
22 0.467081 0.00428444 0.0755046 0.329484 0.100754 0.00313097 0.019762
22 0.937349 0.00164697 0.00314584 0.017788 0.0363614 0.00085114 0.00285756
22 0.690012 0.0136649 0.00903316 0.0107725 0.0584824 0.00496537 0.21307
22 0.817215 0.00334364 0.0175042 0.0623812 0.0645444 0.00442568 0.0305857
22 0.967557 0.000766709 0.000977172 0.00329283 0.0149836 0.000699962 0.011723
22 0.928219 0.00138972 0.000265273 0.00345588 0.055505 0.000636459 0.0105286
5 0.131024 0.00803708 0.0150551 0.0298976 0.631483 0.00359408 0.180909
22 0.350039 0.00326801 0.0189451 0.0655183 0.284926 0.00225883 0.275044
22 0.68407 0.0056687 0.0145228 0.144204 0.117294 0.00298336 0.0312573
22 0.964824 0.000998582 0.00065272 0.00195266 0.0188952 0.000875693 0.0118016
22 0.589978 0.00179259 0.0104494 0.0246505 0.345064 0.00276457 0.0253013
22 0.898239 0.0063853 0.00616841 0.0129392 0.0265951 0.00246653 0.0472063
22 0.96698 0.000884058 0.00159587 0.0022089 0.0236353 0.000574367 0.00412144
5 0.137936 0.000372387 0.0027418 0.0697689 0.783963 0.000871944 0.00434581
22 0.864889 0.0003305 0.000652453 0.0177487 0.114138 0.00191719 0.000324953
22 0.919595 0.000387913 0.000636578 0.00285503 0.0750026 0.00112837 0.000394496
22 0.49556 0.000268877 0.000543556 0.0356926 0.465983 0.00130354 0.000648405
22 0.720818 0.00032074 0.000768947 0.0183474 0.25617 0.000707923 0.00286756
5 0.465036 0.000212607 9.33525e-05 0.0031109 0.529476 0.00102954 0.00104161
5 0.442913 0.000807466 0.0104954 0.0230194 0.509897 0.00280442 0.0100641
22 0.771708 0.000382458 0.000444551 0.00104907 0.224518 0.0012354 0.000662208
5 0.397732 0.00138062 0.00561218 0.0103424 0.571707 0.00339751 0.00982891
22 0.88245 0.000466564 0.0041879 0.0217962 0.0877903 0.00132688 0.00198203
22 0.981256 0.000358057 0.00142909 0.00165595 0.0129117 0.00104085 0.00134879
11 0.00276491 0.865617 0.00728662 0.041311 0.00924575 0.0102365 0.0635384
11 0.000654876 0.702359 0.0139965 0.00435919 0.000680903 0.117649 0.1603
11 0.000798827 0.90624 0.0518006 0.00295796 0.00149603 0.0259548 0.0107522
13 0.00390076 0.171312 0.0365324 0.0149632 0.0046631 0.0932111 0.675418
11 0.00136031 0.74224 0.0413294 0.00520138 0.00742448 0.00884347 0.193601
13 0.0102216 0.298308 0.103433 0.0163587 0.0470428 0.0119076 0.512729
13 0.0685513 0.138014 0.0787859 0.0189874 0.10357 0.00693081 0.585161
11 0.00719982 0.865155 0.0395779 0.00977901 0.0498223 0.00776293 0.020703
4 0.00980198 0.0703852 0.617644 0.00933987 0.0276966 0.0119983 0.253134
11 0.00248989 0.818749 0.0911381 0.00527466 0.00769353 0.042808 0.0318472
4 0.00784917 0.0805279 0.81333 0.015393 0.0157379 0.0190386 0.0481238
11 0.0140823 0.451842 0.366401 0.00657021 0.0773485 0.0225689 0.0611871
11 0.0106369 0.756432 0.135752 0.00769987 0.0200139 0.0275486 0.0419164
4 0.00348045 0.0697734 0.798633 0.0134936 0.0242093 0.0321566 0.0582537
4 0.0123459 0.222054 0.429493 0.0300128 0.0288389 0.0281827 0.249073
11 0.00269178 0.63647 0.00077286 0.00455142 0.00441195 0.00176955 0.349332
4 0.00357844 0.448309 0.469049 0.0472238 0.00955247 0.0130637 0.00922409
22 0.741302 0.0129561 0.133063 0.00614418 0.0818331 0.00766268 0.0170383
4 0.143152 0.176098 0.485019 0.0499549 0.126983 0.0126851 0.00610686
5 0.371447 0.0045406 0.0259397 0.0125214 0.562983 0.0019586 0.0206099
4 0.1785 0.0152572 0.673959 0.0538869 0.057858 0.0174635 0.00307537
4 0.0228088 0.0147264 0.882693 0.0114427 0.0547541 0.00414738 0.00942709
22 0.677252 0.00271615 0.179627 0.0193664 0.1127 0.00712754 0.00121063
22 0.457186 0.0275473 0.149381 0.0456782 0.29618 0.0120618 0.0119656
4 0.0262192 0.0315872 0.880791 0.0119849 0.0217927 0.019857 0.00776769
0 0.0152864 0.0016705 0.00182187 0.922472 0.0476927 0.000520503 0.0105362
0 0.0137862 0.00381823 0.0533073 0.904638 0.0128199 0.00230892 0.00932104
0 0.103911 0.0053796 0.027565 0.722121 0.0926901 0.00436536 0.0439684
0 0.0621786 0.0021958 0.0629503 0.713721 0.14974 0.00299852 0.00621551
22 0.282181 0.00649984 0.123508 0.127576 0.226196 0.00699984 0.227038
0 0.260467 0.00751951 0.0132424 0.399147 0.295744 0.00650723 0.0173725
0 0.0462726 0.00335728 0.00422806 0.826822 0.10919 0.00243173 0.00769811
22 0.508718 0.00367054 0.0286776 0.293632 0.136904 0.00625587 0.0221422
5 0.307997 0.0024181 0.0362655 0.245262 0.372173 0.0165873 0.0192968
0 0.0458856 0.000662011 0.0161421 0.765391 0.1654 0.00206799 0.00445089
0 0.0209687 0.0164298 0.00197942 0.841416 0.0406794 0.00201129 0.0765156
19 0.0105171 0.00926649 0.102872 0.399168 0.00552988 0.465658 0.00698839
0 0.00386669 0.00249969 0.0636649 0.917669 0.00100477 0.00991013 0.001385
5 0.0724219 0.0115636 0.0529416 0.149983 0.56048 0.0103245 0.142286
5 0.0621947 0.0367005 0.0466441 0.34641 0.422615 0.00597912 0.0794565
5 0.0211634 0.00491921 0.0206646 0.0972364 0.775677 0.00192813 0.0784114
0 0.0514239 0.0100456 0.0533824 0.367529 0.2592 0.00904555 0.249374
5 0.0619714 0.0144233 0.0501237 0.326786 0.491553 0.00881504 0.0463273
5 0.0952101 0.0375432 0.0997765 0.285789 0.411037 0.00946273 0.0611816
0 0.0137873 0.0008708 0.00825661 0.957915 0.0124274 0.000831739 0.00591089
4 0.0485021 0.00140906 0.793761 0.107954 0.0160312 0.0260919 0.00625069
5 0.035319 0.00288133 0.00697374 0.05326 0.879927 0.00217768 0.0194616
5 0.0422491 0.00172635 0.0146468 0.0198638 0.901489 0.00122209 0.0188027
5 0.0893882 0.00480952 0.00647643 0.0476603 0.820994 0.00247845 0.0281929
5 0.00466141 0.0065716 0.0011613 0.00364519 0.969187 0.00185841 0.0129146
13 0.044407 0.00406905 0.0261397 0.129192 0.25132 0.00140716 0.543466
5 0.2546 0.00200098 0.00109846 0.0196177 0.708775 0.0015991 0.0123086
11 0.00253306 0.816734 0.00726528 0.0133316 0.00264163 0.0986749 0.0588201
11 0.000692654 0.938141 0.00119426 0.00747289 0.00156453 0.00873339 0.042201
11 0.00499058 0.730473 0.0524203 0.0244386 0.00392656 0.144218 0.0395329
11 0.00550763 0.501874 0.268514 0.0323388 0.00584533 0.160621 0.0252988
19 0.000606082 0.00347812 0.0108651 0.00324066 0.000718138 0.980768 0.000323949
19 0.0057856 0.242392 0.0507735 0.0103234 0.00503151 0.67086 0.0148341
11 0.0012739 0.729287 0.0290397 0.00246836 0.00217321 0.203377 0.0323815
19 0.00635884 0.0055432 0.0690259 0.00583102 0.00747787 0.902212 0.00355126
19 0.00120461 0.00116526 0.00592725 0.0013234 0.00147098 0.988308 0.000600297
19 0.00279495 0.00135936 0.0386254 0.0018161 0.00301062 0.951683 0.000710915
19 0.000409554 0.000390231 0.00357186 0.0003476 0.000768878 0.994369 0.000143123
19 0.00229759 0.00315733 0.00865286 0.00582738 0.00246579 0.976772 0.000826821
13 0.00183304 0.0114276 0.00386012 0.00452173 0.00943854 0.00208061 0.966838
13 0.000590641 0.0037017 0.00204738 0.0009213 0.00384407 0.000826552 0.988068
13 0.000371993 0.0022709 0.000493215 0.00194466 0.00771402 0.000647708 0.986558
13 0.00840659 0.0313217 0.0730817 0.0233816 0.0107183 0.0278913 0.825199
13 0.000583579 0.00204213 0.000567834 0.00381621 0.00104449 0.00126962 0.990676
13 0.00209202 0.0214396 0.00695846 0.00266886 0.00991604 0.00145008 0.955475
13 0.00297318 0.0569331 0.0177898 0.0144917 0.0077373 0.0187808 0.881294
13 0.00545515 0.00928815 0.00955591 0.0103522 0.0290469 0.0048479 0.931454
13 0.00176947 0.00855483 0.00997067 0.00701566 0.0161461 0.00219596 0.954347
13 0.00274859 0.0416692 0.0873724 0.0237787 0.0166259 0.003909 0.823896
13 0.00356824 0.0418829 0.0521287 0.10014 0.0416648 0.00484937 0.755766
13 0.00552735 0.0251317 0.0311875 0.00475286 0.0504478 0.00204074 0.880912
13 0.00653632 0.0031254 0.0612485 0.0127377 0.0238433 0.000846015 0.891663
13 0.00775934 0.00234409 0.140295 0.0381449 0.0429651 0.00186941 0.766623
13 0.00179691 0.00446939 0.037522 0.00253537 0.00484787 0.00532076 0.943508
22 0.657167 0.00111673 0.00220985 0.00262621 0.328112 0.00167849 0.00708958
11 0.000837945 0.979719 0.000332295 0.00263955 0.00134091 0.00141167 0.0137183
4 0.0172144 0.00991842 0.837097 0.110299 0.00705916 0.00898289 0.00942936
