labels 22 11 4 0 5 19 13
5 0.417288 0.00321462 0.00424381 0.0310744 0.535134 0.00156592 0.00747991
19 0.00526262 0.0237332 0.142674 0.00713954 0.00296785 0.814572 0.00365025
13 0.00279695 0.0221661 0.00486337 0.0107006 0.00100286 0.0183791 0.940091
22 0.801809 0.00145871 0.0013992 0.0145178 0.178506 0.00196044 0.000348408
11 0.000190813 0.966631 0.0013579 0.000875088 0.000207447 0.00319707 0.027541
4 0.0121941 0.124119 0.692851 0.0375592 0.0207508 0.102545 0.00998108
0 0.0345865 0.00174482 0.04655 0.895052 0.0185849 0.00140926 0.00207304
22 0.755419 0.000911848 0.012736 0.0312482 0.198111 0.00127977 0.000294011
19 0.00580642 0.0855913 0.175281 0.0135153 0.0080672 0.685119 0.0266196
13 0.00724102 0.0404978 0.0235057 0.039503 0.0078413 0.00840025 0.873011
22 0.690726 0.00208877 0.00621827 0.282266 0.00893694 0.00778641 0.00197761
11 0.00488085 0.912622 0.0263653 0.00190755 0.0106428 0.00939329 0.0341883
4 0.0384552 0.0533108 0.818372 0.0193195 0.00819811 0.0204851 0.0418598
0 0.00264161 0.00371687 0.102406 0.868549 0.0125944 0.00596359 0.00412872
5 0.0739638 0.000375282 0.000124767 0.00293894 0.91917 0.000550022 0.00287692
11 0.00390256 0.275776 0.0216269 0.247528 0.0111746 0.194854 0.245137
13 0.0285824 0.0320837 0.0153681 0.0524716 0.0256273 0.0212039 0.824663
22 0.715062 0.000715555 0.00232086 0.0515701 0.216259 0.000800394 0.0132725
11 0.00141628 0.811394 0.0653782 0.00513362 0.00285452 0.0980159 0.015807
4 0.365383 0.0373071 0.391632 0.0296272 0.154965 0.00945139 0.0116338
0 0.255235 0.0125233 0.010405 0.37429 0.319607 0.00281916 0.0251195
5 0.4257 0.00620557 0.010376 0.103125 0.431793 0.00483612 0.0179642
19 0.000558472 0.0064135 0.0059019 0.0017235 0.000563641 0.984629 0.000210061
13 0.0043847 0.13755 0.0195301 0.170273 0.00913187 0.0338386 0.625292
22 0.644875 0.00779563 0.00834382 0.19704 0.128505 0.0057962 0.00764551
11 0.0288799 0.72546 0.00955685 0.00594454 0.00867162 0.0029676 0.218519
22 0.65935 0.0185383 0.133429 0.00992455 0.141571 0.00913283 0.0280549
0 0.0317451 0.0257692 0.190754 0.537334 0.0778496 0.0766254 0.0599231
5 0.113381 0.000294504 0.000179345 0.00170117 0.88329 0.000317874 0.000836007
11 0.00156133 0.676618 0.0126167 0.00303896 0.0015186 0.192599 0.112047
13 0.00292811 0.0233292 0.00261014 0.00273046 0.00493873 0.00261806 0.960845
22 0.933187 0.0019728 0.000642483 0.0116577 0.0460424 0.000697367 0.00579995
0 0.0103342 0.0474324 0.112124 0.722941 0.0196673 0.0625848 0.0249165
5 0.108426 0.0245253 0.331984 0.106691 0.369461 0.00848433 0.0504285
5 0.192584 0.0883798 0.055694 0.0820874 0.488056 0.0113132 0.0818855
5 0.261218 0.000138109 0.000463601 0.00581677 0.73131 0.000794397 0.000258536
19 0.00087104 0.0249533 0.00947144 0.00338746 0.000900319 0.959287 0.00112912
13 0.00681925 0.0570948 0.111079 0.0334258 0.173031 0.00709083 0.611459
22 0.596378 0.000559738 0.000695774 0.00938241 0.391501 0.000727571 0.000755889
11 0.00266363 0.911153 0.00338216 0.00440561 0.0011482 0.0629413 0.0143058
4 0.0108468 0.0150705 0.559331 0.0904851 0.314966 0.00550684 0.00379365
0 0.0413245 0.00399887 0.0279413 0.440656 0.3543 0.00502603 0.126753
22 0.686154 0.00188212 0.000405694 0.00209674 0.304708 0.000608192 0.00414507
11 0.00610081 0.486458 0.0267139 0.0275812 0.00800069 0.423619 0.0215265
13 0.00124165 0.431144 0.000829073 0.0179995 0.000676641 0.0426813 0.505427
5 0.129369 0.00319464 0.0165452 0.0158387 0.791976 0.00257639 0.0404998
11 0.000451577 0.965421 0.00722558 0.00164839 0.00175523 0.017842 0.00565654
4 0.0110171 0.0146259 0.931959 0.0127032 0.0219069 0.0055693 0.00221886
0 0.299636 0.00921538 0.0135917 0.549455 0.121471 0.00253082 0.00409977
22 0.66443 0.00119245 0.00339275 0.00675404 0.295903 0.00100525 0.0273229
19 0.00516676 0.0649783 0.0294895 0.00744513 0.00304921 0.885104 0.00476683
13 0.00406325 0.000951112 0.000418061 0.000536958 0.00194461 0.000399417 0.991687
22 0.930759 0.000550731 0.000359797 0.000576336 0.0666401 0.000553114 0.000560509
19 0.00725243 0.368742 0.00407544 0.0168773 0.00699847 0.524571 0.0714832
4 0.00288442 0.00448397 0.980949 0.00308431 0.00221966 0.00489323 0.00148533
0 0.0034502 0.00816683 0.00352522 0.94285 0.0331763 0.000693765 0.00813749
5 0.020642 0.00270972 0.00430873 0.0498842 0.870938 0.000780339 0.0507372
19 0.0164296 0.0120022 0.0213258 0.0189114 0.0107103 0.915343 0.00527789
13 0.00227676 0.025391 0.0119889 0.0314601 0.0405711 0.00399676 0.884315
22 0.936731 0.00085002 0.00127571 0.00116786 0.0585117 0.0010367 0.000427299
19 0.000719571 0.403895 0.00123883 0.0126479 0.000810109 0.564414 0.0162746
4 0.00152769 0.00261753 0.989581 0.00101602 0.00220327 0.00252366 0.000530421
0 0.0731524 0.0111053 0.00961162 0.498367 0.356183 0.00479975 0.0467805
22 0.517642 0.00112367 0.000245401 0.00112939 0.478513 0.00104204 0.000304437
19 0.00263302 0.12576 0.0286212 0.00114776 0.00169459 0.835777 0.00436651
13 0.00300546 0.00837052 0.00362703 0.0213599 0.0017362 0.0295506 0.93235
22 0.923853 0.000930339 0.00408032 0.00317578 0.0662844 0.000564067 0.00111239
11 0.00326094 0.659182 0.241091 0.00751487 0.0275649 0.0256305 0.0357559
4 0.010618 0.00319985 0.500127 0.41886 0.0274744 0.0368288 0.00289247
22 0.32985 0.00994099 0.0497586 0.078063 0.323823 0.00490588 0.203659
5 0.016835 0.00187524 0.00268498 0.0790435 0.883328 0.000846091 0.0153868
19 0.00152849 0.00104846 0.00443399 0.00100293 0.000811892 0.990997 0.000177506
13 0.000954982 0.0323815 0.00652285 0.0400514 0.00456228 0.0164687 0.899058
22 0.987983 0.000693207 0.00152897 0.00175118 0.00569199 0.000837157 0.00151477
11 0.000943242 0.781431 0.00882827 0.0252178 0.00296442 0.0593647 0.121251
4 0.0323722 0.011835 0.919624 0.0125308 0.0161015 0.00652902 0.00100704
22 0.496074 0.00701563 0.0801514 0.180187 0.223282 0.00787143 0.00541839
5 0.128399 0.00521722 0.0113986 0.133409 0.687284 0.00949905 0.024793
19 0.00285721 0.0110369 0.0406645 0.0169085 0.0037612 0.92394 0.000831256
13 0.0151005 0.0267132 0.0105215 0.0137282 0.0430937 0.0168544 0.873988
22 0.990472 0.000554895 0.000157368 0.00061234 0.00738771 0.000275797 0.000539866
11 0.00297208 0.849223 0.0226165 0.0707972 0.0154844 0.0126309 0.0262754
4 0.00178852 0.0136515 0.875893 0.00393613 0.00373627 0.098413 0.00258164
0 0.0110782 0.00210103 0.00889694 0.493142 0.450619 0.00430143 0.0298609
22 0.679615 0.000711583 0.00201359 0.00876219 0.306174 0.00256432 0.000158757
19 0.0059023 0.0046655 0.0188672 0.00638338 0.00572374 0.95665 0.00180816
13 0.00624138 0.0369283 0.00532428 0.00860283 0.0362015 0.00469878 0.902003
22 0.976583 0.000444056 0.00024875 0.0030689 0.015965 0.000604199 0.00308641
11 0.00228485 0.843527 0.0401779 0.0334599 0.00179681 0.0587984 0.0199548
13 0.0124158 0.0342302 0.403253 0.0758518 0.0236792 0.006006 0.444564
0 0.0121661 0.00071617 0.000361047 0.962529 0.0102922 0.00151003 0.0124255
5 0.086033 0.00352631 0.00187599 0.263852 0.636168 0.0013958 0.00714905
19 0.00884172 0.0178858 0.0301395 0.00670118 0.00370216 0.929771 0.00295855
13 0.00191077 0.0295531 0.00103298 0.00376497 0.00583783 0.00254169 0.955359
22 0.868754 0.00152467 0.00225143 0.0780877 0.0419703 0.00111127 0.00630018
11 0.000411378 0.99116 0.00141288 0.000822179 0.0017272 0.00155098 0.00291539
4 0.0691295 0.154449 0.435752 0.0113785 0.0779117 0.0122198 0.239159
0 0.00339477 0.0151488 0.042217 0.739108 0.00234768 0.178096 0.0196879
22 0.746368 0.00131197 0.0018643 0.0778861 0.170357 0.00124486 0.000967375
19 0.00511598 0.0778393 0.0131045 0.0211812 0.0133413 0.839352 0.0300657
13 0.0208803 0.012157 0.00499403 0.00486223 0.00556654 0.00390084 0.947639
22 0.683086 0.00974403 0.0127876 0.0530618 0.0940319 0.00224812 0.14504
11 0.000708344 0.926196 0.00102587 0.00211924 0.00159539 0.0384178 0.0299372
4 0.00418295 0.0491904 0.878686 0.00271653 0.0115021 0.0401167 0.0136053
0 0.0002275 7.41311e-05 0.000937047 0.996153 0.00202727 0.000111094 0.000470456
5 0.0827226 0.000779923 0.000425647 0.0698428 0.844154 0.00079213 0.00128248
19 0.00321392 0.0050349 0.0240432 0.000992008 0.00317136 0.962751 0.000793567
