labels 22 5 13 4 0 11 19
22 0.859089 0.12973 0.00064206 0.00120499 0.00782038 0.00099461 0.000519577
4 0.0344358 0.174544 0.0700637 0.555467 0.121427 0.0316778 0.012386
13 0.000332906 0.010453 0.81407 0.00147086 0.0045682 0.167165 0.00193938
0 0.0120758 0.0751635 0.0213697 0.0112609 0.824959 0.0530155 0.00215585
11 1.9691e-06 2.79067e-06 8.19965e-06 4.19095e-06 2.3224e-06 0.998692 0.00128885
4 0.00926966 0.0891791 0.0473405 0.634009 0.107784 0.101559 0.0108594
0 0.0464637 0.212166 0.000354067 0.0117558 0.72587 0.00163811 0.00175236
0 0.00392439 0.0157205 0.00664974 0.0170428 0.929106 0.0258931 0.00166335
22 0.596301 0.389666 0.00392891 0.00145806 0.00662861 0.00137334 0.000644038
5 0.312588 0.656403 0.00049236 0.000513 0.0290269 0.000379082 0.000597791
22 0.544407 0.360359 0.00293317 0.00159135 0.0882584 0.00140046 0.00105023
11 0.000718355 0.00213849 0.00673984 0.01036 0.000257704 0.954688 0.0250974
19 0.00104177 0.0058699 0.0020228 0.00148185 0.00353909 0.0401171 0.945927
4 0.00987007 0.0199163 0.0194974 0.765048 0.0907062 0.0468728 0.048089
5 0.179267 0.731468 0.00489474 0.00497556 0.0729659 0.00486483 0.00156367
5 0.0619436 0.850623 0.0235392 0.0107758 0.0262517 0.025087 0.00177926
11 0.00287258 0.0412197 0.336056 0.00306482 0.00763863 0.606423 0.00272515
11 0.000335036 0.00072004 0.0287819 0.000210118 0.00095578 0.968092 0.000905116
19 0.00343011 0.00478509 0.00396792 0.057241 0.0177743 0.0396828 0.873119
5 0.0948855 0.841896 0.0348557 0.00277897 0.016443 0.00595328 0.00318761
22 0.530982 0.263468 0.00256281 0.00382073 0.191316 0.00414053 0.00371007
19 0.00098097 0.0030873 0.00827595 0.0175563 0.0159086 0.21693 0.737261
5 0.0971873 0.706756 0.117878 0.0154955 0.0443732 0.0147686 0.0035419
22 0.848106 0.146685 0.000415608 0.000408928 0.00349736 0.000537242 0.000350211
11 0.000556907 0.00143116 0.0529585 0.000586078 0.000846893 0.942769 0.000851599
22 0.843777 0.11768 0.0229244 0.00255395 0.0101442 0.0019474 0.000973208
19 0.00406588 0.015218 0.00323546 0.0308049 0.00953878 0.0550332 0.882104
11 0.000157745 0.000184913 0.00654795 0.000759319 0.000264255 0.988065 0.00402077
22 0.532455 0.116238 0.176275 0.00330889 0.162789 0.0062996 0.00263384
19 0.00701296 0.0088182 0.0139786 0.308958 0.0107141 0.129072 0.521446
11 0.00343828 0.0153429 0.115555 0.00955658 0.152348 0.574301 0.129459
0 0.00216915 0.0294763 0.00628 0.193731 0.728366 0.0322537 0.00772389
0 0.0595464 0.410902 0.014648 0.0181931 0.479897 0.0153794 0.00143471
13 0.00219046 0.00319634 0.788609 0.0106685 0.0377285 0.137292 0.0203153
0 0.0169131 0.0780361 0.0320039 0.013748 0.773398 0.0819451 0.00395598
4 0.0319297 0.0840456 0.0332396 0.470772 0.040491 0.32514 0.0143827
13 0.000602424 0.0232426 0.898561 0.00751096 0.0401276 0.0286319 0.00132361
5 0.26611 0.561343 0.00734954 0.0579005 0.0869724 0.0111262 0.00919879
11 0.000542262 0.00618891 0.00237122 0.00117624 0.000508711 0.987873 0.0013398
22 0.625604 0.356856 0.00752026 0.000555722 0.00680281 0.00196869 0.000692403
4 0.00603312 0.00791849 0.0614698 0.616337 0.0197271 0.218083 0.0704311
5 0.282367 0.583557 0.0554395 0.0114387 0.0621536 0.00314624 0.00189763
19 0.00636287 0.00264712 0.00224453 0.0334964 0.00738331 0.016945 0.930921
4 0.00438867 0.0125112 0.00385918 0.817383 0.0114672 0.057799 0.0925919
0 0.000888308 0.00846727 0.000354022 0.00125435 0.988604 0.000372491 5.94382e-05
5 0.0441322 0.938574 0.000206926 0.000564569 0.0151224 0.000392326 0.00100744
22 0.803915 0.16418 0.00532088 0.0022145 0.0189708 0.00349017 0.00190868
0 0.00542831 0.0105225 0.00499361 0.0129782 0.962759 0.00228679 0.00103178
11 0.0034469 0.00133893 0.163783 0.00393119 0.00234177 0.790227 0.0349305
19 0.000796906 0.00131622 0.000109202 0.00984926 0.00300578 0.00413189 0.980791
5 0.280878 0.543029 0.032531 0.0247193 0.101984 0.0136106 0.0032481
22 0.73188 0.218679 0.00658113 0.0189463 0.00875474 0.0127018 0.00245739
22 0.902076 0.0907872 0.00127375 0.000500841 0.00437488 0.000393998 0.000593006
5 0.29055 0.687939 0.000909519 0.00345085 0.0147242 0.00101219 0.00141409
11 0.00391479 0.0169616 0.00700119 0.181347 0.111502 0.638406 0.0408668
19 0.00700938 0.00762984 0.0208659 0.121467 0.128367 0.14596 0.568701
0 0.0290708 0.289511 0.0101108 0.0244225 0.531842 0.105962 0.00908165
13 0.00274665 0.00744388 0.543757 0.00838725 0.00721423 0.408248 0.0222031
13 0.00135313 0.00379059 0.493167 0.0193538 0.0117782 0.456999 0.0135577
4 0.00522963 0.0114417 0.00450488 0.704888 0.00523366 0.0364199 0.232282
4 0.0579063 0.23246 0.0235036 0.361956 0.259687 0.054224 0.0102624
22 0.766715 0.212296 0.000749912 0.00155299 0.016825 0.000951083 0.000910181
19 0.00164348 0.00106665 0.000577122 0.027357 0.00670375 0.0181777 0.944474
11 0.000606191 0.00136475 0.117806 0.00380368 0.00442159 0.852149 0.0198481
5 0.00967224 0.986822 0.000197751 0.000206617 0.00191901 0.000280109 0.000902188
13 0.000926799 0.0076873 0.899813 0.00055718 0.000798804 0.0878822 0.00233452
22 0.788893 0.170403 0.0161329 0.00335179 0.0157671 0.00369397 0.00175874
4 0.00289139 0.00639491 0.00725239 0.883212 0.00275737 0.0519839 0.0455085
5 0.112463 0.68646 0.143154 0.0150293 0.0287201 0.0125831 0.00159061
