labels 22 5 13 0 11 4 19
4 0.016857 0.119913 0.149825 0.0367093 0.152624 0.503134 0.0209369
5 0.00728419 0.984717 0.000599905 0.00613803 0.000150589 0.000765741 0.000344894
4 0.0350579 0.056012 0.0188695 0.0659073 0.0185108 0.788387 0.0172553
4 0.00285561 0.0866804 0.00289711 0.0072216 0.0398626 0.851272 0.00921061
0 0.00981428 0.0438489 0.339772 0.517016 0.0291579 0.0273174 0.0330733
11 0.00445316 0.00588429 0.0244201 0.018244 0.755398 0.0661534 0.125447
5 0.127734 0.541461 0.0196387 0.0958962 0.0720188 0.13847 0.00478146
0 0.0272357 0.203902 0.00802648 0.728468 0.00382023 0.026311 0.00223593
11 0.000602159 0.00157223 0.0100462 0.000620953 0.943444 0.00803563 0.0356787
19 0.0208603 0.0465117 0.168252 0.172842 0.217833 0.145949 0.227752
19 0.00098637 0.000945666 0.000213632 0.00131428 0.00562389 0.00241566 0.9885
19 0.000469484 0.00112529 0.000190903 0.000774087 0.00867861 0.000848645 0.987913
13 0.00980024 0.00568425 0.647718 0.00464947 0.27235 0.0467696 0.0130285
13 0.0388844 0.024913 0.678399 0.0080732 0.167533 0.0753128 0.00688451
19 0.00333567 0.00365874 0.00159234 0.0110003 0.00285305 0.00842994 0.96913
4 0.00841836 0.0196651 0.0121277 0.00713652 0.0393401 0.740809 0.172503
13 0.00411988 0.00505127 0.904438 0.0123565 0.0373355 0.00861524 0.0280838
5 0.282638 0.614715 0.000815029 0.0715062 0.00262686 0.026091 0.00160875
5 0.470013 0.521442 0.000430477 0.00292869 0.000859439 0.00346898 0.000857417
11 0.00535738 0.00833273 0.348993 0.0179611 0.589835 0.0140847 0.0154369
22 0.655192 0.246353 0.00946204 0.0831461 0.000621791 0.00457571 0.000649968
13 0.00450743 0.00591704 0.788686 0.0053423 0.180095 0.00738979 0.00806302
0 0.0268737 0.108552 0.0432235 0.646862 0.016947 0.14652 0.0110215
13 0.0194889 0.0303264 0.697291 0.0227282 0.0699334 0.149491 0.0107418
22 0.547163 0.110028 0.0772629 0.192561 0.0098682 0.0605396 0.00257736
11 0.00233224 0.00418063 0.122637 0.000967747 0.678241 0.00535718 0.186285
22 0.567085 0.268229 0.00441855 0.12985 0.00480005 0.0238879 0.00172935
19 0.00740109 0.011995 0.0309264 0.100986 0.132363 0.129821 0.586507
0 0.0296286 0.156519 0.0224265 0.491711 0.0124779 0.26752 0.019717
4 0.00286868 0.00404301 0.000957694 0.00538318 0.00378927 0.921161 0.0617967
0 0.0417552 0.120197 0.043031 0.392696 0.0301764 0.225653 0.146492
5 0.0685759 0.919127 0.00118745 0.00952879 0.000463457 0.000755971 0.000361287
11 0.00278711 0.0133122 0.0199395 0.0488765 0.853184 0.0295872 0.0323137
11 0.00100134 0.00124122 0.0109015 0.0382406 0.871121 0.0377555 0.0397392
13 0.00139003 0.00349623 0.878046 0.0172425 0.0741765 0.00469005 0.0209586
22 0.768593 0.116795 0.00206613 0.106811 0.00140904 0.00328962 0.00103523
22 0.56585 0.402268 0.000662771 0.026954 0.000475668 0.00306388 0.000725371
22 0.668464 0.278358 0.000723114 0.0378369 0.00479937 0.00831284 0.0015057
5 0.0555111 0.50645 0.0040076 0.426848 0.00436088 0.00166046 0.0011616
5 0.0413137 0.731303 0.00122657 0.223198 0.00116242 0.0011124 0.000684412
22 0.645354 0.291085 0.000300076 0.0590989 0.00114448 0.0017176 0.00129978
4 0.00986248 0.343062 0.00365603 0.0629213 0.0434703 0.527682 0.00934552
22 0.535408 0.429298 0.000720314 0.0319172 0.000626661 0.00142673 0.000602952
11 0.00945168 0.0734854 0.0473774 0.0266216 0.79798 0.014708 0.0303764
0 0.00341065 0.0174264 0.00325111 0.972002 0.00198847 0.0010028 0.000918904
5 0.0339712 0.911148 0.00157606 0.047286 0.00199736 0.00253176 0.00148936
11 0.00471285 0.00932193 0.0389744 0.0306948 0.565312 0.0219301 0.329054
0 0.166997 0.149467 0.0044586 0.670068 0.00335676 0.00376169 0.00189031
0 0.0741013 0.0521747 0.361364 0.361407 0.103337 0.0364636 0.0111528
0 0.0368837 0.0800401 0.0614617 0.30764 0.142454 0.10773 0.26379
4 0.0171806 0.047679 0.00377831 0.13179 0.00460835 0.760305 0.0346585
22 0.856061 0.107495 0.000883375 0.0304253 0.00145024 0.00220903 0.0014757
22 0.811265 0.129865 0.00309692 0.0151812 0.00600409 0.032258 0.00232976
22 0.725517 0.199187 0.00339649 0.0654822 0.00254097 0.0028697 0.00100682
22 0.452086 0.268156 0.00917292 0.0608522 0.0491224 0.155301 0.0053097
5 0.0367534 0.915645 0.00278725 0.0400632 0.00170833 0.00202875 0.00101426
11 0.000868721 0.00251545 0.0162301 0.00212234 0.926691 0.00273443 0.0488379
11 0.00266053 0.0067575 0.0147682 0.0277841 0.798676 0.0494826 0.0998711
19 0.00260514 0.007486 0.00579794 0.0655585 0.0417472 0.0156591 0.861146
19 0.0151958 0.0262594 0.11646 0.0212692 0.306984 0.0723284 0.441503
5 0.140278 0.549318 0.0161912 0.191146 0.0362336 0.0623508 0.00448206
