labels 22 5 4 13 0 11 19
5 0.335664 0.660835 7.68337e-05 0.00164893 0.00156291 0.000120709 9.15995e-05
13 0.0168843 0.0801412 0.0176904 0.720719 0.133011 0.0276662 0.00388756
11 0.0515143 0.103193 0.204433 0.280535 0.0617753 0.282289 0.0162605
22 0.861212 0.131757 5.19345e-05 0.000171534 0.00650614 0.00018168 0.000119914
22 0.468172 0.338473 0.013539 0.0165344 0.151148 0.00678999 0.00534313
13 0.000733741 0.00106989 0.00610502 0.820904 0.00218243 0.166938 0.00206685
5 0.419535 0.509013 0.00146639 0.0437711 0.0229073 0.00220396 0.0011033
11 0.0192799 0.0117718 0.181366 0.166432 0.00943546 0.548941 0.0627739
13 0.0776102 0.0557309 0.078812 0.56057 0.124859 0.0841835 0.0182343
5 0.0349543 0.557425 0.000731494 0.00516035 0.400677 0.000566714 0.000485643
22 0.93037 0.0542126 0.000260253 0.000224762 0.0147859 7.63573e-05 7.04391e-05
4 0.0719383 0.0348543 0.739546 0.0124126 0.0339165 0.0380921 0.0692403
19 0.00463397 0.0145034 0.0467328 0.00282291 0.00131416 0.0177874 0.912205
22 0.718014 0.22444 0.000654488 0.00115697 0.0532577 0.00171924 0.000757508
22 0.860884 0.103455 0.00520945 0.00052861 0.0288895 0.0005966 0.000436954
22 0.941993 0.0544727 8.89684e-05 0.000451107 0.00248704 0.000315005 0.000192223
22 0.785675 0.101822 0.00357932 0.00522649 0.0975716 0.00372916 0.00239574
19 0.00591047 0.00378529 0.106069 0.00465727 0.00881708 0.0620349 0.808726
11 0.0165223 0.0405217 0.0320881 0.113612 0.00882635 0.776382 0.0120477
22 0.449911 0.402206 0.00574065 0.00594988 0.129068 0.00379838 0.00332519
5 0.00446701 0.81115 0.00132692 0.0146171 0.161862 0.00112175 0.00545549
0 0.0650568 0.185918 0.00179089 0.0867134 0.655345 0.00230372 0.002872
22 0.932641 0.0651947 7.51869e-05 0.00056249 0.00122171 0.000203414 0.0001019
0 0.0172321 0.0349031 0.0776022 0.0144237 0.827271 0.0103526 0.0182157
22 0.576784 0.20467 0.0102214 0.125152 0.0574584 0.0191763 0.00653859
0 0.00630686 0.0214414 0.000159647 0.00723998 0.964323 0.000320769 0.000207909
19 0.00434806 0.00940651 0.0174296 0.00242694 0.00260379 0.01575 0.948035
5 0.173501 0.674471 0.00773185 0.0842456 0.0431035 0.0139773 0.00297031
19 0.0068837 0.0191704 0.100503 0.0140654 0.0273864 0.111555 0.720436
5 0.103923 0.876739 0.00193391 0.0114513 0.00312215 0.00180775 0.00102266
22 0.766666 0.213341 0.00833559 0.000358887 0.0092019 0.00165682 0.000439537
0 0.00133849 0.0114792 0.00154756 0.00449629 0.979778 0.000221277 0.00113958
11 0.0319426 0.0252947 0.0743985 0.26358 0.0482487 0.546791 0.00974395
11 0.0473636 0.0657582 0.167601 0.160712 0.0116623 0.541825 0.00507717
13 0.0362795 0.141082 0.057448 0.66588 0.0656836 0.0250769 0.0085501
