labels 22 5 4 13 0 11 19
5 0.335734 0.660977 0.000110541 0.00175547 0.00121999 0.000113018 8.94502e-05
13 0.0159247 0.0739609 0.0170146 0.691855 0.169304 0.0284356 0.0035053
11 0.0512317 0.106654 0.225042 0.275502 0.0439775 0.282381 0.0152123
22 0.862296 0.13188 5.14103e-05 0.000165239 0.00531575 0.00017596 0.000115934
22 0.425304 0.346934 0.0173626 0.0193493 0.175384 0.00868052 0.00698671
13 0.000754692 0.00106584 0.0057227 0.836028 0.00221439 0.152028 0.00218643
5 0.418346 0.50758 0.00157313 0.0453268 0.0241777 0.00193374 0.00106284
11 0.0207038 0.0128504 0.198648 0.129298 0.0109063 0.563497 0.0640963
13 0.0812591 0.0568595 0.0865982 0.584929 0.0944778 0.077865 0.0180118
5 0.0319717 0.523915 0.000768271 0.00506061 0.437341 0.000497395 0.000445679
22 0.932751 0.0538155 0.000267101 0.000219336 0.0127795 8.79456e-05 7.94844e-05
4 0.0710126 0.0347541 0.747451 0.0112878 0.0373341 0.0341469 0.0640131
19 0.00473157 0.0141034 0.0463148 0.00291352 0.00137936 0.0203457 0.910212
22 0.718857 0.224828 0.000780777 0.00121483 0.0519702 0.00159568 0.000753792
22 0.859814 0.103455 0.00530969 0.000510553 0.0299 0.000580364 0.000431362
22 0.942124 0.0544674 0.00010977 0.000472163 0.00233294 0.000303483 0.000190132
22 0.813165 0.102175 0.00411895 0.00589957 0.0680372 0.00393358 0.00267064
19 0.0062412 0.00365436 0.108975 0.00536131 0.0103583 0.0699109 0.795499
11 0.0187293 0.0445417 0.032615 0.0805661 0.00928142 0.800669 0.0135971
22 0.459819 0.403935 0.00574406 0.0057089 0.117847 0.00367944 0.00326693
5 0.00437096 0.800727 0.00165286 0.0163057 0.170755 0.000885582 0.00530268
0 0.061412 0.16504 0.00222381 0.110715 0.655229 0.00247173 0.00290771
22 0.932965 0.065226 8.79021e-05 0.000565619 0.000852212 0.000202175 0.000100846
0 0.0142717 0.0243972 0.0687293 0.0119111 0.85582 0.00917669 0.0156938
22 0.575235 0.203566 0.010801 0.126849 0.0594457 0.0177108 0.00639244
0 0.00359908 0.011438 0.000118841 0.0052338 0.979296 0.000192346 0.00012191
19 0.00451843 0.00890631 0.0178366 0.00271472 0.0029313 0.0199186 0.943174
5 0.17444 0.669252 0.00876161 0.0934635 0.0396876 0.0113713 0.00302419
19 0.00687112 0.0184087 0.100409 0.0143346 0.028553 0.131887 0.699536
5 0.104001 0.87579 0.00229785 0.0127806 0.00270603 0.00143379 0.000990532
22 0.768417 0.213815 0.0085569 0.000316935 0.00691655 0.00154528 0.000432849
0 0.000909139 0.00736636 0.00178781 0.0045195 0.98438 0.0001444 0.000892958
11 0.0335239 0.0267611 0.0812337 0.220079 0.0485309 0.579392 0.0104788
11 0.0516539 0.0733807 0.188631 0.130384 0.0118274 0.53812 0.00600206
13 0.0359394 0.144769 0.0656524 0.646683 0.0733842 0.0240958 0.00947615
