labels 22 5 13 4 0 11 19
0 0.0246904 0.207228 0.00400032 0.00159183 0.756832 0.00204275 0.00361421
5 0.256923 0.365028 0.154117 0.127764 0.0599584 0.019942 0.0162686
11 0.0207146 0.1109 0.284696 0.170407 0.024806 0.359034 0.0294423
11 0.0115793 0.0295324 0.062574 0.223228 0.00630898 0.609795 0.0569823
5 0.0285325 0.525587 0.317977 0.0908887 0.0257107 0.00700881 0.00429548
19 0.00176844 0.0015503 7.18925e-05 0.00149854 0.00273328 0.00248103 0.989897
19 0.00307994 0.00592066 0.000576411 0.000910254 0.000793057 0.00159435 0.987125
5 0.0849807 0.871159 0.00830688 0.00445411 0.0251962 0.0036311 0.00227155
22 0.595974 0.127953 0.0153268 0.0385178 0.197635 0.0109972 0.0135967
4 0.00888652 0.00510292 0.000842214 0.940782 0.037547 0.000177904 0.00666188
13 0.279014 0.21858 0.402498 0.0294354 0.0304472 0.0232609 0.016765
5 0.0276378 0.970498 0.000542071 0.00053277 0.000382475 6.63228e-05 0.00034043
5 0.0251996 0.92243 0.0103472 0.0114055 0.0264698 0.0024388 0.00170866
4 0.0104837 0.0643611 0.0258088 0.47651 0.00239952 0.392532 0.0279046
5 0.364373 0.583946 0.00213057 0.0365085 0.00955062 0.00110047 0.00239108
22 0.50606 0.492792 9.4091e-05 1.41448e-05 0.00069023 5.52542e-05 0.000293894
4 0.0633098 0.218723 0.295583 0.296264 0.0913258 0.0200086 0.0147864
4 0.0199101 0.0308683 0.0199618 0.762715 0.0140757 0.126373 0.0260963
19 0.00138469 0.00366525 0.000314378 0.00545442 0.00113373 0.00842371 0.979624
5 0.0570374 0.831326 0.013713 0.0744852 0.0199187 0.0023378 0.00118213
19 0.000301805 0.000524251 2.34233e-05 0.000663863 0.000139768 0.00325724 0.99509
5 0.307319 0.677095 0.00163773 0.000415211 0.0111609 0.00124269 0.00112941
22 0.813083 0.182542 0.000317168 0.00204446 0.000920605 0.000372527 0.000719765
13 0.0227462 0.209067 0.383964 0.336769 0.0297533 0.0155141 0.00218624
5 0.276778 0.360609 0.030528 0.0394044 0.248056 0.023302 0.0213223
5 0.0429142 0.923674 0.000276386 0.00110414 0.0317429 8.30557e-05 0.000204874
11 0.00158591 0.0103466 0.0212202 0.0751114 0.00281242 0.825416 0.0635075
4 0.00477303 0.0460346 0.0263839 0.774966 0.00701822 0.0976028 0.0432217
4 0.0152377 0.312986 0.237367 0.322477 0.0353273 0.0643008 0.0123051
5 0.0198162 0.978935 0.000374587 2.14443e-05 0.000343462 0.000139099 0.000370657
5 0.31309 0.449108 0.0263414 0.0758589 0.116705 0.00928503 0.00961141
19 0.0045133 0.00348262 0.000482101 0.00392231 0.000629874 0.0019204 0.985049
19 0.000976869 0.00100107 6.98733e-05 0.00107685 8.5592e-05 0.000420441 0.996369
22 0.765098 0.232324 0.000166857 0.00112437 0.000434651 0.000214536 0.000638308
22 0.930379 0.0646755 1.62405e-05 7.1114e-05 0.00458553 5.88843e-05 0.000213568
0 0.0244064 0.220867 0.000424599 0.00536268 0.747548 0.000252904 0.00113818
19 0.00163232 0.00197007 0.000171007 0.0165912 0.000154581 0.000856813 0.978624
5 0.326818 0.625593 0.000114077 9.78306e-05 0.0470721 7.82337e-05 0.000227068
5 0.000938494 0.997537 0.000332418 6.83412e-05 0.000548434 0.000268402 0.000306521
5 0.271364 0.3618 0.00487459 0.0152245 0.337672 0.000794955 0.00826976
5 0.07742 0.624042 0.0782485 0.0272257 0.180808 0.0084122 0.00384355
4 0.0143313 0.0802476 0.155866 0.676767 0.00907184 0.0491175 0.0145981
19 0.00727903 0.0105044 0.00245867 0.0553074 0.00422251 0.00723495 0.912993
5 0.103717 0.703862 0.139583 0.0098071 0.0249055 0.0141324 0.00399365
11 0.0109662 0.0944283 0.0426318 0.0584106 0.0102599 0.739442 0.0438617
5 0.0669109 0.735104 0.0106367 0.143106 0.0307161 0.00946718 0.00405905
22 0.706303 0.289208 0.00042102 0.00110443 0.00121425 0.000735395 0.00101385
13 0.0108474 0.102663 0.847034 0.00877216 0.0185882 0.00927315 0.00282207
13 0.0236699 0.0488018 0.823282 0.0601634 0.00838904 0.0188035 0.0168903
13 0.015148 0.376345 0.517197 0.0333649 0.00579994 0.0463174 0.00582764
4 0.00413771 0.0255689 0.173778 0.585569 0.0124462 0.184776 0.0137237
19 0.000732216 0.000776771 2.86174e-05 0.00153268 0.000223687 0.000678374 0.996028
22 0.745539 0.233706 0.000442184 0.000313803 0.0192188 0.00021828 0.000561589
22 0.711449 0.276956 0.000516741 0.00303668 0.00606666 0.000523144 0.00145182
5 0.00279007 0.975933 0.00950608 0.00159069 0.0021531 0.00579243 0.00223496
22 0.829893 0.145221 0.000267428 0.00438719 0.0192676 0.000295014 0.000667966
22 0.992504 0.00349797 9.81529e-05 0.00242023 0.000568233 0.000228549 0.000682543
4 0.0968086 0.119818 0.278653 0.357814 0.0150539 0.124026 0.00782688
