labels 22 5 13 4 0 11 19
22 0.936839 0.0493561 0.00502043 0.00075004 0.00593376 0.00125324 0.000847508
22 0.968065 0.0266125 0.000622248 0.000434976 0.00283664 0.000657956 0.000770214
5 0.0454982 0.910184 0.00233226 0.0085089 0.0317604 0.00111585 0.000600016
13 0.00552958 0.0078064 0.95601 0.00538318 0.00844297 0.0157117 0.00111653
4 0.00178996 0.0183201 0.00932093 0.95467 0.00749176 0.00543542 0.00297205
13 0.000874966 0.000775681 0.982551 0.000739335 0.00307984 0.00993354 0.00204558
0 0.0113163 0.0414531 0.00908069 0.00538183 0.925687 0.00364347 0.00343754
11 0.00542507 0.00802861 0.0195798 0.00807339 0.00405968 0.951528 0.00330553
4 0.00240552 0.0151909 0.00457376 0.962802 0.0109878 0.00318901 0.000851325
0 0.00964048 0.0468754 0.00120081 0.00108532 0.938999 0.00113134 0.00106774
13 0.00761976 0.0107199 0.968329 0.00531743 0.0054802 0.00124129 0.00129231
13 0.000556562 0.00413674 0.96605 0.00150076 0.00376318 0.0185375 0.00545498
0 0.00592644 0.0399697 0.0070326 0.00377041 0.935708 0.0070076 0.000585692
5 0.0092223 0.985119 0.00081271 0.000297829 0.00392399 0.000175581 0.000448558
11 3.45324e-06 3.81116e-06 1.35018e-05 7.13703e-06 4.04869e-06 0.998114 0.00185416
19 0.00255912 0.00273286 0.0083082 0.00166674 0.00627353 0.169468 0.808991
4 0.000500956 0.0057147 0.000781142 0.984295 0.000474155 0.00474287 0.00349095
4 0.00393304 0.017391 0.00564082 0.954305 0.0111244 0.00344723 0.00415879
4 0.00139799 0.0141023 0.00427425 0.960882 0.0108576 0.00673866 0.00174682
11 0.00343609 0.00257741 0.0196854 0.0110352 0.00571776 0.947154 0.0103942
11 0.00091533 0.000336268 0.0203267 0.00117006 0.00168725 0.935784 0.0397801
11 0.00262423 0.00506287 0.0211498 0.00470566 0.00403864 0.958199 0.00421997
13 0.00295636 0.0012814 0.970833 0.00198512 0.00320989 0.0183593 0.00137458
4 0.00396141 0.020505 0.00260041 0.961695 0.00210393 0.00817124 0.000963392
0 0.00747245 0.0489936 4.2484e-05 0.00292314 0.939692 0.000277844 0.000598578
4 0.000518279 0.024621 0.000662478 0.962261 0.00287742 0.0068602 0.00219963
0 0.00216696 0.0239691 0.00801597 0.00606534 0.947473 0.00655803 0.00575151
0 0.0122028 0.032851 0.00539005 0.00358619 0.943622 0.00147733 0.000871047
22 0.944934 0.0473677 0.000233471 0.000209461 0.00681136 8.52311e-05 0.000358625
22 0.946506 0.0410356 0.000236028 0.00184933 0.00957848 0.000278709 0.000515434
0 0.000816247 0.00667548 0.00189748 0.00472738 0.97938 0.00449393 0.00200922
5 0.0305499 0.891483 0.0074161 0.00471161 0.0607817 0.0027899 0.00226738
11 0.000492253 0.000381769 0.00355583 0.00170409 0.000517757 0.960805 0.0325432
11 0.00133671 0.00164728 0.00403548 0.0068348 0.0013002 0.9785 0.0063455
13 0.000522014 0.000219042 0.992573 0.000382053 0.000862319 0.00259061 0.00285099
22 0.948373 0.0495693 0.000271081 4.81548e-05 0.00136496 0.000193438 0.000180317
11 0.00263559 0.00224007 0.0237114 0.00665125 0.0027867 0.925692 0.0362828
11 0.00216011 0.00226789 0.0136179 0.0107569 0.00473235 0.928404 0.0380607
5 0.0378522 0.87564 0.00783074 0.0314147 0.0360959 0.00835852 0.00280822
19 0.00288553 0.00404941 0.00167191 0.0114233 0.0126954 0.0187835 0.948491
0 0.0103297 0.0466765 0.000817523 0.00737175 0.933984 0.000557422 0.000263093
13 0.00464917 0.0137694 0.95944 0.00642052 0.00511123 0.00760593 0.0030037
11 0.000288124 0.000800334 0.0212014 0.00451759 0.00109743 0.961083 0.0110125
22 0.94634 0.0493295 0.000578963 0.000377988 0.00221486 0.000495808 0.000662659
19 0.00173815 0.00350999 0.000492959 0.0025543 0.00331914 0.00212008 0.986265
0 0.00951899 0.0480561 0.000618668 0.00455748 0.934226 0.00145108 0.00157173
19 0.0030552 0.00413249 0.000688281 0.0115842 0.00834118 0.0244208 0.947778
4 0.00548484 0.00341047 0.00108184 0.974185 0.00856325 0.00110411 0.00617011
19 0.00445496 0.00163322 0.0108293 0.0106935 0.00769456 0.0295936 0.935101
4 0.000988851 0.00892623 0.00436859 0.969582 0.00470883 0.00528792 0.00613765
13 0.00369127 0.00533416 0.94371 0.00702621 0.00941749 0.0195503 0.0112706
22 0.954101 0.0195717 0.00476285 0.00354662 0.013283 0.00214906 0.00258592
22 0.942246 0.0164203 0.00752962 0.0100372 0.0148057 0.00393361 0.00502749
5 0.0454967 0.920988 0.000758002 0.000823155 0.0301647 0.000487682 0.00128131
22 0.928162 0.0470876 0.00475347 0.00292006 0.0142798 0.00218681 0.00061054
19 0.000901783 0.000969059 0.000395111 0.000852058 0.00144476 0.00240183 0.993035
19 0.00329789 0.00526856 0.00109204 0.00811509 0.00915658 0.00427774 0.968792
0 0.000136158 0.000680711 8.05931e-05 0.00688354 0.988948 0.000475202 0.00279584
22 0.936594 0.0474231 0.00132339 0.000249826 0.0133464 0.000402086 0.000661194
19 0.00304397 0.00405805 0.00102777 0.00782904 0.00850151 0.00962295 0.965917
4 0.00412586 0.026857 0.000287172 0.958945 0.00324638 0.00516087 0.00137758
11 0.00166936 0.00245294 0.0207665 0.0036856 0.00381325 0.965534 0.0020787
13 0.001942 0.00240052 0.951241 0.0101338 0.0062675 0.0171909 0.0108242
19 0.000900479 0.00113288 0.006016 0.002463 0.0142172 0.0366674 0.938603
13 0.00188473 0.00224848 0.959608 0.00821994 0.00173008 0.0192117 0.007097
11 0.00115254 0.00259677 0.00855553 0.0100381 0.00158382 0.950642 0.0254311
11 0.00100262 0.000731892 0.0139517 0.0101504 0.00391664 0.963398 0.00684881
19 0.00407846 0.00543033 0.0081649 0.00680728 0.00623067 0.0367219 0.932566
5 0.0377984 0.907699 0.00495788 0.00263862 0.0445971 0.00161444 0.000694284
19 0.000474368 0.001747 0.000423496 0.000182289 0.0024781 0.00393112 0.990764
19 0.000647112 0.00216462 0.000403017 0.000266221 0.00237659 0.00499862 0.989144
13 0.00227433 0.00159882 0.961417 0.00779342 0.00237417 0.0190823 0.00545998
0 0.00873228 0.0270582 0.000995375 0.00319581 0.959112 0.00041498 0.000491085
5 0.0460214 0.890033 0.0167102 0.00880441 0.0310045 0.00456382 0.00286257
5 0.014698 0.89312 0.0043422 0.0305224 0.0475155 0.00272102 0.00708085
4 0.0013883 0.00552071 0.00390211 0.966395 0.0100622 0.00425263 0.0084791
13 0.00635246 0.00467381 0.959576 0.00704688 0.00101124 0.0190016 0.00233816
5 0.0415395 0.905122 0.0212648 0.00501505 0.019835 0.0050397 0.00218416
19 0.00329435 0.00468075 0.00164975 0.00912509 0.0155575 0.00308527 0.962607
13 0.0103022 0.0107684 0.966089 0.00298689 0.00425053 0.00360839 0.00199475
4 0.00229211 0.00667217 0.00550985 0.970769 0.00263354 0.00615495 0.00596815
22 0.928134 0.0391532 0.00309289 0.00682874 0.0175119 0.00346607 0.00181314
22 0.947213 0.0494756 0.000152596 0.000121152 0.00171606 0.000513521 0.000808562
13 0.00321911 0.0041278 0.959977 0.00641155 0.00633242 0.0190383 0.000894068
11 0.00181873 0.00177175 0.0213813 0.00205745 0.00510189 0.956457 0.0114121
22 0.957895 0.0329626 0.000883648 0.00226801 0.00487508 0.000386641 0.000728668
11 0.000666271 0.000500832 0.0213078 0.00126076 0.00201162 0.967944 0.00630859
22 0.966164 0.0237539 0.000185889 0.000164372 0.00819381 0.000681972 0.000856285
0 0.0155264 0.0288647 0.000312299 0.00110545 0.953358 0.000394496 0.00043911
19 0.00223501 0.00197865 0.00150725 0.00448459 0.00820563 0.00198888 0.9796
13 0.00477617 0.00262522 0.983899 0.00126828 0.00119788 0.00502765 0.00120569
19 0.00278018 0.00556777 0.00474957 0.00452268 0.0125767 0.0374814 0.932322
22 0.988116 0.0100622 0.000109312 0.000445873 0.000679391 0.000247012 0.000339692
0 0.000369882 0.000446721 0.00318814 0.0024655 0.979455 0.00447284 0.00960236
13 0.000174635 0.000222657 0.964154 0.0020452 0.00110897 0.019402 0.0128924
5 0.0173707 0.976917 0.00215829 0.000761222 0.00225665 0.000178741 0.000357268
19 0.00305356 0.00240555 0.00817565 0.0021177 0.00682398 0.0371445 0.940279
22 0.94309 0.0491159 6.08172e-05 5.13087e-05 0.00704924 0.000109131 0.000524085
0 0.0110279 0.0310775 0.000645262 0.00320371 0.953117 0.000585054 0.000343359
19 0.000387294 0.00049428 9.09056e-05 0.00253415 0.00173504 0.00490519 0.989853
5 0.044738 0.926548 0.00495886 0.00100351 0.0208312 0.000832087 0.00108801
5 0.0164936 0.911045 0.0057071 0.00880584 0.05325 0.00265028 0.00204864
4 0.000440803 0.00324463 0.00351709 0.970704 0.00728881 0.006069 0.00873517
11 0.00184628 0.0011304 0.00963867 0.00399235 0.00267007 0.96101 0.019712
13 0.001025 0.00105356 0.964803 0.00209739 0.00627027 0.0187684 0.00598201
13 0.000450807 0.00052162 0.95244 0.00286215 0.00509 0.0195517 0.0190834
22 0.934318 0.0489377 0.00212535 0.00114578 0.0104702 0.00230309 0.000699449
22 0.966326 0.0294029 0.00116688 4.27832e-05 0.00250877 0.000194522 0.000358494
22 0.930359 0.0491569 0.00123446 0.00454565 0.00985745 0.00264847 0.00219807
5 0.0436618 0.951814 0.000197398 0.000571553 0.00286767 0.000233719 0.000654032
22 0.93384 0.0351637 0.00525078 0.0045145 0.0172769 0.00265183 0.00130189
22 0.928468 0.0322341 0.00349378 0.0141889 0.0164097 0.00240226 0.00280345
5 0.0436019 0.917846 0.00767526 0.00691619 0.0140539 0.0072767 0.00263046
11 0.00247684 0.0054577 0.0208832 0.00121963 0.00475631 0.963538 0.00166868
11 0.00341751 0.00495845 0.00262047 0.0087747 0.00237644 0.968555 0.00929721
22 0.928486 0.0492168 0.00459566 0.00465745 0.00867532 0.00224352 0.00212578
22 0.945172 0.0405208 0.00235032 0.00482438 0.00396623 0.00189704 0.00126907
22 0.946209 0.0494608 0.000257092 4.65406e-05 0.00316381 0.000185737 0.000677003
13 0.00402965 0.00797949 0.968527 0.00687146 0.00791754 0.00373166 0.000943481
11 0.00444814 0.00641601 0.00687009 0.00954411 0.0043803 0.954008 0.0143338
0 0.00100107 0.000888552 0.00270941 0.00694576 0.97794 0.00274346 0.007772
0 0.0120569 0.0438302 0.00442114 0.000451458 0.938333 0.000682143 0.000225059
13 0.00145944 0.00338431 0.960794 0.00571444 0.00477143 0.0188289 0.00504735
5 0.0214862 0.898819 0.00538326 0.00830799 0.0592141 0.00327436 0.00351494
19 0.000391197 0.000420057 0.000171284 0.00208124 0.00136267 0.00874229 0.986831
11 0.000364854 0.00024446 0.0208099 0.000416963 0.00073724 0.975199 0.00222804
22 0.96821 0.0181925 0.000332837 0.000209006 0.0127084 0.00016828 0.000178718
19 0.00188069 0.00245332 0.00442219 0.00947579 0.00629431 0.0151763 0.960297
11 0.00220391 0.00263717 0.00701538 0.00835899 0.00416801 0.972567 0.00304985
0 0.00257676 0.00696545 0.00035834 0.00491943 0.983154 0.000846972 0.00117885
5 0.0447453 0.913787 0.00748683 0.00219684 0.0250146 0.00402185 0.00274776
4 0.00318504 0.0062009 0.00551503 0.966592 0.0107038 0.00275361 0.00504986
0 0.00653317 0.0400957 0.00741782 0.00366092 0.938265 0.00240763 0.00162024
19 0.00124653 0.00435129 0.00103148 0.00520016 0.00461395 0.00701214 0.976544
0 0.00890779 0.0364972 0.000192153 0.000620058 0.953249 0.000293341 0.000240879
5 0.0216312 0.902969 0.0142423 0.0268817 0.0281971 0.00450458 0.00157388
22 0.977362 0.0115699 5.1361e-05 0.000169509 0.0101953 0.000223742 0.000427755
19 0.000341723 0.000936113 0.000101126 0.000353495 0.000490328 0.00109169 0.996686
0 0.0072838 0.0482569 0.00511624 0.000993356 0.932399 0.00476129 0.00118988
22 0.94049 0.048621 0.000148839 0.000663649 0.00760317 0.000955231 0.00151854
22 0.966172 0.00818346 0.00317544 0.00543175 0.0113321 0.00259908 0.0031066
22 0.933366 0.0490065 0.00461786 0.00176882 0.0101813 0.000439645 0.000620075
19 0.00332197 0.00297743 0.0176815 0.00564084 0.010686 0.0254677 0.934225
22 0.932266 0.0453857 0.00105921 0.000867635 0.0156159 0.00256222 0.00224375
13 0.00120292 0.00192543 0.972152 0.00149653 0.00239135 0.0183038 0.00252782
4 0.00470507 0.0112292 0.0032176 0.957054 0.00873747 0.00471281 0.010344
19 0.000552691 0.00103383 0.00282552 0.00804964 0.00224751 0.0309603 0.954331
4 0.00514462 0.0133284 0.000345768 0.968368 0.00383351 0.00624048 0.00273896
19 0.00359515 0.00583893 0.00506957 0.00788819 0.00582333 0.00921963 0.962565
22 0.931441 0.0461442 0.00502928 0.000899971 0.0133471 0.00208748 0.0010513
5 0.024834 0.879078 0.00442344 0.0206811 0.0635426 0.00450735 0.00293384
5 0.046796 0.910654 0.00207311 0.000803797 0.0373038 0.0014265 0.000943259
4 0.00242679 0.0130363 0.00547493 0.96429 0.0114946 0.00179532 0.00148207
4 0.00125984 0.00222693 0.00482571 0.978781 0.00243627 0.00535769 0.00511227
22 0.760159 0.209061 0.012332 0.00684065 0.00665552 0.00300907 0.00194345
5 0.0461794 0.897396 0.016145 0.00742996 0.0247108 0.00533888 0.00279972
19 0.00103468 0.000764299 0.00595972 0.00499733 0.00328728 0.036753 0.947204
22 0.94745 0.0495816 0.000452463 0.00019659 0.00119758 0.000446413 0.000675368
22 0.945875 0.0495162 0.000384722 0.00150664 0.0011113 0.00069526 0.00091136
5 0.0247281 0.882253 0.0198239 0.006648 0.0591228 0.00423079 0.00319361
5 0.198897 0.762603 0.000445845 0.00925156 0.0263503 0.000853007 0.00159986
22 0.932515 0.0489454 0.00171287 0.00490386 0.010091 0.00132186 0.000509962
5 0.0115831 0.939842 0.000470385 0.00864176 0.0332183 0.00276978 0.00347494
11 0.00111478 0.000655175 0.00706235 0.0130257 0.00158879 0.944357 0.0321962
11 0.000529815 0.00043353 0.0209936 0.000751916 0.0013423 0.97216 0.00378867
22 0.99167 0.00211163 0.00112684 0.00220619 0.00168691 0.000555759 0.00064308
4 0.00610456 0.0120603 0.0052864 0.959894 0.00992956 0.00558439 0.00114068
13 0.00546351 0.00946947 0.953835 0.0105621 0.00739614 0.0108963 0.00237712
13 0.00261997 0.0133246 0.954705 0.00651668 0.00711248 0.0151485 0.00057328
5 0.0247329 0.891088 0.0074201 0.00778273 0.0600519 0.0068907 0.00203358
5 0.0466915 0.876593 0.0110324 0.0171542 0.0396174 0.00601067 0.00290134
11 0.00241954 0.000473609 0.0209345 0.00232224 0.00209319 0.93025 0.0415064
4 0.00128718 0.00451361 0.00412363 0.978332 0.00407021 0.00500201 0.00267092
22 0.980737 0.014821 0.000814202 0.000206679 0.00198272 0.00109318 0.000344788
22 0.984165 0.0122801 0.00125494 0.00015366 0.00128566 0.000375514 0.000485064
5 0.109127 0.844806 0.00958966 0.00558794 0.0251755 0.00351299 0.00220117
11 0.0028051 0.000700152 0.0208737 0.000300437 0.00152313 0.972237 0.00156032
22 0.954995 0.0241584 0.0032121 0.00112645 0.0135053 0.00201057 0.000992288
22 0.936554 0.0237067 0.01627 0.00620416 0.01243 0.00310521 0.0017302
19 0.00240518 0.0047347 0.00171213 0.00899086 0.00415184 0.010969 0.967036
11 0.00130738 0.00131847 0.0244788 0.00214272 0.00154008 0.933491 0.035722
5 0.025303 0.965234 0.000505531 0.000939072 0.00632759 0.000465841 0.00122462
22 0.931851 0.0475843 0.000925213 0.00404166 0.0131779 0.00158119 0.000838409
4 0.0089023 0.0222399 0.00255456 0.960204 0.00419501 0.00113777 0.000766508
19 0.00376616 0.00395382 0.0102397 0.0120756 0.0047192 0.0321592 0.933086
11 0.00256458 0.00342295 0.0233843 0.00444433 0.00665319 0.934933 0.0245981
0 0.00780726 0.0255589 0.000383572 0.00322161 0.962132 0.000392294 0.000504104
11 0.000197875 0.000189163 0.0208489 0.000815798 0.000346986 0.974735 0.00286596
22 0.937635 0.0280744 0.0127481 0.000614513 0.0164534 0.00261656 0.00185801
0 0.0115737 0.0395724 0.00292208 0.00937796 0.932048 0.00381617 0.000689786
19 0.00282991 0.00439374 0.00386551 0.0127394 0.00877075 0.0268414 0.940559
19 0.00307882 0.00446831 0.013492 0.0100641 0.0174509 0.031041 0.920405
0 0.013169 0.038494 0.000495147 0.000498745 0.946831 0.000359313 0.000152819
13 0.000208809 0.000270619 0.968591 0.00110716 0.00428338 0.0186939 0.00684497
19 0.00291899 0.00358968 0.00489368 0.00911178 0.00685216 0.0136856 0.958948
13 0.00249326 0.00098688 0.961318 0.00462979 0.005715 0.0146981 0.0101592
19 0.00303618 0.00441263 0.00605412 0.0122067 0.00995194 0.0248716 0.939467
11 0.003736 0.00510207 0.0213679 0.00826332 0.00224671 0.950898 0.0083862
0 0.0045689 0.0288579 0.00580789 0.0126515 0.94053 0.00313797 0.00444569
22 0.935507 0.0462791 0.00147848 0.00076481 0.0141728 0.000852255 0.000945223
0 0.00842133 0.0254339 0.000477231 0.00530478 0.959365 0.000560211 0.00043793
4 0.000264144 0.0004442 0.000131715 0.990713 0.00124789 0.0005673 0.00663126
19 0.00288926 0.00442492 0.018806 0.00280013 0.0129168 0.0300399 0.928123
22 0.942246 0.049536 2.5379e-05 8.4518e-05 0.00755471 0.000127672 0.000425825
19 0.000367813 0.000499437 8.01674e-05 0.00153982 0.00123705 0.00282038 0.993455
22 0.969742 0.0156828 0.000429563 0.00252322 0.0106029 0.000380406 0.000639104
22 0.931683 0.0435143 0.00342163 0.00324729 0.0164625 0.000868953 0.000802551
11 0.000780589 0.000758962 0.00624255 0.00895944 0.0013884 0.941923 0.0399473
11 0.00408154 0.00267892 0.0209817 0.00538163 0.00478881 0.96108 0.00100746
13 0.00300313 0.00316582 0.961546 0.0039193 0.0066047 0.0188032 0.00295763
0 0.00146264 0.013351 0.00381604 0.00896045 0.962476 0.00520637 0.0047277
0 0.0134464 0.038345 0.00310691 0.00269138 0.938787 0.00290781 0.000715956
0 0.00590181 0.0329112 0.00631417 0.0141835 0.928791 0.00415983 0.00773827
22 0.966165 0.0305168 0.000190799 0.000225722 0.00201283 0.000370211 0.000519115
22 0.927851 0.0407189 0.00382151 0.0126216 0.0102359 0.0025019 0.00224908
11 0.00370568 0.00496687 0.00977031 0.0074443 0.015898 0.940926 0.0172886
22 0.975167 0.0215146 6.91331e-05 0.000404436 0.00220829 0.000120264 0.000516489
11 0.00244377 0.000825363 0.012304 0.00292277 0.0032144 0.935074 0.043216
22 0.919386 0.0467598 0.00783011 0.00544441 0.0122081 0.00640988 0.00196212
4 0.00184084 0.0056027 0.00537283 0.962961 0.00807002 0.00550183 0.0106505
11 0.000220507 0.000664932 0.00432491 0.00204576 0.0007914 0.981978 0.00997482
22 0.955267 0.0157783 0.000998282 0.0131921 0.0106515 0.0011412 0.00297128
11 0.000704578 0.000272667 0.0114727 0.0013044 0.00421243 0.938842 0.0431915
0 0.0122698 0.0397681 0.00830344 0.00458732 0.92385 0.00890437 0.00231675
5 0.0456813 0.910679 0.000645709 0.00880191 0.0304686 0.00121313 0.00251065
22 0.991956 0.00321224 0.00171372 0.0019769 0.000498426 0.00017641 0.000466706
22 0.943729 0.0218994 0.00298401 0.0101943 0.0146122 0.00278877 0.00379225
13 0.00218071 0.00265716 0.95118 0.00580093 0.00484892 0.0198647 0.0134673
11 0.00253141 0.00586633 0.0129922 0.0119021 0.00546701 0.941226 0.0200147
0 0.0112411 0.0309965 0.000895255 0.00420883 0.949151 0.00273783 0.000769778
13 0.00454163 0.00463287 0.967472 0.00254303 0.000865514 0.0178296 0.0021149
19 0.00324956 0.00528333 0.00590558 0.00487487 0.00795561 0.0369257 0.935805
13 0.00199995 0.012031 0.953308 0.00837424 0.00484473 0.0179316 0.00151064
5 0.0387746 0.95549 0.00161126 7.81597e-05 0.00343089 0.000155384 0.000459615
22 0.93226 0.0491173 0.00130172 0.00541495 0.00973303 0.00138137 0.000791941
22 0.942013 0.0492112 0.00249621 0.000772347 0.00380167 0.00108415 0.000621264
0 0.00225863 0.0230006 0.00337985 0.00113797 0.963358 0.00629658 0.000567848
13 0.000211385 0.000128273 0.968248 0.000150092 0.00145654 0.0187744 0.0110317
13 0.00649542 0.00157235 0.988879 0.0006382 0.000452186 0.00161988 0.000342595
5 0.0436932 0.950036 0.000465558 0.000355879 0.00505316 0.000150188 0.00024612
11 0.000688658 0.00173631 0.0251147 0.00256219 0.00519898 0.932024 0.0326753
0 0.00831347 0.0474273 0.00600324 0.00337397 0.929232 0.00320327 0.00244711
4 0.00332695 0.012667 0.00449268 0.958586 0.0109115 0.00713169 0.00288375
4 0.00392519 0.0220354 0.00295752 0.955994 0.0039941 0.00880822 0.00228585
0 0.0118179 0.0357887 0.00618247 0.00457488 0.938865 0.00207291 0.000698653
13 0.00204827 0.00728329 0.954773 0.0044508 0.00992815 0.0143138 0.00720271
11 0.0026285 0.00526521 0.0195342 0.0104615 0.00900893 0.927039 0.0260623
11 0.000959117 0.00105205 0.00995365 0.00894072 0.00777608 0.936172 0.0351462
0 0.00538245 0.0478529 0.00118759 0.00675109 0.934463 0.00222977 0.00213277
19 0.00351632 0.00311696 0.0053562 0.00670151 0.00569094 0.0368105 0.938808
13 0.00184733 0.000407179 0.975106 0.0029589 0.00634904 0.00429067 0.00904111
19 0.00322665 0.0044618 0.00207173 0.00851323 0.0133779 0.00382162 0.964527
22 0.974312 0.00984532 0.00767737 0.000596064 0.00159301 0.00389178 0.00208471
0 0.00355209 0.049439 0.0038711 0.00221654 0.936404 0.00206984 0.00244704
13 0.000469014 0.00148195 0.964123 0.00128096 0.00648206 0.0188566 0.00730608
0 0.00960303 0.0210351 0.00615377 0.000799348 0.957541 0.00283263 0.00203505
22 0.964083 0.0171117 0.00163684 0.00236312 0.0130327 0.000760868 0.00101164
11 0.000454389 0.0010002 0.0080516 0.00137406 0.000810367 0.985537 0.00277258
22 0.92026 0.0484134 0.006619 0.00868239 0.0108604 0.00277681 0.00238757
19 0.00081507 0.00059763 5.79583e-05 0.000668848 0.00141222 0.000845712 0.995603
19 0.00271041 0.00408653 0.000559286 0.00984768 0.011639 0.0117835 0.959374
22 0.941576 0.0353032 0.000256698 0.00411996 0.0168712 0.000646905 0.00122574
22 0.948927 0.0477861 0.000155425 5.81479e-05 0.00255265 6.89866e-05 0.000452142
5 0.0440003 0.933256 0.00044174 0.00115608 0.0199635 0.000267277 0.00091531
4 0.00315067 0.0128826 0.00845068 0.961244 0.00584375 0.0070843 0.0013444
11 0.000450423 0.000784019 0.0240279 0.000806226 0.00149208 0.934949 0.03749
5 0.043703 0.932967 0.00452423 0.000701852 0.0148976 0.00209417 0.00111184
4 0.00784409 0.0177634 0.00023148 0.967568 0.00531181 0.000353642 0.000927221
19 0.00285216 0.00356691 0.000831796 0.00616134 0.00592815 0.00248255 0.978177
22 0.963734 0.0203728 0.00300341 0.00636412 0.00342152 0.00224303 0.000861013
4 0.0004118 0.000975785 0.00418549 0.975797 0.00449481 0.00568194 0.00845301
5 0.127876 0.824613 0.0109535 0.0070357 0.0262592 0.00175745 0.00150537
4 0.00146536 0.00717418 0.00593797 0.962928 0.0109307 0.00381408 0.00774983
13 0.00580699 0.00920363 0.952677 0.00369864 0.00477657 0.0173018 0.00653523
22 0.94668 0.0494611 0.000266078 0.000756223 0.00162504 0.000299203 0.000912389
13 0.00525452 0.00727136 0.957143 0.003456 0.00276852 0.0190859 0.0050205
11 0.000369188 0.000318454 0.0179375 0.00245701 0.00118763 0.934628 0.0431018
22 0.94022 0.0437251 0.00065946 0.000800363 0.0136828 0.000405952 0.000506781
11 0.00451601 0.00613598 0.0210372 0.00875763 0.00862738 0.94707 0.00385591
4 0.00602367 0.00574442 0.00428631 0.964789 0.0101727 0.00187312 0.00711096
22 0.960088 0.0315598 8.9711e-05 0.000315136 0.00623049 0.000479775 0.00123698
19 0.00321381 0.00176289 0.00156124 0.00737431 0.00606084 0.00612009 0.973907
19 0.00300847 0.00654632 0.00684886 0.00256177 0.0080103 0.0162445 0.95678
22 0.961031 0.0300522 0.000153437 0.000361006 0.00707753 0.000194294 0.00113041
4 0.000390598 0.00173463 0.000590131 0.982607 0.00261869 0.00466861 0.00739035
22 0.957175 0.0346885 0.00103294 0.000173689 0.0057782 0.000971763 0.000179832
13 0.00130065 0.00433644 0.970448 0.000565418 0.00131316 0.0183389 0.0036978
22 0.945868 0.0491921 0.000197479 0.000347771 0.00379936 0.000177152 0.000418417
0 0.000656709 0.00524889 0.000753933 0.000508645 0.992257 0.000370477 0.000203866
5 0.0344643 0.873065 0.0227574 0.00907226 0.0544819 0.00433065 0.00182847
4 0.00468333 0.00353893 0.0058866 0.969198 0.00471145 0.00469127 0.00729001
22 0.922849 0.0475221 0.0135047 0.00212299 0.00979961 0.00235456 0.00184741
5 0.043608 0.949656 0.000359369 0.000284167 0.00437846 0.000613708 0.00110074
0 0.00578101 0.0118272 0.00585358 0.00864464 0.959318 0.00424241 0.00433276
22 0.933708 0.0492295 0.000423722 0.0034987 0.00943773 0.00229138 0.0014106
0 0.0115015 0.0420706 0.000208409 0.00125553 0.944421 0.000190746 0.000351708
5 0.00889205 0.912587 0.0138972 0.0025692 0.058072 0.00245294 0.00152913
11 0.00100046 0.00105402 0.00849948 0.00262338 0.000777615 0.947588 0.0384572
22 0.920533 0.0387139 0.018744 0.00327676 0.00992536 0.00674337 0.00206354
11 0.00196514 0.0047575 0.00439373 0.00962636 0.00255971 0.96236 0.0143372
4 0.00829202 0.0195025 0.00314876 0.956736 0.00698262 0.00433713 0.00100098
11 0.00199721 0.000771731 0.0243415 0.00568363 0.00232039 0.937263 0.0276226
22 0.976476 0.00885061 0.00147881 0.00395057 0.00792644 0.000642619 0.000674884
22 0.789322 0.197593 0.000599943 0.000573511 0.008532 0.0017375 0.00164129
22 0.931933 0.0338764 0.00766713 0.00414855 0.0171669 0.00303463 0.0021731
22 0.942359 0.0494057 0.00203887 0.000751081 0.00176938 0.00216815 0.00150822
19 0.00198647 0.0027863 0.000623098 0.00695 0.00318779 0.00299636 0.98147
13 0.00622409 0.00279139 0.970851 0.00394292 0.00397903 0.00960677 0.00260506
13 0.000802324 0.000516532 0.960519 0.00476046 0.00692563 0.0179992 0.00847653
13 0.00364208 0.00446345 0.94971 0.010122 0.00320958 0.0231936 0.0056596
22 0.944104 0.0494267 0.0010119 3.43064e-05 0.0046231 0.000427493 0.000372639
5 0.0445958 0.920193 0.000451655 0.00316929 0.0288513 0.000755796 0.00198321
4 0.00686772 0.0160375 0.00316517 0.969021 0.00207164 0.0019581 0.000879273
22 0.937708 0.0481589 0.000124767 0.000786057 0.0127342 0.000111865 0.000375822
0 0.00202422 0.00347103 0.00116237 0.00765094 0.977215 0.00270824 0.0057682
5 0.0296568 0.900658 0.00463224 0.00102475 0.0608841 0.00213505 0.00100926
5 0.0471461 0.912942 0.000386734 0.00118129 0.0364206 0.000582821 0.0013407
0 0.00479487 0.00335737 0.0043826 0.000171537 0.986265 0.000680086 0.00034886
22 0.942615 0.0491713 0.00040313 0.000525695 0.00369635 0.00162248 0.00196627
11 0.00206358 0.00226281 0.0197717 0.0135403 0.00938733 0.93448 0.0184942
22 0.930897 0.0429365 0.0100295 0.000919769 0.0133798 0.000853863 0.000983684
5 0.0428419 0.898917 0.000837329 0.000387241 0.055928 0.000470004 0.000618111
19 0.00389297 0.0028637 0.0161192 0.00756163 0.005915 0.0330222 0.930625
22 0.98319 0.00968905 0.00346938 0.000674562 0.00133292 0.000876875 0.000766957
13 0.00278632 0.00127241 0.960878 0.00416812 0.00251978 0.0187303 0.00964545
22 0.939543 0.0493644 0.000212101 0.000476645 0.00839316 0.000696878 0.00131394
0 0.00469151 0.020436 0.00493785 0.00589734 0.959836 0.00240828 0.00179268
11 0.00289944 0.000738759 0.0235209 0.00415523 0.00201799 0.943643 0.0230251
19 0.00318346 0.00480948 0.00340294 0.00642027 0.00582262 0.0160541 0.960307
19 0.000815594 0.00185436 0.000323829 0.00451149 0.00502326 0.00527678 0.982195
4 0.00490341 0.0194606 0.00353909 0.958255 0.0113723 0.00190035 0.000569589
22 0.936696 0.0466979 0.000588984 0.000172765 0.0144636 0.000339502 0.0010416
11 0.00113319 0.000497667 0.0101102 0.00212612 0.00336989 0.939882 0.042881
4 0.00187966 0.0278686 0.000487105 0.956457 0.00948067 0.00222612 0.00160083
5 0.00203451 0.995139 0.000414041 0.000150748 0.00171134 0.000257455 0.000292905
22 0.989383 0.00197993 0.00394464 0.00164538 0.00137459 0.00116366 0.000508366
0 0.00087004 0.00205861 0.004072 0.00684225 0.97778 0.00142089 0.00695631
0 0.01278 0.0357696 0.000901748 0.00247906 0.946717 0.000287354 0.00106468
5 0.0173009 0.901042 0.0242948 0.00828319 0.0405308 0.00664158 0.00190673
11 0.000721786 0.000378685 0.0025236 0.00191344 0.000604125 0.951759 0.042099
22 0.944065 0.049501 0.000380007 0.00036183 0.00454314 0.000423306 0.000725231
4 0.00380366 0.0212299 0.00127422 0.95361 0.00982044 0.007019 0.00324321
11 0.00127521 0.000846578 0.0181456 0.00237104 0.00432526 0.929993 0.0430438
11 0.00367682 0.00508183 0.0193453 0.0116331 0.0057 0.944443 0.0101204
11 0.00157692 0.0012094 0.00677095 0.00700828 0.00275886 0.975356 0.00531932
11 0.000539557 0.000192369 0.0235829 0.00125776 0.000684636 0.935366 0.0383763
11 0.00235718 0.0025374 0.0211987 0.0018291 0.00551794 0.957242 0.00931749
11 0.00283204 0.00647335 0.0212234 0.00361322 0.00565608 0.956045 0.00415692
13 0.00240039 0.00138922 0.965155 0.00125399 0.00231088 0.0172616 0.0102291
11 0.000705235 0.00088182 0.00218404 0.0103649 0.000633872 0.967904 0.0173256
19 0.00338128 0.00467616 0.00244334 0.00802062 0.00331054 0.00754241 0.970626
5 0.0435244 0.939261 0.000525229 0.00316318 0.0116514 0.00045437 0.00141994
13 0.000971205 0.00330055 0.988821 0.000383711 0.0015177 0.0037427 0.00126336
5 0.0442995 0.914386 0.00304634 0.00302365 0.0285165 0.00451314 0.00221442
0 0.00172581 0.0119446 0.00160211 0.000533729 0.983222 0.000620918 0.00035108
22 0.924925 0.0483998 0.00509268 0.00440163 0.0123278 0.0032545 0.00159899
5 0.0446444 0.923643 0.000969117 0.000554021 0.0288664 0.000505837 0.000816874
0 0.0104283 0.0452631 0.0026295 0.000524244 0.939729 0.00108411 0.000341946
22 0.931869 0.0491867 0.00378803 0.00754428 0.00253684 0.00323398 0.00184165
13 0.00144117 0.00110602 0.958995 0.0044338 0.00181458 0.0193807 0.0128283
5 0.0446956 0.921762 0.000610766 0.00231892 0.0289636 0.000803514 0.000845804
22 0.944092 0.0486808 0.000724626 0.000350461 0.00480893 0.00038754 0.000955609
13 0.00507635 0.00334781 0.969593 0.000920231 0.000450294 0.0184306 0.00218184
13 0.00666796 0.0134995 0.960732 0.00231615 0.00588611 0.0095496 0.00134842
11 0.00242666 0.00431395 0.00444492 0.0023585 0.00367352 0.972786 0.00999651
5 0.0439737 0.92358 0.000774646 0.0014718 0.0276193 0.00124754 0.00133273
13 0.00863479 0.013091 0.964466 0.00334277 0.00387202 0.00606552 0.000528192
22 0.937119 0.0227292 0.00341192 0.0129373 0.0147805 0.00251129 0.00651116
19 0.000606758 0.00164865 0.000523116 0.00473202 0.00283662 0.0356215 0.954031
22 0.944702 0.0494929 0.000222509 0.000588449 0.00370775 0.000598062 0.000688523
22 0.937871 0.0494503 0.000133688 0.00024235 0.0113083 0.000183634 0.000810388
5 0.021529 0.895889 0.00648667 0.0101631 0.0597174 0.00333263 0.00288256
22 0.942123 0.0490663 0.00178866 0.00063525 0.00486259 0.000634132 0.000889691
11 0.00154659 0.00150105 0.0236873 0.00305447 0.00779915 0.926864 0.0355477
13 0.00396232 0.00430047 0.973214 0.00384856 0.00732284 0.0045162 0.00283546
0 0.00116144 0.0120914 0.00321854 0.00711817 0.957899 0.0119339 0.00657733
19 0.00279274 0.00269771 0.00652683 0.0139441 0.0130953 0.0292634 0.93168
19 0.00289105 0.00499394 0.00439415 0.0122194 0.0100563 0.0341787 0.931267
0 0.0128984 0.0363756 0.0015703 0.00277603 0.945209 0.000701865 0.000469111
0 0.0100576 0.0200117 0.00479439 0.00682046 0.953644 0.00224074 0.00243113
4 0.000773898 0.00247899 0.000858923 0.989698 0.00235803 0.00164336 0.00218908
4 0.000782779 0.00346629 0.00143532 0.983967 0.00144211 0.00353788 0.00536869
13 0.00480235 0.0044799 0.966463 0.00529791 0.00935535 0.0089746 0.000627026
19 0.00296974 0.00414467 0.00758936 0.011016 0.00568054 0.035606 0.932994
22 0.945736 0.049462 0.00128184 0.00061244 0.00133824 0.000941062 0.000628253
0 0.00234341 0.049687 0.000242347 0.00144522 0.941751 0.00334879 0.00118217
0 0.00323281 0.0182917 0.00541636 0.0112724 0.941992 0.00668311 0.0131117
13 0.00566252 0.0057658 0.955578 0.00363839 0.00842075 0.0174382 0.00349642
22 0.971455 0.0160073 0.00186686 0.00409446 0.00478678 0.00107818 0.000711117
5 0.0393388 0.90976 0.00680035 0.024845 0.00969289 0.00716929 0.00239329
5 0.0424991 0.905112 0.0192109 0.0101176 0.0144671 0.00596204 0.00263128
22 0.945107 0.0186767 0.00822303 0.00800134 0.0130025 0.0033401 0.00364931
22 0.936719 0.0494217 0.00338785 0.0019798 0.00421714 0.002376 0.00189894
13 0.00241229 0.00958433 0.974649 0.000862901 0.00669062 0.00480071 0.000999841
0 0.0131753 0.0385154 0.000205707 0.000745502 0.946485 0.000570638 0.0003022
13 0.00304212 0.00175147 0.956043 0.0031131 0.00421048 0.0194739 0.0123657
22 0.924692 0.0477536 0.00346847 0.00621047 0.0134943 0.00225659 0.0021242
13 0.00298205 0.00747486 0.953515 0.0079275 0.00250957 0.019554 0.00603665
11 0.00056738 0.000428329 0.00825069 0.000466986 0.00219567 0.98261 0.00548079
13 0.00210814 0.00405149 0.952445 0.00593461 0.00489438 0.0193599 0.0112066
13 0.0106174 0.00801265 0.946852 0.00462004 0.00950526 0.0167722 0.00362089
13 0.00189891 0.00460386 0.954342 0.00581296 0.00373738 0.0192516 0.0103536
4 0.0035171 0.0131438 0.00128073 0.964458 0.0104775 0.00114275 0.00598015
13 0.00343371 0.000853262 0.965707 0.00190699 0.00263243 0.0184571 0.00700969
13 0.00515948 0.00599422 0.959142 0.00648193 0.0033454 0.0188784 0.000998988
22 0.936579 0.0493391 0.0039432 0.00266764 0.00619494 0.000478451 0.000797833
22 0.939472 0.0491832 0.000308489 0.00423446 0.00430446 0.0019628 0.000534907
22 0.96513 0.0141612 0.00518022 0.00157129 0.0103207 0.00234234 0.00129453
22 0.980753 0.0144044 0.000195316 0.000546783 0.00343078 0.000283639 0.000385842
22 0.993341 0.00529024 6.45774e-05 0.000487158 0.000207451 0.000143594 0.000466165
22 0.941773 0.049495 0.0006237 0.00110272 0.00465813 0.000915854 0.00143134
4 0.00637493 0.0193494 0.000544595 0.956192 0.00965889 0.00563096 0.00224895
13 0.00281717 0.00373641 0.946758 0.00344141 0.00454727 0.0199429 0.0187564
22 0.935645 0.0492294 0.00202052 0.00541332 0.00337719 0.00234307 0.00197102
13 0.00374218 0.0117445 0.955927 0.00353127 0.00467224 0.0185957 0.00178683
22 0.930248 0.0484189 0.000406679 0.00809874 0.00839392 0.00138613 0.00304797
22 0.935848 0.0490843 0.00204993 0.00094737 0.00980066 0.00118838 0.0010817
0 0.00215295 0.00351601 0.00391667 0.00109726 0.98618 0.000593944 0.00254276
5 0.0405905 0.866835 0.0202433 0.0126746 0.0512372 0.00477291 0.00364645
5 0.0447027 0.897962 0.00434823 0.0160037 0.0269855 0.00721279 0.0027848
5 0.0447564 0.9128 0.00138504 0.00813119 0.029052 0.00160877 0.00226689
5 0.0447644 0.910474 0.00235054 0.00857014 0.0287919 0.00258581 0.00246371
5 0.0439349 0.933071 0.00232033 0.000763695 0.0182395 0.000708152 0.000962414
13 0.000480724 0.00068427 0.960284 0.00799735 0.00203133 0.0192325 0.0092898
4 0.00019358 0.000625576 0.00120234 0.982544 0.00141924 0.00399291 0.0100227
11 0.0010731 0.00318201 0.0213794 0.0075249 0.0044374 0.955132 0.00727133
13 0.0024466 0.00553006 0.961034 0.00389939 0.00462005 0.013897 0.00857295
11 0.000347212 0.00116391 0.0215443 0.00110913 0.00230522 0.95023 0.0233
11 0.000347355 0.000405153 0.00849296 0.00284421 0.00279811 0.944061 0.0410514
0 0.0041162 0.0225812 0.002007 0.010551 0.954091 0.00438458 0.00226907
11 0.00159612 0.002127 0.0242855 0.00712476 0.00150432 0.939907 0.0234552
13 0.00571466 0.00580906 0.939682 0.0119464 0.00563252 0.0188539 0.0123612
19 0.000748328 0.00154577 0.000215613 0.00102387 0.0013162 0.00143849 0.993712
19 0.00177937 0.00386519 0.0062514 0.00514926 0.00203646 0.0367827 0.944136
22 0.938483 0.0489942 0.000975624 0.00139623 0.00733258 0.00127919 0.00153893
13 0.00240691 0.00201031 0.975063 0.00167199 0.00113646 0.0140068 0.00370445
13 0.00101656 0.000495541 0.969663 0.0010966 0.00267119 0.0133789 0.0116783
0 0.0237308 0.0330101 0.00429913 0.00339282 0.932463 0.00218329 0.000920386
19 0.00082201 0.000907899 0.00056496 0.0079493 0.00285725 0.00893732 0.977961
5 0.0242212 0.902414 0.00212222 0.00891411 0.0603411 0.000747976 0.0012392
22 0.941446 0.0278344 0.00501306 0.00654766 0.0143335 0.00249315 0.00233189
22 0.937003 0.0478708 0.00107396 0.000336824 0.0128815 0.000287048 0.000546761
5 0.0447655 0.91297 0.00190893 0.00304545 0.0289729 0.0054934 0.00284403
0 0.00907911 0.0420031 0.00193151 0.00736541 0.934285 0.00281048 0.00252549
22 0.930418 0.0491171 0.00325627 0.00381357 0.00996346 0.00131687 0.00211449
22 0.971598 0.0236138 0.00035146 0.000381136 0.00319249 0.000390416 0.000472888
5 0.041088 0.889899 0.00226756 0.00651312 0.0574872 0.00156165 0.00118336
11 0.00143961 0.000429574 0.023228 0.0020791 0.00578387 0.928103 0.0389368
11 0.00359148 0.00430587 0.0212567 0.00607215 0.00468691 0.956289 0.00379831
22 0.925623 0.0466957 0.00592949 0.00306356 0.0145663 0.00215118 0.00197029
11 0.00122894 0.00275437 0.00615722 0.0108818 0.00550008 0.935843 0.0376349
5 0.0025301 0.981003 0.00657205 0.00143143 0.00304344 0.00378166 0.00163852
5 0.0272583 0.879884 0.00732622 0.0144847 0.058192 0.0102274 0.00262753
13 0.000160005 0.000291489 0.965171 0.00341081 0.00237585 0.0185964 0.00999452
22 0.938273 0.0450885 0.00158663 0.00253394 0.0108626 0.000566663 0.00108883
22 0.986595 0.00700049 0.000791622 0.00222924 0.0021172 0.000288113 0.000978583
5 0.0016926 0.994339 0.000195697 0.000289744 0.00211445 0.000280686 0.00108742
11 0.00311694 0.00457312 0.00152167 0.00832817 0.00686843 0.970569 0.00502281
13 0.00200939 0.00300638 0.96971 0.000808734 0.00171602 0.0185079 0.00424151
0 0.0126759 0.0434214 0.00360471 0.00153119 0.936774 0.00134766 0.000644806
4 0.00604998 0.0107088 0.00748144 0.962566 0.00293396 0.00680647 0.00345341
22 0.94754 0.0493892 0.000413234 0.00037155 0.00177519 0.000100507 0.000410281
13 0.00296582 0.00942717 0.94746 0.00748707 0.00635288 0.019805 0.00650219
11 0.00291748 0.00120156 0.0224563 0.00138752 0.00138437 0.948141 0.0225117
11 0.0038717 0.00545576 0.0212164 0.00667557 0.00332148 0.956956 0.00250305
22 0.939474 0.0493226 0.00447145 0.00112783 0.00205768 0.00235792 0.00118853
11 0.00351447 0.00459012 0.0202078 0.00881365 0.00229844 0.959918 0.000658029
4 0.000769999 0.00607252 0.00434887 0.975627 0.00192678 0.00550457 0.0057507
13 0.00969085 0.00733833 0.968294 0.00479428 0.00772296 0.00180094 0.000358799
19 0.00300693 0.00235872 0.00774022 0.00503279 0.00566304 0.0369795 0.939219
13 0.00712105 0.0117499 0.94876 0.00894976 0.00549362 0.0147511 0.00317473
19 0.00243611 0.0035416 0.00505231 0.0073427 0.0170877 0.0182808 0.946259
11 0.0035678 0.00510424 0.0241232 0.00764445 0.00390914 0.92331 0.0323407
11 0.00208823 0.000726996 0.056601 0.00487139 0.00344919 0.892459 0.0398046
5 0.0465761 0.891793 0.0069181 0.0112447 0.0341223 0.00654194 0.00280374
0 0.0012443 0.0138699 0.00241063 0.00476678 0.961938 0.00403743 0.0117325
22 0.941797 0.032764 0.00265847 0.00868199 0.00938289 0.00281272 0.00190262
22 0.922313 0.0484545 0.0110094 0.0035273 0.00966823 0.00307262 0.00195486
5 0.0659889 0.884107 0.0126158 0.00881594 0.0257522 0.00133645 0.00138377
