labels 22 5 13 4 0 11 19
13 0.0356459 0.0251547 0.697935 0.0311232 0.159349 0.0430443 0.00774817
19 0.0103753 0.0106297 0.129504 0.203804 0.185078 0.0574764 0.403134
13 0.0195316 0.0131011 0.361845 0.0167059 0.22496 0.10253 0.261327
19 0.00579632 0.00262099 0.0175561 0.0210758 0.0692839 0.0142894 0.869378
5 0.297565 0.654575 0.0201014 0.00481853 0.0185121 0.00316664 0.00126201
13 0.000543844 0.000218795 0.995932 0.000274935 0.000227415 0.00205002 0.000753291
22 0.861265 0.113303 0.00329697 0.00250497 0.0154256 0.00291024 0.00129427
22 0.7654 0.226481 0.000488083 0.000214236 0.0060435 0.000660643 0.000711949
19 0.000247996 0.000296576 0.00218997 0.00865452 0.00102345 0.0510592 0.936528
4 0.17009 0.20377 0.011958 0.540042 0.0544652 0.0121937 0.00748132
5 0.26141 0.57652 0.0708764 0.0265674 0.0418508 0.0162113 0.00656382
11 0.00346876 0.000990918 0.0567532 0.0172075 0.00447676 0.798821 0.118282
13 0.00350981 0.0020006 0.98753 0.000818645 0.00247867 0.00185955 0.00180313
13 0.000807484 0.000435308 0.98508 0.00024931 0.000354459 0.00410688 0.00896698
13 0.00269201 0.000660702 0.946713 0.00158539 0.00103113 0.0415054 0.00581263
5 0.373895 0.569883 0.0149232 0.000928123 0.0322687 0.00642428 0.00167733
0 0.208085 0.0567504 0.231463 0.0829291 0.33657 0.0575597 0.0266417
13 0.0017477 0.000361348 0.961648 0.000427813 0.000787454 0.032458 0.00256949
22 0.582933 0.0456801 0.0360458 0.166107 0.144102 0.0149128 0.0102192
13 0.0284611 0.180721 0.523766 0.0142587 0.150294 0.0870384 0.0154611
5 0.201445 0.606629 0.0428246 0.0284847 0.08218 0.026259 0.0121772
22 0.594225 0.38476 0.0017929 0.00188555 0.0155352 0.000846429 0.000955175
11 0.000847506 0.000627839 0.0150497 0.00819887 0.00259266 0.8044 0.168284
19 0.00115446 0.000871404 0.0614553 0.00553181 0.00280742 0.339636 0.588544
11 0.000805146 0.000332921 0.00687516 0.00108575 0.00139346 0.952586 0.0369215
0 0.0104588 0.1058 0.0083815 0.00421192 0.864469 0.00520023 0.00147836
13 0.0224935 0.0120056 0.772977 0.0217964 0.0936169 0.0386404 0.0384704
5 0.114996 0.824473 0.00358234 0.00596555 0.0455671 0.00350301 0.00191318
13 0.000331707 0.000225534 0.953572 0.000227281 0.000527448 0.0308106 0.014305
11 0.00213819 0.00169595 0.107607 0.0154841 0.00364006 0.548501 0.320934
19 0.000593531 0.00043192 0.00197646 0.0037739 0.00156539 0.00981767 0.981841
5 0.392609 0.534051 0.0121836 0.0209448 0.0196657 0.0153483 0.00519765
13 0.0319093 0.0178042 0.898362 0.00847969 0.00887701 0.0155564 0.0190117
19 0.00693255 0.00650529 0.0277023 0.00330588 0.0113631 0.0778681 0.866323
5 0.296302 0.643782 0.00610772 0.0090312 0.0379856 0.00431551 0.00247519
22 0.63995 0.337595 0.0013468 0.00512772 0.014346 0.00101993 0.000614356
19 0.00239283 0.00127398 0.00805003 0.0289433 0.00222856 0.14377 0.813342
19 0.00564105 0.00392522 0.0503438 0.139325 0.00477198 0.26524 0.530752
19 0.0091781 0.00494853 0.0397359 0.0353616 0.0606843 0.0245603 0.825531
5 0.118557 0.640139 0.0286769 0.0109544 0.186911 0.00400834 0.0107539
13 0.00284926 0.000586187 0.995335 0.000126846 0.00018062 0.000698004 0.000224382
22 0.884663 0.0672986 0.000490198 0.0398354 0.00351094 0.00290178 0.0012999
13 0.270507 0.17881 0.290329 0.042512 0.158818 0.038367 0.0206567
13 0.0234896 0.0114268 0.686286 0.0400155 0.157461 0.0153488 0.0659717
11 0.00622707 0.00174317 0.0600725 0.0158039 0.00804551 0.503281 0.404827
13 0.0731854 0.307078 0.38621 0.0619342 0.0616081 0.0930011 0.0169831
5 0.385103 0.597115 0.000594806 0.00582106 0.0081077 0.002174 0.00108417
13 1.80052e-06 1.54963e-06 0.997904 8.31014e-05 3.88425e-05 0.00126256 0.000708459
11 0.00215031 0.000829606 0.0149251 0.00642716 0.00443828 0.534913 0.436317
13 0.0132906 0.00969868 0.492034 0.421387 0.0323378 0.0266265 0.00462592
19 0.00088868 0.000592418 0.000912802 0.0128889 0.00119563 0.0475512 0.93597
22 0.635446 0.100243 0.0790836 0.074386 0.0918059 0.0113542 0.00768077
0 0.164287 0.108315 0.212397 0.017365 0.434605 0.0362018 0.0268286
11 0.00150659 0.00150139 0.02045 0.00395782 0.00463183 0.835488 0.132465
19 0.0067058 0.00572146 0.226726 0.0264495 0.0282827 0.248309 0.457806
