labels 22 5 13 0 11 4 19
4 0.0173338 0.116556 0.131988 0.044209 0.153202 0.515092 0.0216193
5 0.00730364 0.985196 0.000612333 0.0057828 0.00015127 0.000584998 0.000369102
4 0.0305152 0.050243 0.0157654 0.0518975 0.0153206 0.822176 0.0140826
4 0.00283215 0.0866813 0.0031162 0.00809915 0.0369701 0.853946 0.0083548
0 0.00979798 0.0322962 0.348126 0.521875 0.0262417 0.0291754 0.0324882
11 0.00455669 0.0057432 0.0232308 0.0158076 0.768692 0.0597461 0.122223
5 0.126473 0.554966 0.0204389 0.0876288 0.0724584 0.132867 0.00516821
0 0.0241437 0.161628 0.00756375 0.773782 0.00324398 0.0273714 0.00226697
11 0.000631889 0.00158691 0.0112919 0.000635731 0.940806 0.00774345 0.0373043
19 0.0221093 0.0467469 0.161411 0.158981 0.223033 0.162305 0.225413
19 0.00099836 0.000960744 0.000288339 0.00155779 0.00791081 0.00206131 0.986223
19 0.000466389 0.00113053 0.000270069 0.000858823 0.0126178 0.000818923 0.983837
13 0.0103952 0.00549461 0.622324 0.00475026 0.295336 0.0478702 0.013829
13 0.040283 0.0256181 0.648755 0.008458 0.188776 0.0806974 0.00741329
19 0.00324817 0.00346058 0.00167719 0.012128 0.00316812 0.00724623 0.969072
4 0.00728727 0.0163921 0.0107036 0.00720696 0.0370842 0.768566 0.15276
13 0.00437383 0.00513723 0.891403 0.0136899 0.0473567 0.00904688 0.0289926
5 0.282326 0.615989 0.000835452 0.069928 0.00250355 0.0267055 0.0017129
5 0.469603 0.52101 0.000412145 0.00376876 0.000866563 0.00342511 0.000914893
11 0.00551253 0.00766647 0.345814 0.0178526 0.593638 0.0134574 0.0160596
22 0.639562 0.240357 0.0104407 0.103561 0.000623189 0.00476467 0.000691254
13 0.00502764 0.00604275 0.7619 0.00552248 0.205082 0.00761601 0.00880946
0 0.0273596 0.100757 0.0382024 0.636728 0.015567 0.171276 0.0101097
13 0.0218308 0.0333919 0.657323 0.0252238 0.0826759 0.167604 0.0119504
22 0.560017 0.110291 0.0789208 0.170079 0.00922935 0.0688181 0.00264379
11 0.00233933 0.00399143 0.129712 0.000865256 0.677242 0.00468726 0.181163
22 0.560726 0.265223 0.00406829 0.141476 0.00460065 0.0222117 0.0016937
19 0.00668049 0.010997 0.0319853 0.098055 0.145965 0.138601 0.567717
0 0.0303125 0.156014 0.0234075 0.475901 0.0125804 0.281698 0.0200872
4 0.00221291 0.00299751 0.000685519 0.00435963 0.00334825 0.93702 0.0493759
0 0.0436841 0.127391 0.0462858 0.34912 0.0298908 0.258162 0.145466
5 0.068668 0.919939 0.00118067 0.00877922 0.000457908 0.000593798 0.000381094
11 0.00290009 0.0120526 0.0212726 0.0459426 0.857649 0.0277988 0.032384
11 0.00100653 0.00113203 0.0107297 0.0349233 0.87624 0.0356555 0.0403131
13 0.00149855 0.00354848 0.860072 0.0169085 0.0910385 0.00487216 0.0220616
22 0.759186 0.117947 0.00218067 0.11439 0.00150239 0.00363821 0.00115546
22 0.564267 0.399473 0.000724257 0.0313949 0.000554747 0.00276832 0.000817894
22 0.666247 0.277961 0.000690982 0.0407068 0.00477235 0.00802857 0.0015934
5 0.0592459 0.520307 0.00448139 0.408958 0.0040767 0.0017045 0.00122701
5 0.0432539 0.722941 0.00129569 0.229547 0.00115701 0.00104476 0.000761176
22 0.639344 0.289042 0.000283355 0.0673267 0.00108433 0.00157771 0.00134176
4 0.00999045 0.363929 0.00359961 0.0575024 0.0461212 0.509696 0.00916148
22 0.534523 0.429367 0.000701841 0.0329302 0.000595957 0.0012638 0.000618827
11 0.00921111 0.0658833 0.0499631 0.0249651 0.807085 0.0129217 0.0299707
0 0.00334462 0.0157101 0.00374297 0.973493 0.00161486 0.00117097 0.000923247
5 0.0344193 0.908327 0.00176057 0.0497011 0.00199714 0.00219649 0.00159865
11 0.00443826 0.0087185 0.0412564 0.0300397 0.58086 0.0222003 0.312487
0 0.194238 0.150188 0.00467943 0.642183 0.00337101 0.00341121 0.00192997
13 0.0772873 0.0497501 0.369218 0.3546 0.0999298 0.0382495 0.0109653
0 0.0354867 0.0759379 0.0660344 0.306014 0.144719 0.113231 0.258576
4 0.0158698 0.043595 0.00357813 0.109611 0.00415752 0.793652 0.0295366
22 0.850977 0.107728 0.000958822 0.0349024 0.00153217 0.00229196 0.00160969
22 0.809886 0.130262 0.00306623 0.01673 0.0059345 0.0316735 0.00244726
22 0.716348 0.199206 0.00358841 0.0742718 0.00250785 0.00300382 0.00107403
22 0.448876 0.272582 0.00900636 0.0611966 0.0476182 0.155546 0.00517421
5 0.0383921 0.905052 0.00323741 0.0479626 0.00195277 0.00220968 0.00119375
11 0.000897408 0.00256387 0.0188227 0.00208198 0.922479 0.00272513 0.05043
11 0.00268425 0.00654008 0.0146148 0.0264664 0.806014 0.0464761 0.0972041
19 0.00270449 0.00695134 0.0064329 0.0680351 0.0499714 0.0184892 0.847415
19 0.0146016 0.0246713 0.120492 0.0207149 0.32801 0.0708247 0.420685
5 0.140629 0.537134 0.0164624 0.202221 0.0362844 0.0623356 0.00493425
