labels 22 13 4 11 0 5 19
22 0.540356 0.00441147 0.0213932 0.00244917 0.0153189 0.415237 0.00083428
0 0.0233701 0.0263914 0.0192342 0.00875806 0.846405 0.0687277 0.00711346
19 0.00231638 0.0323575 0.00510988 0.460634 0.0176979 0.00199637 0.479888
5 0.351321 0.0383653 0.0116026 0.00873396 0.154326 0.430841 0.00481047
13 0.00329637 0.952497 0.00238206 0.0146186 0.00899383 0.0015689 0.0166437
4 0.0167557 0.00493635 0.843022 0.00609498 0.0840917 0.00831844 0.0367808
19 0.00185098 0.000471105 0.0106882 0.000843044 0.00284864 0.0011422 0.982156
22 0.992001 0.000436589 0.00256812 0.00080187 0.000248823 0.00333432 0.000609262
19 0.00676008 0.297666 0.0153008 0.204894 0.0528323 0.00912868 0.413419
22 0.812141 0.0159545 0.0227588 0.0103082 0.0570582 0.0789504 0.00282899
22 0.421767 0.00778338 0.0915599 0.00500052 0.382474 0.0819526 0.00946214
0 0.0107789 0.0104965 0.029344 0.0046868 0.825321 0.00530138 0.114071
22 0.369931 0.0750248 0.0349058 0.016651 0.334668 0.15648 0.0123401
0 0.138236 0.011922 0.219399 0.0401499 0.465126 0.118565 0.00660101
19 0.000576668 0.00430141 0.00231863 0.136439 0.00377346 0.000489869 0.852101
22 0.951342 0.00267318 0.0125497 0.00172928 0.0235215 0.0067127 0.0014716
22 0.275007 0.0987665 0.169181 0.0505536 0.236766 0.150873 0.0188527
19 0.00564597 0.0725135 0.00269078 0.312509 0.00596082 0.00205789 0.598622
19 0.00277724 0.0182597 0.0274492 0.107667 0.0273181 0.00457873 0.81195
13 0.00226245 0.738016 0.00992547 0.0900279 0.055741 0.00412641 0.0999012
13 0.0136205 0.853145 0.0118543 0.0284087 0.0417754 0.00244577 0.0487502
22 0.960638 0.00104332 0.00431961 0.000708225 0.00967083 0.0219871 0.00163245
19 0.00745096 0.0113655 0.00180525 0.168949 0.00692278 0.00181028 0.801696
19 0.0279143 0.0659696 0.266602 0.108502 0.0677353 0.0218827 0.441394
19 0.000372273 0.0418989 0.0010268 0.231008 0.00931891 0.000290509 0.716085
0 0.115258 0.107738 0.0516845 0.119956 0.327904 0.265061 0.0123989
0 0.0761266 0.22269 0.0667211 0.00910898 0.496644 0.116871 0.0118382
22 0.870818 0.00606519 0.0493951 0.00367301 0.0132131 0.0540676 0.00276782
22 0.827328 0.00796357 0.00532697 0.00214438 0.00417125 0.151765 0.00130071
19 0.00424595 0.224508 0.0107544 0.357068 0.0226084 0.00659277 0.374222
5 0.123132 0.0823497 0.0553738 0.0281922 0.289397 0.404374 0.0171824
13 0.00877609 0.923313 0.00501494 0.0108361 0.0155274 0.00205854 0.0344741
22 0.875276 0.00198026 0.00814359 0.000926688 0.0751422 0.0373224 0.00120882
22 0.407715 0.0672867 0.10893 0.0183758 0.139969 0.245317 0.0124067
0 0.0121731 0.104311 0.145952 0.0501296 0.481819 0.0327506 0.172864
19 0.000684877 0.0229219 0.00167107 0.332838 0.0114502 0.000890515 0.629544
4 0.0490208 0.0107367 0.696146 0.0118377 0.172967 0.0249895 0.0343021
4 0.0207262 0.0254722 0.786528 0.0408727 0.0490818 0.00827674 0.0690427
22 0.928733 0.00423947 0.0382314 0.00277723 0.0131646 0.0108495 0.00200501
13 0.00333632 0.808055 0.032417 0.0462093 0.0619761 0.00178295 0.0462234
22 0.806886 0.051937 0.00593967 0.00248409 0.0102509 0.120098 0.00240443
19 0.0021848 0.0125476 0.00161592 0.0680804 0.00308964 0.0026019 0.90988
22 0.962137 0.0125377 0.00820378 0.00233471 0.00603583 0.00789161 0.000859429
19 0.00296691 0.141915 0.00340642 0.192611 0.0248539 0.00313912 0.631108
13 0.0114081 0.862824 0.00483786 0.0259839 0.0219149 0.00636967 0.0666615
13 0.0174431 0.614297 0.0176493 0.0481467 0.247891 0.033394 0.0211789
13 0.00942178 0.752804 0.00238333 0.122438 0.0174813 0.00390531 0.0915662
19 0.0115958 0.369732 0.00951603 0.064238 0.120041 0.0129962 0.411881
13 0.00876508 0.594972 0.00780562 0.0770037 0.130628 0.00400626 0.176819
22 0.714996 0.0395459 0.0212562 0.00797959 0.129311 0.0812847 0.00562657
5 0.164693 0.0184351 0.0154064 0.00843441 0.295371 0.492602 0.00505923
19 0.00390295 0.0855065 0.00837022 0.135679 0.0202239 0.00411127 0.742206
0 0.0166884 0.00929855 0.00150032 0.00181015 0.881122 0.0889388 0.00064149
19 0.00329607 0.0245862 0.0664672 0.374309 0.0313667 0.00335689 0.496618
22 0.843927 0.00606856 0.0705404 0.0110554 0.0345046 0.029691 0.00421265
22 0.933603 0.0294972 0.0041891 0.0012249 0.00754362 0.0227896 0.00115267
