labels 22 5 13 4 0 11 19
22 0.860695 0.130225 0.000614787 0.000982779 0.00609157 0.000884549 0.000506141
4 0.0343183 0.180816 0.0790853 0.520572 0.139131 0.0334201 0.0126572
13 0.000345793 0.0091477 0.810058 0.00162738 0.00605278 0.170412 0.0023561
0 0.0132959 0.0798953 0.0239602 0.0111544 0.811707 0.0575383 0.00244859
11 1.4468e-06 2.09004e-06 6.11576e-06 2.9808e-06 1.70159e-06 0.998843 0.0011425
4 0.0105652 0.0904566 0.054751 0.588786 0.139819 0.102659 0.0129636
0 0.0389487 0.209095 0.000222314 0.00784652 0.740555 0.00163498 0.00169761
0 0.00423745 0.0161089 0.00715358 0.0163119 0.925728 0.0286024 0.001858
22 0.598091 0.390792 0.00322089 0.001148 0.00475233 0.00133185 0.000664386
5 0.313294 0.659764 0.00035697 0.000311888 0.0253719 0.000302978 0.000597547
22 0.548582 0.378142 0.00210024 0.000928996 0.0687645 0.000830898 0.000651401
11 0.000666261 0.00203598 0.00637181 0.00997379 0.000204424 0.957134 0.0236139
19 0.00106341 0.006715 0.00208853 0.00122056 0.0029416 0.0422858 0.943685
4 0.0114843 0.0204205 0.0252053 0.69452 0.132189 0.0524675 0.0637131
5 0.178524 0.748786 0.0037766 0.00347505 0.0596237 0.00444807 0.00136651
5 0.0620126 0.856247 0.0214332 0.00933045 0.0224688 0.0265314 0.0019764
11 0.00282453 0.0379635 0.338625 0.00274049 0.00799079 0.607006 0.00284941
11 0.000204854 0.000593914 0.0302902 0.000323245 0.00109945 0.966487 0.00100185
19 0.00336101 0.00510071 0.00356069 0.0394793 0.0153254 0.036316 0.896857
5 0.0948173 0.847908 0.0327473 0.00232126 0.0127553 0.0060584 0.00339197
22 0.532922 0.268523 0.00284303 0.00354525 0.183848 0.00433456 0.0039835
19 0.000946031 0.00343155 0.00745911 0.0152698 0.0150013 0.229851 0.728042
5 0.0967257 0.709742 0.115691 0.0131085 0.0458059 0.0152147 0.00371185
22 0.848123 0.146783 0.000406224 0.000312857 0.00355145 0.000475 0.000348576
11 0.000534789 0.00144733 0.0551313 0.000725218 0.000950052 0.940232 0.000979081
22 0.84446 0.118618 0.0227994 0.0023251 0.00904263 0.00181347 0.000942017
19 0.00423195 0.0165183 0.00340443 0.0248278 0.00925991 0.0559409 0.885817
11 0.000147687 0.000188679 0.00698639 0.000765377 0.000265587 0.987742 0.00390476
22 0.513601 0.109685 0.169603 0.00304369 0.195914 0.00576669 0.00238607
19 0.00623888 0.00813865 0.0116722 0.257647 0.00826869 0.11295 0.595085
11 0.00342623 0.0149678 0.124333 0.0087051 0.139467 0.580308 0.128792
0 0.00217927 0.0302548 0.00720567 0.15944 0.760744 0.0319293 0.00824769
5 0.0559865 0.457454 0.0138778 0.0147791 0.440132 0.0162769 0.0014931
13 0.00240978 0.00341073 0.776463 0.013356 0.0394824 0.139923 0.0249549
0 0.018457 0.0769693 0.0346921 0.0128983 0.764435 0.0881783 0.00436984
4 0.0331324 0.0861258 0.0414561 0.495273 0.0372589 0.291796 0.0149585
13 0.000687258 0.0197002 0.894172 0.00903871 0.0442651 0.0305837 0.00155294
5 0.265949 0.578052 0.00653914 0.0482982 0.0806772 0.0112494 0.00923505
11 0.000514389 0.00606025 0.00252543 0.00125265 0.000593675 0.987748 0.00130604
22 0.626913 0.357737 0.00658577 0.000478479 0.00569717 0.00187907 0.000709464
4 0.00641704 0.00830992 0.0663233 0.625217 0.0217174 0.1952 0.0768149
5 0.282904 0.596304 0.052983 0.00927466 0.0538219 0.0028646 0.00184803
19 0.00649126 0.00309882 0.00219375 0.0210632 0.00629701 0.0160402 0.944816
4 0.00556923 0.0151854 0.00493264 0.788372 0.0140582 0.0558344 0.116048
0 0.000745356 0.00714308 0.00032183 0.00105325 0.99026 0.000420193 5.60037e-05
5 0.0437862 0.942631 0.000168297 0.000342164 0.0115731 0.000374225 0.00112555
22 0.805186 0.164736 0.00515181 0.00188853 0.0179813 0.00318131 0.00187451
0 0.00619604 0.0112727 0.00618067 0.0134004 0.959247 0.00256221 0.00114144
11 0.00347048 0.00150579 0.164294 0.0036693 0.00248579 0.787719 0.0368557
19 0.000784309 0.00157158 9.05409e-05 0.0053828 0.00246045 0.0039849 0.985725
5 0.279378 0.553129 0.0305557 0.020435 0.100198 0.0131972 0.00310648
22 0.734871 0.219805 0.00638158 0.0167477 0.00788892 0.0118847 0.00242176
22 0.902582 0.0909548 0.00117725 0.000459347 0.00389569 0.000354794 0.000576375
5 0.291194 0.689412 0.000713467 0.00218888 0.0139337 0.00101987 0.00153863
11 0.00358858 0.0166048 0.00785859 0.194339 0.122051 0.612527 0.0430309
19 0.00650738 0.00700965 0.0184904 0.0940888 0.119397 0.139111 0.615396
0 0.0296797 0.306521 0.0106581 0.0233544 0.51458 0.105639 0.00956756
13 0.00294816 0.0075732 0.536074 0.0115838 0.00892189 0.406405 0.0264947
13 0.00139639 0.00387429 0.486665 0.0253552 0.0133619 0.453109 0.0162382
4 0.00682114 0.0146122 0.00613422 0.637624 0.00610639 0.0359242 0.292778
0 0.0516098 0.222757 0.0224706 0.305079 0.330859 0.0573454 0.00987904
22 0.769113 0.214442 0.000683917 0.00118681 0.0128569 0.000842576 0.000874279
19 0.00164014 0.0012575 0.000485508 0.0178402 0.00524914 0.0160883 0.957439
11 0.000654215 0.00151522 0.118413 0.00441995 0.00491635 0.847859 0.0222222
5 0.00967239 0.987368 0.000142963 0.000125199 0.00134625 0.000305689 0.00103909
13 0.000963475 0.00668035 0.897196 0.00067015 0.000838429 0.0908202 0.0028312
22 0.790328 0.170731 0.0157938 0.00306576 0.0149855 0.00337358 0.00172229
4 0.00349792 0.00657123 0.00911059 0.876347 0.00311653 0.0469249 0.0544317
5 0.11245 0.694171 0.143262 0.0133154 0.0225029 0.0126614 0.00163746
