labels 22 5 13 4 0 11 19
22 0.90899 0.0822499 0.00678516 0.000134163 0.00126756 0.000341362 0.00023165
22 0.972546 0.0211197 0.000608204 0.000407979 0.0036829 0.000687147 0.000947815
5 0.0777596 0.889283 0.00273813 0.0109736 0.016664 0.00202879 0.000552597
13 0.00667906 0.0108205 0.956255 0.00509766 0.0107695 0.00952043 0.000857514
4 0.00308375 0.016548 0.014151 0.9403 0.0148265 0.00834372 0.00274699
0 0.00993354 0.074932 0.0150871 0.015625 0.877882 0.00423154 0.00230851
11 0.00815771 0.0190396 0.0207743 0.0154289 0.00698154 0.926526 0.00309198
4 0.0045629 0.0231809 0.00979199 0.926731 0.0296015 0.00316538 0.00296655
0 0.0244248 0.0460517 0.00447264 0.00345411 0.918388 0.00184688 0.00136172
13 0.0113392 0.0207664 0.948424 0.00977374 0.00711685 0.00143264 0.00114693
0 0.0112441 0.0235119 0.0148404 0.0131572 0.92259 0.0101888 0.00446777
13 0.000358951 0.00456198 0.970902 0.000717813 0.00162794 0.0202012 0.00163028
0 0.00845577 0.0604904 0.0123129 0.00536307 0.902149 0.0106429 0.000585795
5 0.0122458 0.985934 0.00036826 6.88801e-05 0.00117064 0.00010096 0.000111861
4 0.00142434 0.00364724 0.00454412 0.934845 0.030021 0.00341131 0.0221068
11 7.14972e-05 0.00018494 0.000637355 0.000489486 0.000116791 0.994126 0.0043735
0 0.000813291 0.000593285 0.00893658 0.00182358 0.972675 0.00721001 0.00794858
4 0.00121361 0.00786367 0.00096112 0.971225 0.000369034 0.0093386 0.00902937
4 0.00790072 0.017159 0.00720422 0.933824 0.0215042 0.00374086 0.00866722
4 0.00308591 0.0174854 0.00583205 0.931518 0.0255566 0.0132861 0.00323561
11 0.00358647 0.00263463 0.0183752 0.0175839 0.00428997 0.944075 0.00945482
0 0.000725764 0.00373271 0.00277538 0.0144916 0.957514 0.00499504 0.015766
11 0.00082924 0.00069177 0.0246999 0.00375467 0.00534983 0.936846 0.0278291
11 0.00342418 0.00869019 0.0256257 0.00929593 0.00617134 0.942413 0.00437956
13 0.00550867 0.000860694 0.966117 0.00200673 0.00352157 0.0204051 0.00158067
4 0.00560517 0.0233332 0.00334794 0.949023 0.0048945 0.0118773 0.00191921
0 0.0205919 0.0832714 0.000134343 0.00704529 0.887182 0.000704352 0.00107087
4 0.000824272 0.0246291 0.000895678 0.955082 0.00507962 0.0107469 0.00274298
0 0.00236236 0.00746174 0.00915465 0.0108503 0.958796 0.00644944 0.00492547
22 0.963641 0.0336483 0.000164236 7.01664e-05 0.00210179 5.32553e-05 0.000321703
22 0.963603 0.0247184 0.000349518 0.00194878 0.0085641 0.000267423 0.000548402
0 0.000906573 0.00430993 0.00233083 0.00594504 0.978225 0.00656543 0.00171756
22 0.887869 0.0882801 0.00621522 0.00141317 0.0145388 0.000996391 0.000687568
13 0.000828583 0.000499683 0.994724 0.000284381 0.000702234 0.00192684 0.00103435
5 0.039259 0.86568 0.0134767 0.00932609 0.0635434 0.00531045 0.00340452
22 0.918731 0.0686779 0.00259664 0.000856766 0.00597178 0.00191279 0.00125329
11 0.000265758 0.000445135 0.00168274 0.000497075 0.000445648 0.989376 0.00728746
11 0.00145886 0.00125946 0.00191851 0.00543784 0.000397951 0.985428 0.00409948
13 0.000659736 0.000483982 0.991448 0.000494506 0.00108917 0.00170759 0.00411723
22 0.913058 0.0824893 0.000622769 4.65414e-05 0.00345358 0.000158075 0.00017138
11 0.00165082 0.00144919 0.00943816 0.00305379 0.00276963 0.95939 0.0222481
11 0.00125724 0.00201487 0.00768734 0.0106136 0.00349103 0.951579 0.0233568
5 0.0615605 0.816407 0.016024 0.0384149 0.0489186 0.0145797 0.00409526
19 0.00339117 0.00574456 0.00471363 0.0212858 0.011808 0.0145584 0.938498
0 0.0211314 0.0754238 0.00256117 0.0195954 0.879375 0.0011972 0.000715703
13 0.00601461 0.0227268 0.946701 0.0101717 0.00632645 0.00576417 0.00229482
11 0.000354763 0.000864752 0.0257034 0.00830555 0.00131122 0.957502 0.0059586
22 0.910786 0.0822632 0.00114548 0.000413564 0.00405796 0.000592869 0.000741308
19 0.00169044 0.00366905 0.000306318 0.00405242 0.00483914 0.00175235 0.98369
22 0.929102 0.0665843 0.000338398 8.03829e-05 0.00282746 0.000313576 0.00075341
19 0.00348184 0.00439147 0.000537292 0.011608 0.00487296 0.00833715 0.966771
4 0.0116157 0.00315696 0.00147245 0.94261 0.0274586 0.00165625 0.0120295
19 0.00414518 0.00347063 0.0115816 0.0174285 0.0149974 0.0177066 0.93067
13 0.00532378 0.00720647 0.934046 0.0113467 0.0110418 0.0208013 0.0102342
22 0.90412 0.0274943 0.00857777 0.0138295 0.0348794 0.00524163 0.00585743
5 0.0786138 0.888271 0.000698148 0.000669299 0.0302602 0.000405069 0.00108287
22 0.88028 0.0724967 0.00581578 0.0026181 0.0362063 0.00192689 0.000656368
19 0.000547905 0.000782528 0.00013819 0.0014069 0.000234492 0.000329625 0.99656
19 0.000195538 0.000529934 0.00125033 0.0038457 0.00140613 0.0147072 0.978065
19 0.00344725 0.00797752 0.000783476 0.00550991 0.00121405 0.000769161 0.980299
0 0.000281938 0.000271395 0.000259677 0.0277551 0.968282 0.000241705 0.00290835
22 0.930734 0.0530436 0.00065043 0.000185474 0.0147284 0.000264802 0.000393639
22 0.884542 0.069715 0.00395152 0.0262512 0.00712867 0.00407598 0.004336
19 0.0034929 0.0049329 0.000666244 0.0189437 0.00297036 0.00128944 0.967704
4 0.00702365 0.027466 0.000718991 0.948421 0.00572801 0.00840667 0.00223615
11 0.000633606 0.000629212 0.024963 0.00637705 0.00343158 0.962751 0.00121447
13 0.00107067 0.0040069 0.944759 0.0132421 0.00590215 0.0185035 0.0125154
19 0.000749749 0.00169748 0.00353804 0.00221807 0.00740825 0.0152098 0.969179
5 0.0779622 0.859337 0.0155695 0.0100199 0.0293791 0.0044108 0.00332198
11 0.000698622 0.00199034 0.00511856 0.0135815 0.000398985 0.955798 0.0224144
11 0.00158412 0.00176979 0.0166276 0.0189223 0.00584945 0.945374 0.00987265
19 0.00419186 0.00806389 0.0105296 0.00963374 0.00875701 0.0223018 0.936522
5 0.049572 0.870272 0.0208127 0.00404395 0.0501193 0.00380344 0.0013766
19 0.000363137 0.00123861 0.00202125 0.000446231 0.00197144 0.00589051 0.988069
19 0.000595167 0.00336627 0.000445512 0.000523992 0.000604205 0.00272881 0.991736
11 0.00341932 0.000498991 0.0266637 0.00755785 0.00553968 0.926441 0.0298794
13 0.00377953 0.0025303 0.952995 0.0140661 0.00216198 0.0207844 0.00368223
0 0.0275709 0.0462059 0.00275335 0.0116759 0.910023 0.000882327 0.000888593
5 0.0605744 0.835668 0.037305 0.013541 0.042781 0.00637394 0.0037566
5 0.0285967 0.815652 0.00743713 0.0535023 0.0795158 0.00425262 0.0110431
4 0.00395845 0.00827602 0.00847415 0.922118 0.0274751 0.0108357 0.0188628
13 0.00882623 0.00858628 0.945957 0.0111345 0.00246108 0.0219284 0.00110631
5 0.0756777 0.867137 0.0303613 0.00147799 0.0206957 0.00371239 0.000938078
19 0.00312807 0.00338622 0.00170946 0.00811561 0.017966 0.00212911 0.963566
13 0.0043138 0.0100632 0.966897 0.00177395 0.00920661 0.00354187 0.00420327
13 0.0185949 0.0189385 0.946579 0.00318191 0.00510924 0.00332055 0.00427608
13 0.000255706 0.000177067 0.994894 7.08422e-05 0.000340254 0.00259052 0.00167124
4 0.00458308 0.00844077 0.00729683 0.949687 0.00814748 0.0106405 0.0112041
13 0.00478299 0.00281021 0.960289 0.00132373 0.00585768 0.0189136 0.00602266
22 0.872153 0.0635188 0.00644805 0.0114301 0.0378336 0.00591154 0.0027052
22 0.914412 0.0825638 9.4354e-05 8.07179e-05 0.00190364 0.000521297 0.000424641
13 0.00658697 0.00853614 0.943154 0.00914432 0.00963155 0.0215067 0.00144064
22 0.976754 0.0145442 0.000423852 0.00147205 0.00581401 0.000359681 0.000632047
11 0.000390971 0.000577967 0.0249963 0.00074715 0.00256852 0.969889 0.000830423
22 0.938142 0.0432082 0.000278382 0.000366213 0.0164452 0.000877352 0.000682914
0 0.0817726 0.0477604 0.000650743 0.00183401 0.866726 0.000626054 0.00062979
19 0.00149897 0.00140163 0.000252607 0.00699014 0.00170726 0.000398478 0.987751
13 0.00576239 0.0057247 0.975861 0.00265405 0.0027025 0.003956 0.00333975
19 0.00285723 0.00684253 0.0076786 0.00731488 0.0106128 0.0210654 0.943629
22 0.991934 0.0056151 0.000250032 0.00049266 0.000823417 0.000369652 0.000515151
0 0.000219946 0.000204862 0.00572197 0.00349828 0.967617 0.00672672 0.0160112
13 0.000167964 0.00032224 0.965066 0.00127737 0.00255758 0.0203162 0.0102929
5 0.035157 0.95816 0.00375829 0.000463666 0.00192235 0.000240328 0.000298399
22 0.914096 0.079233 4.08282e-05 3.46779e-05 0.00638138 3.74693e-05 0.000176574
0 0.0297336 0.0513124 0.00119325 0.00538436 0.911073 0.000725079 0.000578396
5 0.133501 0.803868 0.0218064 0.00185178 0.0321684 0.00494579 0.00185891
0 0.019916 0.0412382 0.0171671 0.0183483 0.88346 0.0117445 0.0081254
19 0.000463367 0.000338838 6.6166e-05 0.00617905 0.00219022 0.00152313 0.989239
5 0.0708114 0.8951 0.0192361 0.000768794 0.012182 0.000820387 0.00108099
5 0.0218688 0.905343 0.0090997 0.00963703 0.0493114 0.00299528 0.0017449
13 0.0025656 0.00127257 0.967432 0.00100173 0.00351571 0.0191789 0.00503319
4 0.00130987 0.00394871 0.00425349 0.950589 0.0105667 0.00468421 0.0246483
11 0.00117151 0.00196012 0.00845098 0.00828716 0.00428266 0.965513 0.010335
13 0.000854586 0.000972097 0.972314 0.00334746 0.00703899 0.00902253 0.00645041
13 0.000273377 0.000233483 0.953957 0.00441853 0.00569125 0.021515 0.0139115
22 0.878037 0.0882818 0.00224303 0.00179226 0.0259793 0.00265635 0.00101072
22 0.954213 0.0430036 0.000632179 1.49466e-05 0.00185276 8.36744e-05 0.000199457
22 0.889889 0.0816158 0.000834392 0.0062709 0.0159088 0.00309838 0.00238272
22 0.869177 0.0534873 0.0067444 0.0243642 0.0367705 0.0041015 0.00535467
5 0.0774267 0.917423 0.00015597 0.000431928 0.00401844 0.000158505 0.000385147
22 0.884123 0.0556711 0.00672276 0.00977328 0.0378309 0.00364633 0.00223253
22 0.902288 0.0359465 0.00416862 0.0155856 0.0351118 0.00325297 0.00364647
5 0.0752374 0.875354 0.013416 0.0108163 0.0114303 0.0109299 0.00281594
0 0.00807841 0.0804103 0.0128268 0.00152878 0.885497 0.00974182 0.00191706
11 0.0032043 0.0101347 0.0253438 0.00172353 0.00768131 0.95049 0.00142202
11 0.00302826 0.00835703 0.00281766 0.0162989 0.000912565 0.964385 0.00420106
22 0.891164 0.0815142 0.00277724 0.00729333 0.0120098 0.00215723 0.0030847
22 0.93652 0.0503194 0.00181596 0.00471516 0.00362814 0.00163546 0.00136628
22 0.912728 0.0824662 0.000228048 2.44278e-05 0.00411003 0.000109924 0.000333039
13 0.00650311 0.0167294 0.950699 0.0109394 0.0105592 0.002938 0.00163181
11 0.00480498 0.00879476 0.00614131 0.0181932 0.00641603 0.943533 0.0121169
0 0.00174835 0.0010081 0.00215091 0.0178716 0.964609 0.000803937 0.0118077
0 0.0252705 0.0792425 0.00741061 0.00093303 0.886771 0.000240344 0.000131998
13 0.00290488 0.00631904 0.949867 0.00771132 0.00604957 0.0225701 0.004578
19 0.000346194 0.000290253 8.83907e-05 0.000758397 0.00100671 0.00158859 0.995921
11 0.000438595 0.000561545 0.025066 0.000495387 0.00278755 0.968759 0.00189189
22 0.960161 0.0189671 0.000560358 0.000148074 0.0199538 0.000130026 7.97196e-05
19 0.00172579 0.00387639 0.00430023 0.0184463 0.00554838 0.00376227 0.962341
11 0.00343854 0.00715963 0.00577534 0.0168881 0.00220695 0.959761 0.00477037
0 0.00176557 0.0035566 0.000310399 0.00796376 0.985518 0.000485858 0.000399675
5 0.0774193 0.87819 0.0121061 0.0022907 0.0227741 0.0035746 0.00364514
4 0.00486945 0.00746648 0.00276055 0.949844 0.028946 0.00224909 0.00386401
0 0.0164186 0.0571741 0.0139008 0.0135623 0.893985 0.00346191 0.00149747
19 0.00121649 0.00432712 0.0004904 0.00753922 0.00140773 0.00287905 0.98214
0 0.014865 0.024191 0.000117565 0.000764919 0.959804 0.000155524 0.000101797
5 0.0516729 0.861848 0.0213039 0.0260671 0.0332928 0.00461017 0.00120487
5 0.0751973 0.834321 0.0133203 0.0154693 0.0522347 0.00531555 0.00414138
22 0.946416 0.0288988 5.79912e-05 0.000392896 0.0236346 0.00026598 0.000334218
19 0.000348103 0.000888033 7.99475e-05 0.00192498 0.000284965 0.000616475 0.995857
0 0.00362176 0.017275 0.00735949 0.000900803 0.965264 0.00522895 0.000350497
22 0.906778 0.080408 0.000106384 0.000481062 0.00998191 0.000680679 0.00156354
22 0.956679 0.00330215 0.00186978 0.00201709 0.0299916 0.00236582 0.00377449
22 0.887684 0.0815929 0.00628143 0.001656 0.0217018 0.00053491 0.000549354
19 0.00375218 0.00579557 0.0198894 0.00781032 0.0204075 0.00921488 0.93313
22 0.882089 0.0800467 0.00166437 0.00145718 0.0280922 0.00323251 0.00341842
13 0.00056717 0.00103826 0.988118 0.00183727 0.000785012 0.00683991 0.000813891
4 0.00804052 0.015655 0.00413575 0.927208 0.0158224 0.00652037 0.0226176
19 0.000553681 0.00206518 0.00413882 0.00983253 0.00309744 0.016352 0.96396
4 0.00961966 0.00955051 0.000609178 0.954952 0.00994974 0.00959384 0.00572487
19 0.0032228 0.00801894 0.00261565 0.0185799 0.00119631 0.00439596 0.96197
22 0.894925 0.0792758 0.00565118 0.000739802 0.0168452 0.00157234 0.000990814
5 0.0437255 0.840565 0.00826053 0.0319286 0.0623066 0.00924084 0.00397233
22 0.761713 0.220999 0.000858223 0.00113505 0.0138996 0.00051968 0.0008751
5 0.0747108 0.899657 0.00449156 0.000705243 0.0179587 0.00157197 0.000904985
4 0.00525473 0.0132019 0.00612986 0.942571 0.0297195 0.00187791 0.0012449
4 0.0062344 0.00291166 0.00767399 0.957028 0.00323233 0.010632 0.0122876
5 0.0786445 0.848808 0.020998 0.00992186 0.0323591 0.00549037 0.00377853
19 0.000961124 0.00159996 0.0067074 0.00465833 0.00265146 0.0205351 0.962887
22 0.910709 0.0822642 0.000431925 0.000200998 0.0054915 0.00041738 0.000485383
22 0.967843 0.0272482 0.000216975 0.00107061 0.00195055 0.000709244 0.000961593
5 0.331807 0.630217 0.000348894 0.0100942 0.0254073 0.000646889 0.0014792
22 0.913063 0.0683781 0.000892622 0.00443648 0.0119222 0.000877396 0.00043044
5 0.0080415 0.940155 0.000348808 0.00832646 0.0361021 0.00286595 0.00416017
11 0.00044392 0.000585142 0.0218811 0.00848023 0.00201752 0.933284 0.0333083
11 0.000958372 0.000782675 0.00363047 0.0139167 0.00314402 0.960272 0.0172956
11 0.000508551 0.00190422 0.0251715 0.00106642 0.00128771 0.966995 0.00306686
22 0.97848 0.00312577 0.00249131 0.00488192 0.00904259 0.00106111 0.000916973
11 0.000311697 0.000116247 0.0201449 0.00153751 0.00333298 0.941111 0.0334458
4 0.00926334 0.0173238 0.00921605 0.934281 0.0196369 0.0085087 0.00177051
13 0.00513126 0.00732384 0.955868 0.0124549 0.00537676 0.0104602 0.00338483
13 0.00436765 0.0192949 0.941086 0.0129323 0.00915244 0.0126276 0.000538944
11 0.000328989 0.000374445 0.00909496 0.00052074 0.000515308 0.962363 0.0268027
5 0.0660683 0.826162 0.0159313 0.0207332 0.0580296 0.00864736 0.00442786
0 0.00914729 0.081827 0.00323341 0.00330757 0.900307 0.00152436 0.000652879
11 0.00238588 0.000853586 0.0238242 0.0024262 0.004279 0.933959 0.0322724
4 0.00202042 0.00386245 0.00582935 0.963613 0.00984135 0.00880243 0.00603099
22 0.956338 0.0397195 0.00100321 0.000151432 0.00197265 0.000610317 0.000205144
0 0.00879124 0.0339574 0.017091 0.0194688 0.897858 0.0137022 0.00913113
5 0.278153 0.676499 0.0133275 0.00677023 0.0199571 0.00332919 0.00196421
11 0.00193262 0.000962406 0.0251 0.000164347 0.00278399 0.96831 0.000746305
22 0.891541 0.0578642 0.00591462 0.00165791 0.0385956 0.00295586 0.00147091
22 0.916404 0.0242825 0.0198268 0.0121475 0.0211309 0.00393143 0.00227725
19 0.00227028 0.00634094 0.00182291 0.018469 0.00375604 0.00668665 0.960654
11 0.00104863 0.00164921 0.0273828 0.00562856 0.000724745 0.938792 0.0247746
5 0.0151807 0.979319 0.000672502 0.000284005 0.00301733 0.000470967 0.00105584
22 0.880165 0.0803302 0.00166531 0.00795346 0.0260211 0.00256212 0.00130285
4 0.0147966 0.0268189 0.00416317 0.943345 0.00856802 0.00191012 0.000398588
19 0.00342678 0.00683178 0.0089421 0.0144798 0.0103663 0.0110738 0.944879
11 0.00175124 0.00618587 0.0264307 0.00691306 0.00868501 0.931245 0.0187891
0 0.0253412 0.0427007 0.0010056 0.0135305 0.915677 0.000845948 0.000899039
11 0.000180147 0.000207012 0.0144428 0.00159344 0.00032633 0.979955 0.00329573
5 0.0788411 0.867213 0.00385188 0.00421612 0.0415872 0.0027346 0.00155585
13 0.000169465 0.000331564 0.96794 0.000190847 0.00113142 0.0201226 0.0101137
22 0.883378 0.0496724 0.026084 0.00117666 0.0342452 0.00277355 0.00266977
0 0.0246961 0.0465233 0.00410637 0.0227512 0.896695 0.00438831 0.000839635
19 0.00332844 0.00595257 0.00487967 0.0211079 0.00839066 0.015891 0.94045
19 0.00354888 0.00611069 0.0102227 0.0162102 0.0165489 0.0219085 0.92545
0 0.0287789 0.0492506 0.00141275 0.00293305 0.916082 0.00101642 0.000525928
13 0.000174411 0.000542845 0.967192 0.00141274 0.0072018 0.0199135 0.00356311
19 0.00336769 0.00409761 0.00636287 0.0204233 0.00628665 0.0172486 0.942213
13 0.00261576 0.000592624 0.970597 0.00479513 0.00689849 0.00785642 0.00664495
19 0.00338951 0.00587522 0.00635609 0.0201651 0.00272875 0.0114986 0.949987
11 0.00410392 0.0084965 0.0259033 0.011742 0.00364801 0.944303 0.00180347
0 0.00954128 0.049471 0.00711057 0.0363525 0.886767 0.00363804 0.00711971
22 0.885434 0.0807506 0.00422158 0.000987691 0.0262653 0.00115653 0.00118473
0 0.0235906 0.0404706 0.00115387 0.0207247 0.912083 0.00119294 0.000784129
4 0.000840442 0.00133109 0.000620604 0.975346 0.00357879 0.00144607 0.016837
19 0.00331549 0.00652164 0.0212547 0.00613213 0.0161762 0.0191986 0.927401
22 0.905893 0.0822819 5.83561e-05 0.000137774 0.0110994 0.00014798 0.000381928
22 0.945214 0.0305971 0.000945427 0.00351512 0.0181615 0.000588204 0.000978394
19 0.0033612 0.00610665 0.0122887 0.00762815 0.00409002 0.0222381 0.944287
22 0.879236 0.0848101 0.00242485 0.00187187 0.0306283 0.000604548 0.000423941
11 0.00610184 0.00539225 0.0254041 0.00718866 0.00821024 0.946812 0.000891359
13 0.00254063 0.000453424 0.965143 0.00456072 0.00550048 0.0205595 0.00124268
0 0.000764413 0.00282331 0.00142446 0.0289373 0.957444 0.00487126 0.00373478
19 0.000483845 0.000621287 0.000908284 0.0102366 0.0013502 0.00653197 0.979868
0 0.0267046 0.0362705 0.00284604 0.00317344 0.927438 0.0028237 0.000744077
0 0.00904478 0.0508223 0.0174023 0.0327294 0.863789 0.00799623 0.0182162
22 0.925811 0.0649417 0.000360589 0.00038059 0.0074979 0.000496785 0.000511644
22 0.896021 0.0632154 0.00675287 0.0159689 0.012599 0.00241811 0.00302435
11 0.00460617 0.00562676 0.0100743 0.0126596 0.0202528 0.934219 0.0125618
22 0.910924 0.0812531 0.000248147 0.000972517 0.00616711 0.000103358 0.000332157
22 0.797069 0.178894 0.00507704 0.00544234 0.00619952 0.0043953 0.00292268
11 0.00232466 0.00155084 0.0169266 0.00535109 0.00588837 0.934213 0.0337452
22 0.865824 0.0724247 0.0173566 0.00975521 0.0202552 0.0113619 0.00302275
4 0.00383077 0.00693552 0.0126078 0.926187 0.0175006 0.00847907 0.024459
13 0.00648992 0.0103001 0.9353 0.0058701 0.0073972 0.0205454 0.0140975
11 0.000189745 0.000813387 0.00300883 0.00295504 0.000478776 0.982087 0.010467
22 0.961084 0.0097725 0.000369099 0.0155324 0.0106781 0.000411469 0.00215266
11 0.00297984 0.00291491 0.0222074 0.00320474 0.00652915 0.928756 0.0334075
11 0.000222911 0.000172558 0.0186749 0.000497937 0.00613658 0.940421 0.0338737
0 0.0177557 0.0705352 0.0163855 0.0117138 0.864983 0.0163033 0.00232351
0 0.012218 0.0730348 0.0210869 0.0165164 0.872429 0.00213284 0.00258198
5 0.102761 0.850296 0.000747052 0.0122349 0.0302702 0.00108323 0.00260801
22 0.991235 0.00491448 0.00131442 0.00183056 0.000337656 0.000102092 0.000265431
22 0.882044 0.0524286 0.00256767 0.0164139 0.0382282 0.00273747 0.00557968
13 0.00208583 0.00305214 0.944303 0.00904392 0.00799466 0.0216463 0.011874
11 0.0026039 0.00976462 0.0115291 0.0192154 0.00566604 0.935479 0.015742
0 0.0285401 0.047225 0.00171595 0.0109269 0.905463 0.00463534 0.00149361
19 0.0035449 0.00768459 0.00804908 0.00771052 0.00841039 0.0211012 0.943499
13 0.00290059 0.0167488 0.933773 0.0182625 0.00621299 0.018751 0.00335098
5 0.0518859 0.942574 0.00223107 4.13866e-05 0.00272029 0.000133752 0.000413862
22 0.88413 0.0814009 0.00393678 0.00962553 0.0164153 0.00283274 0.00165896
5 0.0789662 0.851245 0.0133385 0.0124925 0.0371083 0.00360923 0.00324025
22 0.906065 0.0820182 0.0029037 0.000986298 0.00555959 0.00150533 0.00096194
0 0.00323745 0.0185444 0.00599861 0.00234218 0.960219 0.00897726 0.000681302
13 0.000196076 0.000170962 0.966718 0.000184956 0.00249225 0.020298 0.00994004
13 0.00419145 0.00183976 0.99108 0.000687538 0.00078162 0.0010291 0.000390283
5 0.068186 0.928925 0.000815803 0.000219345 0.0014979 0.000182747 0.000173085
11 0.00027788 0.000715335 0.0274254 0.00201426 0.00534339 0.941617 0.022607
0 0.0137385 0.0828596 0.0118036 0.0106754 0.873027 0.00522376 0.00267248
4 0.00730834 0.0179098 0.00767207 0.9257 0.0146942 0.0145102 0.0122055
4 0.0073618 0.0242493 0.00420735 0.936018 0.00981249 0.0134146 0.00493632
0 0.0312431 0.0539679 0.0141238 0.0144755 0.879897 0.00390163 0.00239149
13 0.000804567 0.0102703 0.959976 0.0049576 0.0106017 0.0106191 0.00277039
11 0.00166499 0.00631409 0.00918047 0.00430488 0.0134739 0.958653 0.00640901
11 0.000450738 0.000316642 0.00523333 0.0121311 0.0113006 0.961976 0.0085911
0 0.0164919 0.0795131 0.00294281 0.0184758 0.876085 0.00322931 0.00326245
13 0.00194261 0.000639274 0.982515 0.00173824 0.00383891 0.00193245 0.00739304
19 0.00330061 0.00343276 0.000879337 0.00735695 0.000903984 0.00073042 0.983396
0 0.0100693 0.0846502 0.00735645 0.00719148 0.888221 0.000905372 0.00160608
22 0.899224 0.0819341 0.00110811 0.00223652 0.0144586 0.00069208 0.000346767
13 0.000386973 0.0010732 0.970593 0.00218094 0.00672603 0.0113289 0.00771098
0 0.0313425 0.0545756 0.0138404 0.00108951 0.895928 0.00151966 0.00170479
22 0.930224 0.0284245 0.00130919 0.00516276 0.0324324 0.000791218 0.00165601
11 0.000806108 0.00337255 0.0059055 0.00183853 0.00175839 0.985241 0.00107788
19 0.00179664 0.00127949 0.00380263 0.0089039 0.000766522 0.019498 0.963953
22 0.69597 0.188024 0.0197355 0.02792 0.0586688 0.00507446 0.00460678
19 0.000354762 0.000121239 6.11402e-06 0.000295842 8.39386e-05 2.28157e-05 0.999115
19 0.00304971 0.00300549 0.000317284 0.010677 0.00550151 0.00554186 0.971907
22 0.934116 0.0304004 6.24713e-05 0.00238424 0.0322679 0.00022326 0.000545688
22 0.964089 0.0343456 7.83204e-05 9.43659e-06 0.00135032 1.57771e-05 0.000111661
5 0.0782233 0.914827 8.81064e-05 0.00045047 0.00603547 3.94839e-05 0.000335939
4 0.00709958 0.00849402 0.00927752 0.951703 0.0103735 0.0108312 0.00222134
11 0.000264231 0.00077395 0.0251634 0.00017848 0.00152081 0.96803 0.00406894
5 0.0774774 0.902803 0.00548022 0.000684344 0.0102207 0.00198771 0.00134709
4 0.0152698 0.0239761 0.000286022 0.948462 0.0102371 0.000381348 0.00138763
11 0.00289242 0.00315218 0.0131221 0.0177003 0.00472948 0.926115 0.0322887
19 0.00083456 0.0014772 0.000122515 0.00159679 0.000168788 5.93193e-05 0.995741
22 0.935434 0.0406364 0.00502782 0.0107376 0.00444003 0.0027684 0.000956182
4 0.00118914 0.00284039 0.00683218 0.941041 0.0121123 0.0115344 0.0244507
0 0.000889007 0.00318839 0.00650337 0.0128429 0.954327 0.00595439 0.0162945
5 0.077881 0.862137 0.0180436 0.00994084 0.0273674 0.0022405 0.00238954
4 0.0028073 0.0072619 0.00775105 0.929899 0.0298708 0.00551258 0.0168974
22 0.94006 0.0565679 0.000295972 0.00072171 0.00125347 0.000275062 0.000825996
11 0.00020045 0.000466526 0.0230752 0.000944114 0.00596429 0.936661 0.0326882
22 0.94732 0.0292293 0.000529739 0.000443619 0.02161 0.00041325 0.000453683
11 0.00626708 0.00787341 0.026156 0.0105221 0.012625 0.93274 0.00381637
4 0.0132357 0.0129648 0.00372945 0.924267 0.0287654 0.00188785 0.0151501
22 0.965929 0.0281725 3.62448e-05 0.000213524 0.00479646 0.000202617 0.000649538
19 0.00383082 0.00228914 0.0012018 0.0184092 0.00176464 0.00219325 0.970311
19 0.00341892 0.0107468 0.00871955 0.00316143 0.00986049 0.01398 0.950113
22 0.980896 0.0167225 1.04776e-05 6.04584e-05 0.00196377 4.05134e-05 0.000305892
4 0.00110024 0.00302356 0.0013522 0.953784 0.0111924 0.00967561 0.0198722
22 0.953461 0.0397958 0.00216934 0.000155325 0.00359231 0.000729627 9.675e-05
13 0.00167789 0.00814808 0.973247 0.000654168 0.00297339 0.010089 0.00321038
22 0.91032 0.0817117 9.14735e-05 0.000251308 0.0072453 8.50848e-05 0.000294905
0 0.000788607 0.00575054 0.000491032 0.000582094 0.992125 0.000174729 8.83265e-05
4 0.00657427 0.0036832 0.00467276 0.95606 0.0144457 0.00660001 0.00796379
5 0.0781246 0.914112 0.00033479 0.000132078 0.00575058 0.000644286 0.000901883
0 0.00901383 0.0160242 0.0092338 0.0198345 0.933378 0.00593531 0.00658044
22 0.889887 0.0819 0.000622766 0.00367335 0.0185154 0.00329527 0.00210595
0 0.0186268 0.0614511 0.000974844 0.00457627 0.913304 0.000450514 0.000616765
5 0.00523786 0.922128 0.0177909 0.00178496 0.0516993 0.000802391 0.000556034
11 0.000553178 0.000387217 0.00329189 0.00253464 0.000390525 0.988792 0.00405074
22 0.878637 0.0766749 0.0206568 0.00290855 0.0110727 0.00719337 0.00285694
11 0.00302835 0.00944781 0.00586336 0.0181147 0.0084381 0.937118 0.0179894
4 0.0145247 0.0280012 0.00193271 0.935262 0.0136594 0.00481906 0.00180089
11 0.00178412 0.000757224 0.0250902 0.00690423 0.00329001 0.956409 0.00576515
5 0.0665207 0.850599 0.0117343 0.00395368 0.0616055 0.00105739 0.00452915
22 0.970894 0.00524066 0.00198384 0.00798946 0.0114267 0.00129517 0.00117017
22 0.670264 0.309187 0.000163305 0.000279196 0.017627 0.000994192 0.00148519
22 0.902127 0.0818785 0.00348937 0.00155006 0.00458095 0.00371415 0.00266007
19 0.00156202 0.00221362 0.000231781 0.01827 0.000443974 0.00139283 0.975886
13 0.0132711 0.00890937 0.958701 0.00340689 0.00389953 0.00746027 0.00435164
13 0.000428879 0.000527634 0.969515 0.00879798 0.00798334 0.00804741 0.00469949
13 0.00643327 0.00788919 0.900448 0.0216275 0.0052246 0.0514765 0.00690052
5 0.0777423 0.887545 0.000399262 0.00256089 0.0290326 0.00068684 0.00203292
4 0.0130705 0.0173543 0.00336783 0.956022 0.00724964 0.00178285 0.00115275
22 0.95551 0.0357812 5.16604e-05 0.000592865 0.00783548 3.97144e-05 0.000189531
0 0.00201006 0.000915809 0.000488386 0.0281686 0.965693 0.000526168 0.00219794
5 0.045961 0.879418 0.00548844 0.00113666 0.0643201 0.0026952 0.000980196
5 0.0795446 0.880482 0.000336317 0.000762856 0.0373199 0.000443296 0.0011106
0 0.0149183 0.00428494 0.0102707 0.000143876 0.969696 0.00044734 0.000238587
22 0.91211 0.082158 0.000156375 0.000254629 0.00349192 0.000910434 0.000919071
11 0.00115314 0.00250211 0.0195327 0.0098778 0.00739688 0.956556 0.00298154
22 0.918026 0.0474696 0.0101268 0.00111308 0.0209977 0.0010249 0.00124179
5 0.0616916 0.877043 0.00115088 0.000422832 0.058304 0.00076859 0.000619191
13 0.00230541 0.00119517 0.965917 0.00533825 0.0030362 0.0199487 0.002259
22 0.907836 0.0823422 4.43881e-05 0.000117621 0.00898391 0.000298768 0.000376828
0 0.00473176 0.00538453 0.00509003 0.0165157 0.966541 0.000943183 0.000793519
11 0.00319541 0.00134201 0.027031 0.00466725 0.00368396 0.939538 0.0205427
19 0.00280958 0.00515364 0.00159235 0.00624213 0.00173935 0.003889 0.978574
19 0.000436381 0.00122743 0.00010539 0.00632014 0.00162137 0.00126979 0.989019
4 0.00832363 0.0176947 0.00753802 0.932081 0.0296413 0.00388988 0.000831649
22 0.890344 0.0796663 0.000142032 2.84559e-05 0.0295244 8.58796e-05 0.000209141
11 0.000677609 0.000683005 0.0123689 0.00599246 0.00541183 0.942101 0.0327651
13 0.00306295 0.000678462 0.994787 5.02023e-05 0.000389752 0.000809419 0.000222539
4 0.00398681 0.0318495 0.000942495 0.936473 0.0190304 0.00621342 0.00150417
5 0.00303506 0.993619 0.000622388 0.000156786 0.00184803 0.000454733 0.000264276
22 0.981702 0.00404911 0.00438524 0.00404441 0.00327922 0.00163821 0.00090196
0 0.000974588 0.000941813 0.00914996 0.0258418 0.955018 0.000847638 0.00722599
0 0.0317116 0.0704696 0.00295999 0.0042428 0.88783 0.000561189 0.00222472
5 0.0295732 0.866096 0.0381619 0.0141868 0.0413333 0.00763992 0.00300898
11 0.000528519 0.00061317 0.00422241 0.00108656 0.000871387 0.963243 0.0294346
22 0.904995 0.0821938 0.000348946 0.000433553 0.0105568 0.000568835 0.000903149
4 0.00836688 0.0239486 0.00247831 0.923946 0.0197168 0.0136922 0.0078512
11 0.00059877 0.000496877 0.027075 0.00112987 0.00686729 0.936139 0.0276933
11 0.00421819 0.0081068 0.0214682 0.0198536 0.00577754 0.930971 0.00960498
11 0.00226425 0.00553645 0.00558805 0.00423436 0.00859077 0.971994 0.00179201
11 0.00180671 0.00390047 0.0251766 0.00356061 0.00501485 0.958585 0.00195555
11 0.00357874 0.0102053 0.0255402 0.00360365 0.00760325 0.946309 0.00315992
13 0.00259625 0.00149504 0.973823 0.00131592 0.00340066 0.00847828 0.00889077
11 0.000556911 0.000737608 0.00182338 0.0158115 0.000383979 0.972935 0.00775115
19 0.00365606 0.00695654 0.00262254 0.0194344 0.00406418 0.0064574 0.956809
5 0.0775578 0.90098 0.000696538 0.0045556 0.0143774 0.000578176 0.00125499
5 0.0777061 0.901709 0.00104117 0.000661857 0.0152995 0.00239926 0.00118303
0 0.00221236 0.0142846 0.00263599 0.00104493 0.978729 0.000689712 0.000403808
22 0.871975 0.0792865 0.00642053 0.00573986 0.0290938 0.0045605 0.00292349
22 0.904325 0.0820153 0.000109541 0.01076 0.000636891 0.00138368 0.000769494
5 0.0774602 0.899221 0.000430742 0.000296771 0.0220672 0.000254601 0.00026906
22 0.894006 0.0814798 0.00397043 0.00993016 0.00399615 0.00430309 0.00231423
5 0.0734667 0.840858 0.0247635 0.00972209 0.0396714 0.00672281 0.00479526
13 0.00153556 0.00466123 0.951453 0.00782503 0.00353072 0.0207558 0.0102383
5 0.0780587 0.887664 0.000806953 0.00229191 0.029351 0.00086224 0.00096537
22 0.958239 0.0387254 0.000280443 9.51806e-05 0.00181675 0.000134252 0.000708943
13 0.00787933 0.00583965 0.958435 0.00154599 0.00135447 0.0207534 0.00419196
13 0.0123088 0.0241079 0.933473 0.00483515 0.00921469 0.0127738 0.00328651
11 0.00113896 0.0047457 0.00093289 0.000743967 0.00102475 0.990783 0.00063068
5 0.0220453 0.953158 0.00140241 0.00102362 0.0195379 0.00146756 0.00136541
13 0.0143557 0.02283 0.94565 0.00487965 0.00568104 0.00613081 0.00047321
22 0.886498 0.0402537 0.00416002 0.0215655 0.0351242 0.00347514 0.00892287
19 0.000687417 0.00187644 0.000405049 0.00380233 0.00310597 0.0161145 0.974008
22 0.901888 0.0818704 0.000591938 0.000938109 0.0130861 0.000767325 0.00085825
22 0.891452 0.0807471 4.34689e-05 0.000122559 0.0269537 0.000100512 0.000580968
22 0.912316 0.0824827 0.00127925 0.000259771 0.00294225 0.000248027 0.000471959
11 0.00146903 0.00174422 0.0273545 0.00345529 0.00900676 0.932416 0.0245543
13 0.00629715 0.00803652 0.963673 0.00484428 0.00887174 0.00463567 0.0036412
0 0.00205886 0.016248 0.0053509 0.0262109 0.916843 0.0213224 0.0119658
19 0.00327671 0.0040237 0.00570918 0.0163194 0.0185953 0.0194578 0.932618
19 0.0034089 0.00711832 0.00594378 0.0158887 0.0092661 0.0227854 0.935589
0 0.0301771 0.0523254 0.00229827 0.0038782 0.909432 0.00109447 0.000794716
0 0.00881682 0.00215683 0.0102341 0.0164892 0.956384 0.00223634 0.00368288
0 0.0208346 0.0143048 0.00417481 0.00927652 0.948887 0.00110345 0.00141872
4 0.000903494 0.00115002 0.000802792 0.988479 0.00188558 0.00123653 0.005543
4 0.00181107 0.00586291 0.00154125 0.973677 0.00230188 0.00591745 0.00888849
13 0.00667237 0.00654029 0.966589 0.00477444 0.00948546 0.00526271 0.000676222
22 0.912895 0.0824573 0.00132004 0.00049597 0.00149241 0.000773452 0.000565308
0 0.00283209 0.0851223 0.000318636 0.00174826 0.901962 0.00664192 0.00137442
0 0.00484743 0.0327044 0.0140177 0.0335485 0.882572 0.00962735 0.022683
13 0.00613699 0.00974942 0.960448 0.00403852 0.00957302 0.00751922 0.00253492
11 0.00322225 0.000915361 0.0201095 0.00650476 0.00603178 0.929233 0.033983
5 0.0659003 0.865052 0.00813036 0.0304214 0.0167016 0.0107168 0.00307782
5 0.0627159 0.904498 0.023349 0.00193356 0.00413534 0.00236915 0.000998988
22 0.935957 0.0135642 0.00651827 0.00527423 0.0306508 0.0037697 0.0042662
22 0.898213 0.0818463 0.00494245 0.00168737 0.00885804 0.00309792 0.00135482
13 0.00204328 0.0102748 0.974997 0.00115364 0.00656658 0.00405301 0.000911351
0 0.032629 0.0679005 0.000364708 0.00113737 0.896928 0.000661142 0.00037883
13 0.00302077 0.00150784 0.958773 0.00250196 0.00258061 0.0205591 0.0110568
13 0.00211714 0.00354978 0.962048 0.0102372 0.00232963 0.0137705 0.00594777
11 0.000244887 0.000363203 0.0019379 4.48531e-05 0.0013221 0.995514 0.000573397
13 0.0125492 0.0121739 0.937618 0.00680458 0.0115829 0.0171488 0.00212261
13 0.00175895 0.00571679 0.950851 0.0077162 0.00335018 0.0208928 0.00971409
4 0.00644016 0.0161258 0.00208496 0.929707 0.0302284 0.00156042 0.0138534
13 0.00288412 0.00155216 0.959794 0.00143996 0.00912015 0.0193827 0.0058272
13 0.00818662 0.0105981 0.944259 0.0113448 0.00264023 0.0221034 0.000868316
22 0.905398 0.082179 0.000395243 0.00573096 0.00350323 0.00224007 0.000553347
5 0.0433195 0.853533 0.0381291 0.0130458 0.0348245 0.0118483 0.00529938
22 0.971266 0.0254676 6.26313e-05 0.000353337 0.00252898 0.000122965 0.000198218
22 0.909263 0.0823349 0.000748877 0.00123359 0.00343334 0.00219723 0.000789363
22 0.998085 0.0012868 1.82046e-05 0.0001855 3.84206e-05 7.17644e-05 0.000314455
22 0.91447 0.0734312 0.000245059 0.000484006 0.0100223 0.000494011 0.000853283
4 0.0111684 0.0115995 0.000310064 0.965816 0.00586168 0.00277731 0.00246703
13 0.000177577 0.000211302 0.996224 0.000145761 0.00042004 0.00204173 0.000779635
13 0.00471012 0.0102992 0.929448 0.00457267 0.00952166 0.0220245 0.0194239
22 0.922858 0.0555868 0.00223147 0.00739703 0.0064999 0.0032873 0.00213968
13 0.00269781 0.0159225 0.950937 0.00402226 0.00418593 0.021314 0.000920488
22 0.880992 0.0804717 0.0014105 0.0121379 0.0180481 0.00290741 0.00403244
22 0.932237 0.0561862 0.00148988 0.000464701 0.00754764 0.00100021 0.00107431
0 0.000875543 0.00192541 0.00152846 0.00288226 0.992294 0.000105556 0.000388825
5 0.0761107 0.853231 0.00652219 0.023244 0.0281411 0.0103632 0.00238771
5 0.0777137 0.875856 0.00136711 0.0120527 0.0290251 0.00183182 0.00215375
5 0.0778375 0.875805 0.00149246 0.0123431 0.0287088 0.00192929 0.00188363
5 0.0662224 0.919605 0.000981656 0.000243856 0.0124118 0.000241351 0.000294182
13 0.000364983 0.000513535 0.953163 0.0155416 0.005261 0.020069 0.00508725
4 0.000524448 0.00180587 0.00124574 0.96457 0.0010889 0.00540054 0.025364
11 0.000740579 0.00488361 0.0256938 0.0122633 0.00341382 0.95014 0.0028649
19 0.00297655 0.00281869 0.00992533 0.00733813 0.00614466 0.0307338 0.940063
11 0.000113243 0.000210476 0.0137531 0.000145121 0.000288033 0.984315 0.00117519
11 0.000168768 0.00014949 0.0063457 0.00459929 0.00101764 0.969815 0.017904
0 0.0116593 0.0348344 0.00329065 0.0321954 0.907887 0.0062299 0.00390288
4 0.00323807 0.0106911 0.0103308 0.954275 0.0153282 0.00461701 0.00151951
19 0.000636697 0.00133528 0.0002336 0.00290461 0.000699058 0.000808527 0.993382
22 0.910321 0.0820329 0.000266039 0.000548369 0.00494258 0.00063435 0.0012549
13 0.000476563 0.000449085 0.981146 0.000727625 0.00671453 0.00333032 0.00715575
0 0.0640114 0.0477842 0.00971349 0.0103657 0.864495 0.00199522 0.00163463
19 0.00115352 0.00133655 0.000573202 0.0171583 0.00361289 0.00389583 0.97227
5 0.0573617 0.855823 0.00346047 0.0163304 0.0650858 0.00112178 0.000816703
22 0.886256 0.0525017 0.00614239 0.0100446 0.0379249 0.00356152 0.0035692
22 0.89045 0.0808832 0.0015049 0.000303195 0.0261195 0.000258434 0.000480564
5 0.0770278 0.893333 0.00133187 0.00154414 0.017557 0.00656641 0.00263988
22 0.8895 0.0817119 0.004782 0.00511139 0.0166116 0.00101157 0.00127177
5 0.053708 0.857479 0.00835629 0.0107799 0.0653979 0.00234483 0.00193451
11 0.000413426 0.000324436 0.0273487 0.00137851 0.00644736 0.940837 0.0232502
11 0.00543022 0.00892016 0.0260821 0.0112144 0.00826565 0.936501 0.00358614
11 0.000711401 0.00144128 0.00476924 0.0100471 0.00560303 0.948811 0.0286169
5 0.0030545 0.970777 0.0138995 0.00149238 0.00439273 0.004777 0.0016067
13 0.000250954 0.000376666 0.960107 0.00705769 0.00249373 0.0204368 0.0092772
19 0.000403731 0.000331118 0.000357397 0.0110696 0.000308872 0.0187551 0.968774
22 0.958913 0.018412 0.000560751 0.00286887 0.0180015 0.000484036 0.000760126
22 0.986825 0.00431469 0.000707913 0.00376107 0.00314773 0.000406885 0.00083658
5 0.00129423 0.993653 0.000272328 0.000214684 0.00304259 0.000343255 0.00117962
11 0.00464287 0.0101441 0.00205235 0.0172954 0.00864242 0.951963 0.00525962
13 0.00080064 0.00332767 0.967297 0.000921293 0.000621137 0.0204261 0.00660603
0 0.0245598 0.0813009 0.00660752 0.000737065 0.885396 0.000911793 0.000486954
4 0.0125202 0.0213603 0.00969162 0.929411 0.00788632 0.011748 0.00738221
22 0.916329 0.0828029 0.000127899 0.00012733 0.000499474 2.27194e-05 9.06319e-05
22 0.868053 0.0688601 0.00765006 0.0137806 0.0369508 0.00163624 0.00306878
0 0.0182431 0.0574106 0.0220231 0.00601445 0.880064 0.00738554 0.00885934
11 0.00285942 0.00221677 0.0265356 0.000854447 0.00407156 0.945817 0.017645
11 0.00769689 0.0107556 0.0262404 0.010522 0.00477686 0.939506 0.00050175
22 0.904367 0.0771142 0.0062462 0.00123279 0.00662347 0.0027302 0.00168611
11 0.00669623 0.00939331 0.0243615 0.017989 0.00253065 0.938423 0.000606722
11 0.000284 0.000285743 0.0100357 0.00299264 0.000621596 0.954814 0.0309662
4 0.0016445 0.00715696 0.00515726 0.953771 0.00274273 0.00996367 0.0195639
13 0.0174038 0.0124195 0.947674 0.00865752 0.011499 0.00189105 0.000455126
19 0.00336824 0.0057923 0.00994445 0.0159668 0.0080013 0.022414 0.934513
13 0.00879721 0.0178804 0.94979 0.00796572 0.00809648 0.00625898 0.00121085
19 0.0011803 0.00338034 0.00671879 0.00419742 0.0164437 0.0183304 0.949749
11 0.00511898 0.00857109 0.0254407 0.00724134 0.00792724 0.915234 0.0304668
5 0.0773118 0.842247 0.00931922 0.0149197 0.0437951 0.00872755 0.00367992
0 0.000661341 0.008446 0.00120106 0.0161076 0.953105 0.00348083 0.0169979
22 0.949914 0.013934 0.00309931 0.0105404 0.0160909 0.00361142 0.00281
22 0.871177 0.07794 0.0203619 0.00608198 0.0172672 0.00426209 0.00291035
5 0.329884 0.603256 0.03196 0.00827112 0.0233897 0.00193218 0.00130749
19 0.00235675 0.00263628 0.0202499 0.00822281 0.00786074 0.0152088 0.943465
