labels 22 5 4 13 0 11 19
22 0.961407 0.033665 0.000511724 0.000560973 0.0022422 0.000998887 0.00061439
5 0.10545 0.855101 0.0105226 0.00274148 0.0245973 0.00111337 0.000473832
4 0.00321578 0.0198121 0.944162 0.0123832 0.011143 0.0065176 0.00276621
13 0.000368444 0.000752503 0.000555366 0.987337 0.00367396 0.00605221 0.00126092
0 0.00701057 0.0514801 0.00878381 0.0160463 0.911879 0.00289834 0.00190214
4 0.00575174 0.0183147 0.93723 0.00803909 0.0244833 0.00400756 0.00217329
0 0.0140278 0.0504234 0.00141311 0.00163394 0.929673 0.00140054 0.0014287
13 0.00891651 0.015417 0.0098596 0.956999 0.00674637 0.00134472 0.000716401
0 0.00491764 0.0169796 0.011473 0.0153535 0.937194 0.00993743 0.00414523
13 0.000239444 0.00351901 0.000713291 0.963642 0.00156856 0.0274615 0.00285576
0 0.00496565 0.0328019 0.0040393 0.00951801 0.938028 0.0102443 0.000402916
5 0.0121256 0.987278 4.76109e-05 0.000154664 0.000256942 2.98571e-05 0.000107369
4 0.00199873 0.00283464 0.942645 0.00578713 0.0246829 0.00414583 0.0179054
11 0.000163427 0.000240689 0.000860023 0.00176702 0.000164314 0.988656 0.00814835
11 0.00162472 0.00174637 0.00100927 0.00702959 0.00512844 0.612585 0.370876
0 0.000535823 0.000765419 0.00160993 0.0122497 0.960852 0.0114731 0.0125137
4 0.00124931 0.00408626 0.9813 0.000670312 0.000246648 0.0070464 0.00540113
4 0.00613962 0.0190233 0.941881 0.0044681 0.0189212 0.00239843 0.00716849
4 0.0035883 0.0168905 0.93784 0.00503987 0.0202229 0.0123356 0.00408246
11 0.005682 0.00434033 0.0134515 0.0153065 0.00537158 0.926833 0.0290149
0 0.000341899 0.00150805 0.0103955 0.00556684 0.957714 0.00813107 0.016343
11 0.00116145 0.000608445 0.00335154 0.0194029 0.00461272 0.901799 0.0690638
11 0.00405962 0.00984024 0.00713017 0.0217311 0.00643403 0.938416 0.0123887
13 0.00196176 0.000244415 0.0023319 0.974304 0.00339185 0.0171495 0.000616751
4 0.00561442 0.0250955 0.952631 0.00183609 0.00263866 0.0108444 0.00134024
0 0.0115886 0.0565262 0.00471135 9.73232e-05 0.925883 0.000469143 0.000724454
4 0.000677436 0.0250507 0.962123 0.000478549 0.00301436 0.00659584 0.00206057
0 0.00179927 0.0161118 0.00927024 0.0140575 0.943797 0.00836877 0.00659557
0 0.0139346 0.0430041 0.004704 0.00452804 0.930559 0.00207797 0.00119231
22 0.94589 0.0477342 0.000131045 0.000379715 0.00556844 6.97362e-05 0.000226972
22 0.953843 0.0370889 0.00145481 0.000174238 0.00664201 0.000250489 0.000546545
0 0.00103693 0.00596322 0.00558951 0.00324043 0.972497 0.00925046 0.00242277
22 0.884807 0.100205 0.00129361 0.00171784 0.0106538 0.000750446 0.000571985
13 0.000671743 0.00034815 0.000312006 0.992154 0.00185362 0.00371956 0.000941163
5 0.0525122 0.846889 0.00627163 0.0118557 0.0751055 0.00458649 0.00277921
22 0.927785 0.0625956 0.000683792 0.00165555 0.00477369 0.00121464 0.00129203
11 0.000535179 0.000593959 0.00105226 0.00349257 0.000416994 0.961739 0.0321699
11 0.00224622 0.00225045 0.00659316 0.00287055 0.000420799 0.978464 0.00715464
13 0.000716687 0.000345897 0.000353356 0.992465 0.00148064 0.00200421 0.00263386
11 0.004314 0.00303272 0.00444477 0.0219022 0.00347877 0.900239 0.0625882
11 0.00188385 0.00210361 0.0101106 0.00947916 0.005853 0.921813 0.0487564
5 0.0693527 0.815528 0.0424287 0.0102119 0.0487478 0.00920199 0.00452877
19 0.0037987 0.00506748 0.0273736 0.00173569 0.0137618 0.0419071 0.906356
0 0.0118346 0.0541625 0.0125836 0.0030225 0.91688 0.00111895 0.000397474
13 0.00677133 0.0209154 0.0102652 0.936195 0.00770056 0.0156566 0.00249554
11 0.000527071 0.00127406 0.00691206 0.0215251 0.00179879 0.947643 0.02032
22 0.892978 0.10048 0.000526979 0.00115703 0.0036625 0.000614669 0.000581285
19 0.00121781 0.00202614 0.00145999 0.000167694 0.00294631 0.00402649 0.988156
22 0.893213 0.100885 0.000175463 0.00150979 0.00294157 0.000603055 0.00067223
0 0.0155386 0.0559781 0.00908934 0.00138206 0.911649 0.00364616 0.00271656
19 0.00372029 0.00317284 0.0266516 0.000689477 0.00542049 0.0415094 0.918836
4 0.010206 0.00258119 0.95284 0.00153381 0.0220789 0.00175164 0.0090087
19 0.00471977 0.0025422 0.0267647 0.0135843 0.0197257 0.0525564 0.880107
4 0.00191185 0.0139677 0.944217 0.00488101 0.0146636 0.00993209 0.0104271
13 0.00428366 0.00611038 0.0125832 0.9257 0.0138925 0.0268929 0.0105376
22 0.93631 0.0255767 0.0028922 0.0055751 0.0236622 0.00253888 0.00344467
22 0.927458 0.020243 0.0130128 0.00591537 0.0228754 0.0044983 0.00599749
5 0.107991 0.855037 0.000826399 0.000671341 0.0340675 0.000492962 0.000913844
19 0.000580884 0.000547829 0.00130819 0.00011301 0.000214266 0.00403674 0.993199
19 0.000174266 0.000232841 0.00412173 0.000917723 0.00115461 0.0661911 0.927208
19 0.00280857 0.00661465 0.00199973 0.000446098 0.000878769 0.00111435 0.986138
0 0.000119972 0.000169568 0.0192023 2.52832e-05 0.97899 0.000211992 0.00128048
22 0.897381 0.082792 0.000123757 0.00146772 0.0176092 0.000353313 0.000272892
22 0.860711 0.0836556 0.0320376 0.00447028 0.0105207 0.00455889 0.00404615
19 0.00380931 0.00388568 0.020246 0.000460636 0.00218471 0.00687818 0.962536
4 0.00879317 0.0299337 0.948124 0.000337637 0.00451784 0.00595422 0.00233949
13 0.00263923 0.00240498 0.0171917 0.930331 0.00691714 0.0254445 0.0150719
19 0.000964467 0.00122658 0.00242322 0.00420737 0.00976798 0.0873505 0.89406
5 0.106169 0.835363 0.00954602 0.0114925 0.0320903 0.00267027 0.00266893
13 0.00204677 0.00363939 0.0112292 0.961006 0.0050422 0.0131791 0.0038572
11 0.00158968 0.00209947 0.0109615 0.00811276 0.000639494 0.941179 0.0354183
11 0.00161298 0.0013456 0.0117265 0.0148885 0.00488254 0.957008 0.00853566
19 0.00438095 0.0066517 0.0127063 0.0142146 0.0110978 0.0861234 0.864825
5 0.0618478 0.882677 0.00389455 0.0118576 0.0360696 0.00226555 0.0013874
19 0.000473075 0.00108083 0.000240537 0.000360845 0.00105657 0.0128627 0.983925
19 0.000601137 0.00214125 0.00045862 0.000295152 0.000455338 0.00905292 0.986996
11 0.00319903 0.00057989 0.00415601 0.0263679 0.00476768 0.892504 0.0684252
13 0.00231039 0.00161938 0.0153702 0.94398 0.00335554 0.0281224 0.00524242
0 0.0107747 0.0339502 0.00735947 0.00113371 0.945578 0.000604038 0.000600243
5 0.101401 0.844998 0.0093688 0.0193609 0.0161537 0.00460542 0.00411157
5 0.0472384 0.810379 0.055017 0.00962144 0.0606746 0.00510836 0.0119616
4 0.00421013 0.00571845 0.935747 0.00632809 0.0204644 0.00906385 0.0184682
13 0.00873278 0.00638456 0.0124751 0.940675 0.00262657 0.0275441 0.00156157
19 0.00393971 0.00310746 0.00756006 0.00191726 0.0186232 0.00480811 0.960044
13 0.00135085 0.00280014 0.00108296 0.982501 0.0100299 0.00112383 0.00111121
13 0.0131291 0.0133782 0.00191245 0.960928 0.00546231 0.00294095 0.00224893
13 0.000763272 0.000373802 0.000178824 0.982524 0.00111784 0.00572998 0.00931226
13 0.00404882 0.00229364 0.00150063 0.948826 0.00773844 0.0265573 0.00903473
22 0.865532 0.0706652 0.0162129 0.00583749 0.0340529 0.00495897 0.00274094
22 0.895893 0.100791 9.95483e-05 5.65916e-05 0.00256793 0.000330401 0.000261279
11 0.00219137 0.00445985 0.00236553 0.0205098 0.00751407 0.950382 0.0125774
22 0.958014 0.0301187 0.00230633 0.000862429 0.0076944 0.000599131 0.000404773
11 0.000411355 0.000529115 0.0010932 0.0140348 0.00184279 0.977936 0.00415325
22 0.934826 0.0553858 0.000233431 7.31236e-05 0.00845358 0.000598226 0.000430275
0 0.0409479 0.0324071 0.00111268 0.000390821 0.924142 0.000518595 0.000480438
19 0.00229073 0.00175478 0.0109416 0.000541051 0.00288079 0.00233894 0.979252
13 0.0034906 0.00352139 0.00151936 0.984665 0.00157329 0.0038823 0.00134824
19 0.00273139 0.00648717 0.0103673 0.00882099 0.0106317 0.0874747 0.873487
22 0.987128 0.0106603 0.000680172 0.000152462 0.000737487 0.000300059 0.000341914
0 0.00032949 0.000249599 0.00408676 0.00850423 0.959235 0.0103921 0.0172028
13 0.000171758 0.000324845 0.00216145 0.948007 0.00271394 0.0288822 0.0177391
5 0.0340146 0.962426 0.000268363 0.000749559 0.00215704 0.000184355 0.000200476
19 0.00203898 0.00156125 0.00201219 0.0122447 0.00677116 0.0878798 0.887492
22 0.894973 0.100835 2.2992e-05 6.58214e-06 0.00401386 3.38513e-05 0.000115161
0 0.0113885 0.0353622 0.00317172 0.00100274 0.948223 0.000510428 0.000341714
5 0.238961 0.718831 0.000750112 0.0168746 0.019738 0.00325435 0.00159116
0 0.00948752 0.0366125 0.0142379 0.0128236 0.910858 0.0100087 0.00597185
19 0.000460151 0.000256474 0.00563061 5.26262e-05 0.00227762 0.00679832 0.984524
5 0.107005 0.879032 0.000369353 0.00697517 0.00492144 0.000767528 0.0009293
5 0.0119874 0.944341 0.00537254 0.0067675 0.0286153 0.00185822 0.00105808
13 0.00127638 0.000831495 0.000944973 0.964193 0.00401801 0.0265134 0.0022228
4 0.00126356 0.00498828 0.954408 0.00408239 0.00854223 0.00709692 0.0196187
11 0.00201553 0.00263581 0.00957533 0.00906057 0.00413875 0.944691 0.0278825
13 0.00109627 0.0012264 0.00473152 0.955465 0.00816528 0.0210174 0.00829833
13 0.000560749 0.000342873 0.00464384 0.937086 0.00597205 0.028802 0.0225923
22 0.865967 0.106687 0.00206929 0.00326309 0.0178453 0.00323085 0.00093738
22 0.945685 0.0490727 2.63606e-05 0.00167797 0.00318142 0.000189813 0.000167156
22 0.873901 0.0995398 0.00681694 0.000903148 0.0128813 0.00426282 0.00169519
22 0.884332 0.0424261 0.0272757 0.00841337 0.0272203 0.00502588 0.00530657
5 0.108847 0.88891 0.000482786 5.33834e-05 0.00132949 0.00012279 0.000254683
22 0.888925 0.0589479 0.00937957 0.00601917 0.0305563 0.00422936 0.00194289
22 0.881715 0.0567356 0.0171731 0.00460793 0.0318028 0.0037924 0.00417346
5 0.102944 0.858649 0.0106431 0.0116244 0.00512924 0.0086294 0.00238069
0 0.00291751 0.0586377 0.00146303 0.0117044 0.916831 0.00716322 0.00128322
11 0.00306604 0.00957168 0.00146718 0.0196622 0.00615143 0.957805 0.00227665
11 0.00490951 0.00831863 0.0104601 0.00382333 0.00130756 0.959441 0.0117397
22 0.876362 0.0997333 0.00753958 0.00534613 0.00613613 0.00227774 0.00260473
22 0.912787 0.0632375 0.00757529 0.00268481 0.0109308 0.00186732 0.000917625
22 0.896476 0.101039 2.50061e-05 7.69503e-05 0.00193079 0.000171142 0.000280665
13 0.00321288 0.0106529 0.0107717 0.95932 0.0105101 0.00471972 0.000813007
11 0.00649211 0.0110995 0.0145971 0.00849294 0.00772184 0.926584 0.025013
0 0.00119043 0.000892014 0.0111824 0.00204693 0.975079 0.0012205 0.0083886
13 0.00187661 0.00397764 0.00867252 0.941244 0.00821181 0.0285833 0.00743426
5 0.049286 0.836135 0.0140859 0.00753217 0.0825973 0.00487631 0.00548767
19 0.000352607 0.000201692 0.00555216 9.29748e-05 0.0021255 0.0289285 0.962747
11 0.000225711 0.000319938 0.000449391 0.0193258 0.00140225 0.976075 0.00220149
19 0.00235715 0.00358051 0.0194165 0.00825609 0.0133746 0.0458745 0.907141
11 0.00361021 0.00693272 0.00949863 0.00506474 0.00262738 0.962552 0.00971459
0 0.00167855 0.00297652 0.00716192 0.000121726 0.987056 0.000358228 0.000647485
5 0.106837 0.859908 0.00209897 0.00889518 0.0162693 0.00283788 0.00315438
4 0.00485573 0.00347265 0.96008 0.00357567 0.0236308 0.00130254 0.00308287
0 0.00707748 0.0536004 0.00945327 0.0114905 0.916096 0.00145935 0.000822846
19 0.0012729 0.00490065 0.00562946 0.000549465 0.00144318 0.0139276 0.972277
0 0.00945698 0.0310765 0.000375459 9.01536e-05 0.958801 0.000122239 7.80626e-05
5 0.0549929 0.875471 0.0273632 0.0125559 0.0251422 0.00338386 0.00109055
5 0.106216 0.813996 0.0130052 0.0103708 0.0469214 0.0047942 0.00469621
22 0.95231 0.0267188 0.000364926 1.61515e-05 0.0202087 0.000203172 0.000178722
19 0.000276994 0.000663001 0.00125608 4.84092e-05 0.000265397 0.00454183 0.992948
0 0.00357536 0.0318882 0.00107415 0.00934344 0.945786 0.00783103 0.000501354
22 0.888371 0.0946833 0.000894802 0.000172561 0.01425 0.000728477 0.000899467
22 0.965572 0.00363027 0.00229058 0.00315238 0.0204879 0.00119293 0.0036743
22 0.876492 0.0980499 0.00182752 0.00167716 0.0210874 0.000497253 0.000368735
19 0.00363086 0.00281298 0.0135997 0.0334549 0.0283753 0.0504069 0.867719
22 0.871121 0.0891963 0.00128831 0.000848114 0.0309765 0.00312133 0.00344828
13 0.00112819 0.00126367 0.00234526 0.964615 0.00142682 0.0273236 0.00189765
19 0.000631886 0.00158709 0.0165488 0.00396386 0.00485987 0.0849154 0.887493
4 0.00976122 0.0100599 0.958956 0.000479135 0.00852386 0.00703787 0.00518186
5 0.0522338 0.768287 0.0406417 0.00386912 0.122098 0.00884727 0.00402256
22 0.844548 0.143562 0.00137926 0.000908375 0.00850865 0.00034515 0.00074854
5 0.10764 0.878756 0.00055476 0.0019729 0.00922725 0.00114704 0.000702366
4 0.00512439 0.0139658 0.947078 0.00599304 0.0248363 0.00115668 0.00184598
4 0.00634008 0.00191461 0.965656 0.00584181 0.00254806 0.00807619 0.0096229
22 0.538115 0.396486 0.0214103 0.0261348 0.0106034 0.00369397 0.00355738
5 0.10682 0.819674 0.00990751 0.0161846 0.0382809 0.00539555 0.00373773
19 0.000881882 0.000796363 0.00499954 0.00905053 0.00219886 0.0880303 0.894042
22 0.896145 0.100971 0.000185998 0.000241103 0.00159821 0.000521474 0.000337323
22 0.947248 0.0485328 0.00163387 0.00053185 0.000569262 0.000779578 0.000704552
5 0.0541298 0.821782 0.0100859 0.0308527 0.0702665 0.0068885 0.00599428
5 0.383686 0.57814 0.0097684 0.000278081 0.0263539 0.00056865 0.00120577
5 0.0070292 0.954187 0.0119588 0.00034708 0.018504 0.00344043 0.00453337
11 0.000356252 0.000497848 0.00449764 0.0099756 0.00121445 0.908762 0.0746961
11 0.00124553 0.00109201 0.0137891 0.00822263 0.00543898 0.937828 0.0323834
11 0.00045812 0.000867897 0.00077425 0.0196607 0.000763872 0.972426 0.0050489
22 0.990341 0.00181092 0.0035655 0.00095526 0.00167445 0.000928215 0.000724512
11 0.000255993 0.000108761 0.000743627 0.0134074 0.00342814 0.906552 0.0755041
4 0.0089973 0.0154396 0.93853 0.0066747 0.0180606 0.00919242 0.00310578
13 0.0057084 0.00852425 0.0153229 0.939239 0.0094068 0.0191687 0.00262941
13 0.00266953 0.0208261 0.0135528 0.932832 0.0101514 0.0196502 0.000318531
11 0.000360839 0.000281075 0.000601314 0.00560779 0.000347596 0.969117 0.0236843
5 0.0502141 0.835815 0.0129765 0.012067 0.073739 0.0119441 0.00324419
5 0.0729019 0.802346 0.0213527 0.0153259 0.0757412 0.00768166 0.00465041
0 0.00559302 0.0573709 0.00204247 0.0028537 0.931318 0.000419681 0.000402015
11 0.00202203 0.000620951 0.00128299 0.0191214 0.00264039 0.900321 0.0739911
4 0.00182881 0.00315197 0.967713 0.00561297 0.00754609 0.00740545 0.00674125
22 0.986743 0.00929802 0.000129988 0.0013214 0.0013277 0.000519758 0.000660584
0 0.00441917 0.0239521 0.0151943 0.0167839 0.92028 0.011427 0.0079441
5 0.249644 0.704103 0.00697519 0.0107999 0.0235933 0.00303269 0.00185173
11 0.00136211 0.000448624 0.000244249 0.0193091 0.00184152 0.975244 0.00155057
22 0.894539 0.0467072 0.0130155 0.0216106 0.0180894 0.00402566 0.00201307
19 0.00285284 0.0064346 0.0233755 0.0019184 0.00670321 0.0378735 0.920842
11 0.00126946 0.00172273 0.00136522 0.0281943 0.000749129 0.903887 0.0628125
5 0.0410856 0.954644 0.000394632 0.000222975 0.00252486 0.000295588 0.000832108
22 0.866846 0.0879198 0.00816599 0.00170314 0.0314781 0.00256606 0.00132131
4 0.01525 0.0275644 0.943493 0.00393885 0.00795511 0.0015849 0.000213548
19 0.00399306 0.00467673 0.0218173 0.018125 0.0138587 0.0621689 0.87536
11 0.00366201 0.00826742 0.00742951 0.0295454 0.0105029 0.90269 0.0379024
0 0.00895023 0.0307827 0.0089359 0.000506034 0.949855 0.000456856 0.000512916
11 0.000141307 0.000158642 0.00164239 0.0103975 0.000350507 0.981995 0.0053146
5 0.0999244 0.860257 0.00335041 0.00143847 0.032658 0.00123297 0.00113841
13 0.000237847 0.000274563 0.000211687 0.957229 0.0012125 0.027711 0.0131236
22 0.894576 0.0418313 0.00198893 0.028389 0.0247932 0.00552345 0.00289771
0 0.0098645 0.0449838 0.0175465 0.00169275 0.922906 0.00230959 0.000696524
19 0.00403089 0.00618448 0.028765 0.00719379 0.010466 0.0517042 0.891656
19 0.00359421 0.00528044 0.0189518 0.0163068 0.025043 0.0793175 0.851506
0 0.0132511 0.0393317 0.00136647 0.000915142 0.944384 0.000517 0.000234859
13 0.00024216 0.000604129 0.00282073 0.960101 0.00917551 0.020632 0.00642463
13 0.00368647 0.000720168 0.00790181 0.958252 0.00885624 0.0106193 0.0099636
19 0.00357548 0.00528169 0.0289074 0.00912959 0.00466556 0.0598357 0.888605
0 0.00607341 0.0412382 0.0259515 0.0070492 0.911293 0.0032388 0.00515637
0 0.00845725 0.0174459 0.0108998 0.0003774 0.962014 0.000501522 0.000304528
4 0.000766967 0.00109139 0.978744 0.000281519 0.00282398 0.00120036 0.0150916
19 0.00344542 0.0060494 0.00647692 0.0355953 0.0178875 0.0838119 0.846734
22 0.892758 0.100694 0.00010591 8.01444e-06 0.00609919 8.29225e-05 0.000251316
19 0.000279333 0.000248459 0.0035549 2.08505e-05 0.000698832 0.00323049 0.991967
22 0.955425 0.0272868 0.0030871 0.000576571 0.0122064 0.00051726 0.000900438
19 0.00343165 0.00362899 0.00970444 0.0204812 0.0030205 0.0871185 0.872615
22 0.863889 0.111596 0.00172982 0.0026967 0.0192309 0.000551328 0.000306278
11 0.00101916 0.00157797 0.017211 0.00681758 0.00202182 0.92294 0.0484128
11 0.00555153 0.00504378 0.00200877 0.0195415 0.00758256 0.959241 0.00103113
13 0.00277833 0.000845548 0.00687253 0.952961 0.00699299 0.0279516 0.0015975
0 0.00120464 0.00956079 0.0199891 0.00225155 0.956967 0.00624904 0.00377779
19 0.000460845 0.000306164 0.007501 0.000767967 0.00143784 0.0290979 0.960428
0 0.0144823 0.0501088 0.00221913 0.00305933 0.927643 0.00214409 0.000343476
0 0.00501535 0.0292079 0.0222122 0.013538 0.911525 0.00749208 0.0110095
22 0.939223 0.0562871 0.000294963 0.000126649 0.00328744 0.000420315 0.00036066
22 0.879118 0.0697607 0.0187212 0.00630364 0.0202331 0.00331763 0.0025461
11 0.0049613 0.00679412 0.0116293 0.0100917 0.0217245 0.92128 0.0235193
22 0.891743 0.099074 0.00114976 0.000166888 0.0075463 0.000110432 0.000209977
22 0.854084 0.120187 0.0065401 0.00563852 0.00635275 0.00409853 0.00309898
11 0.0033103 0.00101017 0.00319038 0.00663726 0.00449726 0.905939 0.0754159
22 0.848858 0.0870885 0.011392 0.0202849 0.0180538 0.0113121 0.00301022
4 0.0036753 0.00489296 0.935508 0.00870593 0.0147665 0.0101219 0.0223294
13 0.00660565 0.00784204 0.0039684 0.951768 0.00666639 0.0131557 0.00999424
11 0.000438662 0.00167423 0.00509804 0.00623169 0.00082051 0.962079 0.0236582
22 0.944479 0.0175492 0.0208496 0.00021123 0.0149404 0.00051567 0.00145517
11 0.00304497 0.00229858 0.000930247 0.0117484 0.00556962 0.900983 0.0754252
11 0.000139808 0.000104111 0.000592392 0.0124441 0.00505381 0.906048 0.0756175
0 0.0120013 0.0554223 0.00931539 0.00941796 0.896247 0.01536 0.00223649
0 0.00596535 0.0558307 0.0095244 0.0157991 0.907009 0.00328518 0.00258641
5 0.135846 0.812399 0.0117469 0.000553388 0.0365115 0.000784955 0.00215861
22 0.995237 0.00204177 0.00124477 0.000929956 0.00018662 0.000133379 0.000226883
22 0.888987 0.0501149 0.0181939 0.00339986 0.0308381 0.00275036 0.00571585
13 0.00188485 0.00280581 0.00912574 0.934428 0.00997364 0.0287988 0.0129831
11 0.00343984 0.0119294 0.0162116 0.00956129 0.00616413 0.917716 0.0349777
0 0.0105745 0.0329902 0.006588 0.00144274 0.941609 0.00519332 0.00160242
13 0.00481479 0.00692343 0.00352697 0.960288 0.00185105 0.0211859 0.00140976
19 0.00354191 0.00616655 0.00818128 0.0109658 0.00914478 0.0872945 0.874705
13 0.00159391 0.0196928 0.0167011 0.931934 0.00676236 0.0217988 0.0015173
5 0.0771646 0.919621 5.93035e-05 0.00112559 0.00163566 0.000120176 0.000273228
22 0.871494 0.0994505 0.00891898 0.0019523 0.0136321 0.00317081 0.001381
5 0.106261 0.861394 0.00792108 0.00311997 0.0178755 0.00160827 0.00181993
22 0.890836 0.100537 0.000943879 0.00224794 0.0032009 0.00149348 0.000741045
0 0.00349203 0.0274779 0.00282937 0.00920674 0.944216 0.012001 0.000776579
13 0.000272521 0.000143624 0.00022675 0.953722 0.00242299 0.0283517 0.0148607
13 0.00644419 0.000996858 0.000592994 0.989523 0.000676295 0.00138009 0.000387036
5 0.108811 0.888131 0.000167045 0.000153125 0.00250613 0.000114419 0.000117528
11 0.000864374 0.00234977 0.00441677 0.0284368 0.00617928 0.905717 0.0520359
0 0.00734298 0.0590493 0.00564002 0.00736685 0.912199 0.00554229 0.00285961
4 0.00791214 0.0149803 0.938414 0.00741361 0.0143789 0.0120922 0.00480879
4 0.00875471 0.0277717 0.936982 0.00235747 0.00841294 0.0118719 0.0038489
0 0.03774 0.127653 0.0151645 0.0224119 0.785842 0.00753211 0.00365643
13 0.00155045 0.0128894 0.00805021 0.94171 0.0134493 0.0181521 0.00419873
11 0.0014625 0.00716231 0.00590551 0.0099447 0.0113282 0.949482 0.0147149
11 0.000487855 0.000482785 0.00760383 0.00715708 0.0103891 0.954789 0.0190906
0 0.00702757 0.0565644 0.0129491 0.00318786 0.912964 0.00452579 0.00278086
19 0.00360957 0.00219142 0.012656 0.00197948 0.00284425 0.0880555 0.888664
13 0.000970275 0.000341655 0.00255771 0.981422 0.00576455 0.00249767 0.00644624
19 0.00296513 0.00355649 0.00379877 0.000496846 0.000710049 0.00191412 0.986559
22 0.967028 0.00955531 0.000556108 0.0106501 0.00276324 0.0063357 0.00311204
22 0.885549 0.100258 0.00236673 0.000610882 0.0105667 0.000306751 0.000341982
13 0.000435909 0.00114797 0.00404011 0.947306 0.0088604 0.0272858 0.0109241
22 0.94021 0.0278144 0.00388096 0.00261691 0.0232669 0.0010775 0.00113333
11 0.00121722 0.00391318 0.00346609 0.0095321 0.00176251 0.976037 0.00407226
19 0.00185894 0.000818223 0.00555989 0.00142808 0.000429058 0.0882824 0.901623
22 0.748312 0.182882 0.0207035 0.0118513 0.0277655 0.00433766 0.00414757
19 0.000538861 0.000104933 0.000192684 6.84719e-06 9.78828e-05 0.000326089 0.998733
19 0.00350128 0.00256124 0.0129717 0.000473673 0.00463145 0.0273401 0.948521
22 0.939616 0.0318873 0.00279783 0.000177179 0.0247032 0.000313532 0.000505369
22 0.965668 0.0333658 1.12855e-05 2.15285e-05 0.000839524 1.47016e-05 7.88676e-05
5 0.108378 0.883962 0.000591873 6.06923e-05 0.00676683 4.43092e-05 0.000196289
4 0.0076694 0.00828185 0.954456 0.00759555 0.00940484 0.00944825 0.00314457
11 0.000356476 0.000777225 0.000292309 0.0228973 0.00159195 0.946131 0.0279532
5 0.107376 0.871416 0.000609658 0.0045035 0.0136338 0.00162566 0.000835847
4 0.0156547 0.0253917 0.948225 0.000279494 0.00898441 0.000350724 0.00111403
11 0.00185575 0.00236426 0.0177071 0.0100177 0.00395627 0.895458 0.0686412
19 0.00122283 0.00134059 0.00124 9.233e-05 0.000234393 0.000302047 0.995568
22 0.92698 0.0458542 0.0129246 0.00723382 0.00397812 0.00230842 0.000720662
4 0.000992152 0.00152082 0.954816 0.00552998 0.00902786 0.0103165 0.0177968
0 0.000399486 0.00152485 0.00972286 0.0077039 0.954889 0.00886266 0.0168975
5 0.106406 0.834329 0.00935898 0.0145148 0.0317955 0.00173523 0.00186062
4 0.00272047 0.00790331 0.936782 0.00839068 0.0252342 0.00518028 0.0137895
13 0.00752617 0.0152298 0.00353732 0.944952 0.00705004 0.0137281 0.00797656
22 0.914957 0.0825614 0.000764517 0.000218312 0.00058109 0.000302987 0.000615145
13 0.00519886 0.0141857 0.00348326 0.938115 0.00693023 0.0279064 0.00418007
11 0.000235701 0.000413797 0.00278759 0.019852 0.0053199 0.897593 0.0737976
22 0.943299 0.0397888 0.000930548 0.00112074 0.0140239 0.000577476 0.000259065
11 0.00589056 0.00832164 0.00878368 0.0208875 0.0126278 0.935368 0.00812113
4 0.0117305 0.0054356 0.942635 0.00433307 0.0230378 0.00178324 0.011045
22 0.937841 0.0499102 0.000461432 0.000184241 0.0107597 0.00037206 0.000471621
19 0.00409342 0.00184712 0.0202043 0.00112267 0.00245359 0.0109954 0.959283
19 0.00373536 0.00942046 0.00327134 0.0124276 0.00911174 0.0225332 0.9395
22 0.956562 0.039842 9.419e-05 1.34383e-05 0.00324215 6.60553e-05 0.000179761
4 0.000722299 0.00248949 0.964556 0.00094439 0.0065526 0.00868619 0.0160491
13 0.00260806 0.00576602 0.000595829 0.964821 0.00339583 0.0196075 0.00320535
22 0.891482 0.0999574 0.000334971 5.20265e-05 0.00788268 9.30126e-05 0.000197542
0 4.68901e-05 0.00289921 0.000191378 0.000228265 0.99635 0.000215879 6.83036e-05
5 0.0185036 0.876382 0.012235 0.0271007 0.0613441 0.00350377 0.000931253
4 0.00651847 0.00337534 0.95477 0.00463282 0.0118282 0.00758854 0.011287
22 0.861612 0.0960728 0.00265996 0.0200314 0.0132405 0.00349636 0.00288685
5 0.108713 0.886889 0.000117504 0.000113118 0.00324857 0.000302304 0.000616091
22 0.875454 0.099297 0.00422084 0.00035213 0.0165807 0.00278792 0.0013075
0 0.00733517 0.0581115 0.00157225 0.000223883 0.931687 0.000470624 0.00059929
5 0.00538675 0.908674 0.0020681 0.016684 0.0658637 0.000814272 0.000509451
11 0.000948762 0.000983016 0.00222651 0.0128562 0.000488689 0.916141 0.0663557
11 0.00227043 0.00894677 0.0122412 0.00433928 0.00573046 0.946613 0.0198589
4 0.0145124 0.0278248 0.938137 0.00259381 0.0119862 0.00404622 0.000899501
11 0.00310867 0.00119829 0.0101519 0.0253052 0.00301075 0.921134 0.036091
5 0.0795323 0.858436 0.00423958 0.0102364 0.0416834 0.00118272 0.00468989
22 0.960774 0.0169225 0.00813218 0.00428989 0.00785276 0.0012022 0.000826464
22 0.501589 0.47533 0.000465873 0.000332963 0.0203123 0.000857635 0.00111244
22 0.875338 0.0702319 0.00316287 0.0100486 0.0340214 0.00441794 0.00277952
22 0.885773 0.100096 0.00175439 0.00306153 0.00326615 0.0041176 0.00193145
19 0.00150223 0.00178176 0.00725892 0.000116642 0.000255754 0.00399373 0.985091
13 0.00924471 0.00308592 0.0028345 0.971057 0.00357312 0.00822488 0.00198027
13 0.000645671 0.000519276 0.00769567 0.964256 0.00956294 0.0123696 0.00495109
13 0.00592711 0.00647191 0.022909 0.9237 0.00587906 0.0272897 0.00782287
22 0.962579 0.0334024 2.03848e-05 0.000931936 0.00202981 0.000617508 0.000418785
5 0.107645 0.871414 0.00188798 0.000119667 0.0174496 0.000380071 0.00110361
4 0.0136256 0.0176442 0.95509 0.00309525 0.0076787 0.00202414 0.000842305
22 0.933002 0.0565617 0.000757825 3.1504e-05 0.0094445 4.0079e-05 0.000162754
0 0.000364447 0.000797601 0.0191881 0.000210874 0.977831 0.000446988 0.00116056
5 0.0532699 0.861882 0.00197717 0.00369608 0.0749545 0.00289548 0.00132515
5 0.122739 0.828062 0.000830671 0.000203169 0.0470542 0.000285268 0.000825497
22 0.893201 0.100477 0.000411081 9.97972e-05 0.00370965 0.00153461 0.000566822
11 0.00165657 0.00310821 0.0104487 0.0138238 0.00799445 0.945214 0.017754
22 0.891785 0.0797269 0.000760662 0.00612662 0.0192153 0.00121522 0.00117036
5 0.0692964 0.852525 0.000644571 0.00110386 0.0752523 0.000567812 0.000610576
19 0.00377264 0.00276778 0.0169199 0.0260553 0.00786337 0.0841969 0.858424
22 0.986849 0.00706867 0.000201073 0.00345551 0.000951267 0.000723089 0.000751047
13 0.00513699 0.00207879 0.00580312 0.94943 0.00490205 0.0274381 0.00521097
22 0.885771 0.100284 0.000200131 3.85019e-05 0.0131971 0.000278442 0.000230913
0 0.00284948 0.00881841 0.00905614 0.00523817 0.971974 0.00135446 0.000709048
11 0.0031307 0.00163468 0.00465931 0.0276904 0.00370816 0.9123 0.0468769
19 0.000622433 0.00108147 0.0110524 0.000114006 0.00304295 0.0114109 0.972676
4 0.00797426 0.0237038 0.938762 0.00489863 0.0214544 0.00261864 0.000588573
22 0.877939 0.0927952 0.000166732 0.000154559 0.0285823 0.000169918 0.000192329
11 0.000679323 0.00071018 0.00283442 0.00764827 0.00408167 0.847056 0.13699
13 0.00707337 0.00136169 9.88486e-05 0.988872 0.000577712 0.00163232 0.00038436
4 0.00405387 0.031906 0.944962 0.000403565 0.0135852 0.00344738 0.00164245
5 0.0068711 0.990126 0.000146832 0.000356328 0.00204002 0.000233808 0.000225463
22 0.984697 0.00329066 0.00416483 0.00460138 0.00144894 0.00118864 0.0006086
0 0.00080368 0.000751809 0.018983 0.0107447 0.960206 0.00126993 0.0072406
0 0.0148336 0.0495612 0.00204748 0.00147691 0.929931 0.000486715 0.0016629
5 0.0368719 0.851911 0.0136595 0.0357019 0.0509617 0.00814812 0.0027463
11 0.000619566 0.000486189 0.000986296 0.0021462 0.000735932 0.959621 0.0354048
22 0.890175 0.100524 0.000593733 0.000363301 0.00701497 0.000683568 0.000645591
4 0.00656743 0.0185516 0.945317 0.00224948 0.0136824 0.00948262 0.00414912
11 0.000781669 0.000723289 0.00111286 0.0198882 0.00642749 0.897574 0.0734929
11 0.00549053 0.00965581 0.0144563 0.0236849 0.00638549 0.92075 0.019577
11 0.00248665 0.00379331 0.00702273 0.00512438 0.00791855 0.968919 0.00473513
11 0.000331709 0.000266653 0.00245521 0.0267278 0.0013517 0.902428 0.0664387
11 0.00288782 0.0045912 0.00229725 0.0198518 0.0055014 0.956629 0.00824142
11 0.00405225 0.0104928 0.00461715 0.0209001 0.00814656 0.939577 0.0122146
13 0.00189566 0.00121426 0.000941495 0.970707 0.00344093 0.00973574 0.0120653
11 0.00116082 0.00140974 0.0111314 0.00248718 0.000589093 0.961699 0.0215233
19 0.00383923 0.00595838 0.0189232 0.00182403 0.0045528 0.0204325 0.94447
5 0.107635 0.872976 0.00379614 0.000267804 0.0141049 0.000378588 0.000842084
13 0.000861445 0.00329744 0.000246896 0.992635 0.000727351 0.00178088 0.000451227
5 0.107466 0.864483 0.00102097 0.000731214 0.0238644 0.00146317 0.000970367
0 0.000757025 0.00517503 0.000401725 0.00131744 0.991796 0.000393784 0.000159039
22 0.859772 0.0948515 0.00657948 0.00642217 0.0256348 0.00457523 0.00216434
22 0.951933 0.0343286 0.0110286 8.94696e-05 0.000822176 0.00117117 0.000626814
5 0.107738 0.869867 0.000224539 0.000336989 0.0213887 0.000226831 0.000218115
0 0.00544277 0.0213085 0.00039002 0.00268809 0.968589 0.00141011 0.000171339
22 0.874874 0.0993836 0.0125917 0.00343262 0.00334361 0.00457019 0.00180396
5 0.108287 0.792868 0.010238 0.0279077 0.0470763 0.00775299 0.00586946
13 0.00132338 0.0028178 0.00697032 0.939749 0.00360194 0.0287495 0.0167884
5 0.107994 0.877878 0.00112678 0.00014559 0.0119065 0.000482436 0.000466261
22 0.90767 0.0847824 0.000168675 0.000750113 0.00569767 0.000311444 0.000619918
13 0.00614783 0.00390799 0.000935727 0.957334 0.000926542 0.0275704 0.00317708
13 0.00961736 0.0200597 0.00211975 0.943902 0.00862984 0.0141681 0.00150377
11 0.00138305 0.00360209 0.000928853 0.00158419 0.00111711 0.985166 0.00621873
5 0.0274152 0.951715 0.000946597 0.00063397 0.016701 0.00141167 0.00117654
22 0.878936 0.0484367 0.0252339 0.00446974 0.0300968 0.00325182 0.00957524
19 0.00082102 0.00138835 0.018857 0.000594441 0.00414272 0.0743097 0.899887
22 0.889341 0.100267 0.00112628 0.000348409 0.00712932 0.00087276 0.000915322
22 0.878689 0.0970687 0.000170051 3.55204e-05 0.0235368 0.000115271 0.000384921
5 0.0153241 0.885985 0.0146271 0.00608519 0.0714998 0.00224913 0.00423014
22 0.894774 0.100863 0.000256521 0.000134771 0.00312351 0.000303424 0.000544576
11 0.00145476 0.00251639 0.00376152 0.028553 0.0100263 0.894686 0.0590017
13 0.00439313 0.00746575 0.00595862 0.964469 0.010945 0.00424362 0.00252444
0 0.00125508 0.0146113 0.0229822 0.00547968 0.92119 0.0232074 0.0112739
19 0.00346156 0.00359901 0.0223684 0.00997875 0.0250983 0.0736751 0.861819
0 0.0125277 0.0375838 0.0017226 0.000840247 0.946374 0.000523416 0.000428371
0 0.00312257 0.00285658 0.0123334 0.0131097 0.961967 0.0024001 0.00421084
0 0.00712063 0.0100162 0.0061385 0.001523 0.974004 0.000388641 0.00080892
4 0.00114886 0.00117849 0.987048 0.000766031 0.0016388 0.00153667 0.00668358
4 0.000660148 0.00304147 0.987863 0.000850349 0.00124826 0.00309391 0.00324317
13 0.00493423 0.00419298 0.00548689 0.970929 0.0107944 0.00327791 0.000385031
19 0.00372587 0.00488487 0.0260405 0.0111056 0.0092155 0.0826733 0.862354
22 0.894001 0.100736 0.000614523 0.00111882 0.00262566 0.000529745 0.000373851
0 0.00264608 0.0595238 0.0017434 0.000585002 0.92607 0.00804809 0.00138408
0 0.00463588 0.0265456 0.0232647 0.0118127 0.898517 0.0142547 0.0209692
13 0.00525788 0.00741914 0.00454778 0.943501 0.0127624 0.0236106 0.00290145
22 0.974503 0.0115202 0.00689514 0.00124909 0.00445711 0.000830096 0.00054549
11 0.00345135 0.000639281 0.00242626 0.0155019 0.005266 0.897723 0.0749922
5 0.0952109 0.84311 0.0332891 0.00595942 0.0134004 0.00724116 0.00178906
22 0.948188 0.0163427 0.00691449 0.00622158 0.0149511 0.00367692 0.00370493
22 0.88816 0.100463 0.00130772 0.0018 0.00444583 0.00270784 0.00111596
13 0.00429258 0.0155813 0.000872148 0.966391 0.00576609 0.00610179 0.00099461
0 0.0141082 0.0425129 0.000671385 0.000240874 0.941846 0.000399944 0.000221112
13 0.00309139 0.00182631 0.00157026 0.948698 0.00250363 0.0277413 0.0145691
22 0.894601 0.0546273 0.0124202 0.00465284 0.0269235 0.00359938 0.00317583
13 0.00349263 0.00679638 0.0100762 0.93926 0.00320948 0.0276335 0.00953139
11 0.000376918 0.000343872 9.94187e-05 0.00198847 0.00139122 0.993064 0.00273579
13 0.0045964 0.00864075 0.00861824 0.926363 0.00817109 0.0291969 0.0144132
13 0.00956349 0.0113119 0.00682308 0.93249 0.0116195 0.0245661 0.00362564
13 0.000830995 0.00335726 0.00787043 0.945482 0.00336902 0.0280308 0.011059
4 0.00604313 0.0147718 0.93837 0.00183283 0.0251146 0.00166616 0.012201
13 0.00466078 0.00240699 0.00197957 0.949645 0.010047 0.0270863 0.0041748
13 0.00653589 0.0103036 0.0109002 0.939924 0.00295559 0.0284801 0.000900845
22 0.944798 0.0415592 0.00153009 0.000738512 0.0105524 0.00027881 0.00054347
5 0.0485866 0.840848 0.01583 0.0331363 0.0390162 0.0161716 0.00641104
22 0.950605 0.0196588 0.00104222 0.00799334 0.0153316 0.00367247 0.00169693
22 0.949971 0.0406827 0.000846381 0.000228688 0.00786573 0.000175205 0.000229843
22 0.870343 0.12315 0.00172745 0.000648075 0.00221322 0.00127913 0.000639419
22 0.993592 0.00575693 0.000244138 3.34266e-05 0.00011463 9.73298e-05 0.000161104
22 0.937061 0.0504986 0.000538035 0.000209018 0.010485 0.000644201 0.000564342
4 0.0117001 0.0116259 0.965875 0.000269386 0.00504125 0.00417656 0.0013117
13 0.000303993 0.000209677 0.00011612 0.99297 0.00059367 0.00497766 0.000829061
13 0.0024654 0.00725186 0.00420025 0.923131 0.0109488 0.027052 0.0249511
22 0.921663 0.0598753 0.00769803 0.000899003 0.00507702 0.00351284 0.00127496
13 0.00527329 0.0196618 0.00260351 0.944408 0.00284571 0.024175 0.00103226
22 0.875136 0.099195 0.0102657 0.000969869 0.00833066 0.00214244 0.0039603
22 0.888119 0.0951691 0.000840393 0.00103479 0.0131884 0.000986277 0.000662552
5 0.0839442 0.79683 0.0142234 0.0238526 0.0695378 0.00614542 0.00546704
5 0.10437 0.825001 0.0251271 0.00336351 0.030554 0.00968156 0.00190293
5 0.107109 0.844105 0.0115471 0.00103771 0.033068 0.00153367 0.00159916
5 0.107029 0.843127 0.012599 0.00167261 0.0322363 0.00180824 0.00152781
5 0.0579196 0.9319 0.000284062 0.000476541 0.00896221 0.000262555 0.000195267
13 0.000528695 0.000860525 0.0142945 0.942986 0.00515002 0.0283528 0.00782701
4 0.000475273 0.00129391 0.968648 0.000911813 0.000784068 0.006379 0.0215081
11 0.00117963 0.00583795 0.0089758 0.0205931 0.00468378 0.947446 0.0112842
19 0.00287854 0.00170791 0.007922 0.0124649 0.00632054 0.0875141 0.881192
13 0.00346606 0.00558006 0.00230717 0.977434 0.00237782 0.00581313 0.00302145
11 0.000213529 0.000650712 0.000491408 0.00643487 0.000644813 0.975619 0.0159456
11 0.000302705 0.00038778 0.00473732 0.00669841 0.00112205 0.934092 0.0526597
0 0.00519681 0.0173652 0.0209456 0.00389873 0.942375 0.00682993 0.0033885
11 0.00277312 0.00739105 0.0111913 0.026675 0.00415863 0.907385 0.0404256
13 0.00784214 0.0101929 0.0178257 0.918428 0.00962515 0.0236483 0.0124382
4 0.00333393 0.0117274 0.954782 0.0102236 0.0137289 0.00425871 0.00194545
19 0.000599354 0.000882013 0.000583588 8.38092e-05 0.000498643 0.00167164 0.995681
19 0.00209593 0.00530741 0.0101118 0.01215 0.00392559 0.0873985 0.879011
22 0.890842 0.0998925 0.000696516 0.000455276 0.00652101 0.000771801 0.000820753
13 0.0012263 0.00387851 0.00169766 0.977048 0.000909039 0.0140381 0.00120271
13 0.000736881 0.000632853 0.00122862 0.960796 0.00949459 0.0120782 0.0150332
0 0.0231816 0.0381097 0.00734356 0.00625174 0.92299 0.00144781 0.000675188
19 0.00106819 0.000793118 0.0231553 0.000516524 0.0047131 0.0265867 0.943167
5 0.0961005 0.815602 0.0150252 0.0026008 0.0697442 0.000357277 0.000569601
22 0.889418 0.0556282 0.0116586 0.0067866 0.0289672 0.00418573 0.00335541
22 0.888329 0.0827745 0.000264004 0.000798758 0.0269381 0.000405301 0.000490079
5 0.10687 0.861937 0.00228786 0.0011813 0.019458 0.00575464 0.00251176
0 0.0118917 0.0481544 0.0171216 0.00550592 0.90737 0.00576802 0.00418812
22 0.886891 0.100125 0.00337653 0.000852274 0.00626987 0.000977385 0.00150769
22 0.975175 0.0199631 0.000340289 0.000467508 0.00288924 0.000518349 0.000646878
5 0.0569317 0.849825 0.00930202 0.00462981 0.0762391 0.00173537 0.00133726
11 0.000546876 0.000484702 0.00147146 0.0237769 0.00553131 0.910054 0.0581352
22 0.872271 0.0993072 0.00201095 0.00634197 0.0148001 0.00320905 0.00205926
11 0.0011596 0.00283037 0.0168969 0.00712313 0.00858592 0.897235 0.0661688
5 0.00298539 0.980717 0.00130617 0.00948731 0.00239367 0.00171095 0.00139918
5 0.0250039 0.863409 0.0194113 0.00720225 0.0693005 0.0115494 0.00412348
13 0.000184178 0.000437821 0.00758393 0.90863 0.00345431 0.0663584 0.0133509
19 0.000777181 0.000489792 0.0249676 0.0012195 0.000732068 0.0699156 0.901898
22 0.92396 0.0550991 0.00442404 0.000711298 0.0143739 0.000768479 0.000663656
22 0.982567 0.0111769 0.00301213 0.000884731 0.000976346 0.000481799 0.000901122
5 0.00445284 0.992924 0.000216028 9.84995e-05 0.00107654 0.000161562 0.00107085
11 0.00452722 0.00919057 0.00983381 0.0018074 0.00823169 0.961233 0.00517615
13 0.000930502 0.00174064 0.000450675 0.965219 0.000335176 0.0275173 0.00380637
0 0.00896023 0.0580015 0.000644795 0.00471515 0.926892 0.000590323 0.000195916
4 0.0103975 0.0163001 0.94206 0.00880696 0.00666274 0.01093 0.00484276
22 0.928832 0.0688745 0.000207507 7.80148e-05 0.00190366 2.03906e-05 8.36029e-05
13 0.00387753 0.0184072 0.0108859 0.925798 0.0138967 0.0234645 0.00367028
22 0.874304 0.06342 0.0149278 0.00862286 0.0332636 0.00220954 0.00325222
0 0.0086804 0.0439745 0.0051692 0.0197833 0.910756 0.00628837 0.0053481
11 0.00420926 0.00242006 0.0016919 0.0227437 0.00573561 0.924373 0.0388266
11 0.00742259 0.00907 0.00796416 0.0206252 0.00431638 0.947337 0.00326466
22 0.885992 0.100214 0.00129594 0.00553596 0.00348734 0.00217849 0.00129651
11 0.000291951 0.000449938 0.00193834 0.00484025 0.000410064 0.916762 0.075308
4 0.000918147 0.00464221 0.96558 0.00440086 0.00156151 0.00873969 0.0141574
13 0.0112545 0.0128164 0.00458042 0.957972 0.0109751 0.00212437 0.00027767
19 0.00327678 0.00323057 0.0134277 0.0128576 0.00829116 0.0872415 0.871675
19 0.00134757 0.00277577 0.00549745 0.0043008 0.025408 0.0808429 0.879828
11 0.00493102 0.00807217 0.00742952 0.0268361 0.0093727 0.880414 0.0629449
11 0.00200747 0.0014093 0.00764739 0.0485225 0.00540275 0.871865 0.0631459
5 0.103768 0.813784 0.0142818 0.00675145 0.0504045 0.00761703 0.0033931
0 0.000570501 0.00410874 0.0124684 0.000839226 0.961068 0.0040636 0.0168818
22 0.941801 0.0286206 0.0100384 0.00329909 0.0106652 0.00388324 0.00169214
22 0.856358 0.0957398 0.00610978 0.0206082 0.0147206 0.00399023 0.00247336
22 0.616053 0.353471 0.00507918 0.00958255 0.0143422 0.000671484 0.000800995
19 0.00194818 0.00169238 0.00737745 0.0261176 0.00898607 0.084931 0.868947
