labels 22 5 13 4 0 11 19
22 0.923279 0.0629408 0.00517164 0.00122352 0.00408773 0.00149453 0.00180329
22 0.950825 0.0438255 0.000514876 0.000494777 0.00326253 0.000554682 0.00052302
5 0.0505136 0.918174 0.00129517 0.00538884 0.0235805 0.000673484 0.000374755
13 0.00386383 0.0079766 0.970143 0.0045128 0.00777556 0.00501406 0.000713708
4 0.00303662 0.01151 0.005943 0.966306 0.00459204 0.0054865 0.00312629
13 0.00107695 0.00168 0.977734 0.000656674 0.00501009 0.0107249 0.00311758
0 0.00491683 0.0442763 0.00609283 0.00553049 0.932346 0.00277525 0.00406246
11 0.00547776 0.00779604 0.0109664 0.0093454 0.00525723 0.953726 0.0074311
4 0.00355761 0.0106257 0.00254129 0.970617 0.00879054 0.00250316 0.00136473
0 0.00994586 0.0432877 0.000962446 0.00102897 0.942696 0.000672827 0.00140641
13 0.00966623 0.0141403 0.964372 0.00493895 0.00506448 0.00101762 0.000800516
0 0.00583055 0.0131092 0.00546401 0.00577321 0.960209 0.00596933 0.00364496
13 0.000575048 0.00584349 0.976384 0.000804285 0.002585 0.010802 0.0030061
0 0.0090561 0.034948 0.00493532 0.00408149 0.940614 0.00583847 0.000526995
5 0.0137627 0.983196 0.000385087 0.000159852 0.00199312 0.000138892 0.000364163
4 0.00183852 0.00293672 0.00251787 0.96318 0.00961609 0.00365503 0.0162558
11 0.000372624 0.000525845 0.00359062 0.00178726 0.000246474 0.976533 0.0169445
19 0.00184023 0.00339385 0.00443854 0.000802729 0.00321338 0.0645992 0.921712
0 0.000349003 0.00250874 0.00355208 0.00146008 0.977237 0.00600008 0.00889292
4 0.0015788 0.00417539 0.00113866 0.975837 0.000627576 0.00812789 0.00851489
4 0.00406774 0.0140487 0.00319644 0.958381 0.00964283 0.00273302 0.00793013
4 0.00295074 0.0102699 0.0023133 0.965241 0.00869273 0.0079281 0.00260465
11 0.00404711 0.00398281 0.0105553 0.0165486 0.0048105 0.934286 0.0257696
0 0.000176902 0.00209196 0.00109865 0.0050612 0.976204 0.00323683 0.0121304
11 0.000527006 0.000723383 0.00996937 0.00173688 0.00347221 0.917626 0.0659448
11 0.00257992 0.00564403 0.00991448 0.00611886 0.00459282 0.962596 0.00855428
13 0.0034182 0.000829782 0.976237 0.00244306 0.00459149 0.0109657 0.00151451
4 0.00574559 0.0161292 0.00117953 0.964996 0.0016796 0.00893124 0.00133863
0 0.0111373 0.0449788 4.62992e-05 0.00430205 0.938483 0.000292929 0.000759762
4 0.00105869 0.0149798 0.000460239 0.97074 0.00176908 0.00782531 0.00316647
0 0.00172234 0.0212023 0.00613799 0.00743393 0.951263 0.00539886 0.00684119
0 0.0156197 0.0370823 0.00424409 0.00446393 0.93574 0.00166106 0.00118853
0 0.00095896 0.00673141 0.00132888 0.00481871 0.979596 0.00412488 0.00244133
22 0.920285 0.0628553 0.00456791 0.00116846 0.00932121 0.00117981 0.000622518
13 0.000323632 0.000365805 0.994994 0.000266873 0.000899011 0.00228892 0.000861569
5 0.0205991 0.92308 0.00424866 0.00226024 0.0465909 0.00182039 0.00140104
22 0.933422 0.0559034 0.00159426 0.000632493 0.00609608 0.00128784 0.00106402
11 0.00197196 0.00230482 0.00414513 0.00853832 0.000723932 0.971857 0.0104592
13 0.000310824 0.000362009 0.992108 0.000444675 0.0010806 0.00211974 0.003574
22 0.960483 0.0377528 0.000263116 6.15538e-05 0.00109286 0.000138649 0.000207651
11 0.00323198 0.00301223 0.0180014 0.00619947 0.00342001 0.90905 0.0570853
11 0.00262496 0.00264817 0.0145879 0.0116584 0.00552954 0.91331 0.0496415
5 0.0432755 0.889388 0.00610133 0.0215336 0.028795 0.00807557 0.0028308
19 0.00208166 0.00375078 0.0010926 0.017424 0.00872957 0.0384284 0.928493
0 0.0139452 0.0425358 0.00114689 0.00748906 0.933948 0.000619741 0.000315331
13 0.00542893 0.0156491 0.96282 0.00539217 0.00426879 0.00549644 0.000944366
11 0.000398197 0.000812931 0.0105615 0.00487322 0.00092642 0.968105 0.0143228
22 0.932122 0.0632268 0.000540809 0.000349493 0.00281928 0.00048444 0.000457205
19 0.00168304 0.00314095 0.000312378 0.0051539 0.00573769 0.0112098 0.972762
22 0.932575 0.0633307 0.000282521 0.000123594 0.00262508 0.000343372 0.000720086
0 0.0138976 0.0434857 0.000445112 0.00466745 0.934601 0.00109152 0.00181205
19 0.00267312 0.00368801 0.000522343 0.0171443 0.0040264 0.035638 0.936308
4 0.00630798 0.00201143 0.00107539 0.970809 0.00786332 0.00166031 0.0102727
4 0.00181188 0.00688822 0.00257086 0.966957 0.00548743 0.00806931 0.00821507
13 0.0033432 0.00535204 0.959664 0.00661472 0.00796354 0.0110678 0.00599504
22 0.929851 0.0325499 0.00510865 0.00449522 0.022619 0.00246878 0.00290707
5 0.0507642 0.923502 0.000423131 0.000464796 0.0236532 0.000302859 0.000890132
22 0.909802 0.062416 0.00474744 0.00383014 0.0160003 0.00232526 0.000878835
19 0.000828348 0.000825946 0.000296154 0.0024774 0.00148073 0.00941719 0.984674
19 0.000343218 0.000397456 0.000428165 0.00720175 0.00101849 0.0632755 0.927335
19 0.0029629 0.00555631 0.000983557 0.00752608 0.00504767 0.0107844 0.967139
22 0.922679 0.0574262 0.00152959 0.000363032 0.0169814 0.000430441 0.000589931
22 0.904954 0.0545272 0.00333612 0.0210332 0.00919968 0.00368033 0.0032699
19 0.00270284 0.00368122 0.000753205 0.0120243 0.00397945 0.0158506 0.961008
4 0.00719308 0.0179668 0.000261182 0.964562 0.00287293 0.00519238 0.00195202
11 0.000890287 0.00212495 0.00859395 0.00426598 0.00411042 0.97425 0.00576444
5 0.0504237 0.91113 0.00532361 0.00493795 0.0227577 0.00277206 0.00265526
13 0.00220643 0.00299174 0.969676 0.00738095 0.00298752 0.0112919 0.00346505
11 0.00217907 0.00353606 0.00853988 0.0129776 0.00132398 0.930554 0.0408899
11 0.00167522 0.00115092 0.00617101 0.0120914 0.00440912 0.961897 0.0126053
19 0.0033059 0.00488943 0.00539576 0.00817767 0.00685685 0.0635883 0.907786
5 0.0463011 0.910166 0.00752871 0.00175903 0.0320756 0.00156073 0.000608735
19 0.00052468 0.00100879 0.000229146 0.000593597 0.000606897 0.0106397 0.986397
19 0.000792569 0.00220967 0.000277686 0.000474802 0.000505238 0.00927186 0.986468
11 0.00199704 0.000586575 0.0128772 0.00455989 0.00337426 0.910265 0.0663399
13 0.00242525 0.00153955 0.970808 0.00811307 0.00171337 0.0114726 0.00392816
0 0.0130462 0.0247522 0.000675842 0.00396044 0.956461 0.000399072 0.000705724
5 0.0164163 0.921567 0.0034608 0.0204327 0.0287856 0.002525 0.00681228
4 0.00313943 0.00456237 0.00259941 0.961589 0.00924807 0.00662771 0.0122342
13 0.00688051 0.00529455 0.963951 0.00825675 0.00219644 0.0121749 0.00124582
5 0.0468016 0.915129 0.0157607 0.00140529 0.0160312 0.00359516 0.00127656
19 0.00207317 0.00314 0.000596731 0.00751288 0.00746452 0.00228112 0.976932
13 0.002838 0.00389729 0.982735 0.000993352 0.00622636 0.00174745 0.00156282
13 0.0122058 0.0118554 0.966122 0.00251668 0.00309797 0.0028966 0.00130541
13 0.000276685 0.000378898 0.985007 0.000138636 0.000947141 0.0063365 0.00691556
4 0.0035183 0.0050457 0.00307035 0.966177 0.00262154 0.00883426 0.0107327
13 0.00158224 0.00212046 0.973454 0.00094465 0.0058474 0.0108692 0.00518243
22 0.905083 0.0513693 0.00394673 0.00805493 0.0257148 0.00387591 0.00195565
22 0.931896 0.0633135 0.000259856 0.000338487 0.0018949 0.000792669 0.00150484
13 0.00375411 0.00502553 0.967466 0.00515641 0.00566781 0.0116577 0.00127191
11 0.00279115 0.00530897 0.0165096 0.00467698 0.00928305 0.921591 0.0398387
22 0.962107 0.0208575 0.00142982 0.00591103 0.00761896 0.000707574 0.00136827
22 0.951207 0.0353831 0.000248859 0.000570783 0.0106038 0.00072096 0.00126501
0 0.0130317 0.0249621 0.000272188 0.00189395 0.958706 0.000446794 0.000687578
19 0.00281465 0.00212508 0.000786474 0.00679651 0.00375882 0.00560416 0.978114
13 0.00551319 0.00505956 0.979002 0.00232419 0.00238591 0.00429343 0.00142183
19 0.00235525 0.00446275 0.00323325 0.00627411 0.00689259 0.0643272 0.912455
22 0.990866 0.00719613 0.00012482 0.000580011 0.000626097 0.000249948 0.000357311
13 9.18365e-05 0.00030145 0.975886 0.00185335 0.00114188 0.0114106 0.00931481
5 0.0342533 0.961763 0.00181689 0.000469564 0.00117596 0.000186697 0.000334873
19 0.00250553 0.00292466 0.00446221 0.00137343 0.00343012 0.0645159 0.920788
22 0.928949 0.0632397 5.52229e-05 0.000109846 0.00689727 0.000118585 0.00063061
0 0.0150787 0.028819 0.000544908 0.00188836 0.953113 0.000330387 0.000225377
5 0.0507448 0.91913 0.00405806 0.000603119 0.0218448 0.00261025 0.00100924
0 0.00991566 0.0263039 0.00903568 0.00881432 0.935062 0.00627978 0.00458906
19 0.000428246 0.000293166 3.74473e-05 0.00511213 0.00193961 0.00810134 0.984088
5 0.0264111 0.907999 0.00608239 0.00915969 0.0461066 0.00254646 0.00169473
13 0.00060781 0.00086056 0.979223 0.000858536 0.00607811 0.0101586 0.00221298
4 0.00110326 0.00339737 0.00212137 0.965257 0.00385763 0.00707761 0.0171857
13 0.00088038 0.000845123 0.976337 0.00216735 0.00487573 0.010966 0.0039289
22 0.915794 0.0621055 0.00124262 0.000804475 0.0174893 0.00195822 0.000605605
22 0.973128 0.0233981 0.000949033 2.93654e-05 0.00207716 0.000142911 0.000275067
22 0.91359 0.0629428 0.0012578 0.00538181 0.0113616 0.0031601 0.00230546
22 0.920288 0.02863 0.00554415 0.0158078 0.0220357 0.00380793 0.00388613
5 0.0496004 0.947478 0.000113376 0.0003599 0.00172456 0.00018124 0.000542974
22 0.917867 0.042088 0.00440277 0.00639557 0.0250662 0.00276892 0.00141131
22 0.901273 0.0510176 0.00303992 0.0139743 0.0255647 0.0024944 0.00263586
5 0.049414 0.919911 0.00510041 0.00483576 0.0129523 0.00557756 0.00220877
0 0.00384288 0.0436156 0.00638912 0.000971595 0.93847 0.00524075 0.00146975
11 0.00221227 0.00515952 0.00845884 0.00139914 0.00442453 0.976192 0.00215416
11 0.00333418 0.00543054 0.00348215 0.0122376 0.00139754 0.960056 0.0140619
22 0.913606 0.0629357 0.00350181 0.00537109 0.0107169 0.00211139 0.00175725
22 0.920113 0.0617511 0.00234223 0.00609611 0.00628077 0.00218814 0.00122908
22 0.931468 0.0633156 0.000303994 7.06906e-05 0.00397368 0.000192115 0.000675947
13 0.00384288 0.0107489 0.968343 0.00622269 0.00771186 0.00260562 0.00052533
11 0.00464707 0.00724078 0.0066985 0.0142794 0.00511347 0.942882 0.0191388
0 0.000523394 0.00106105 0.000963954 0.0101914 0.976869 0.00131347 0.00907768
0 0.0149049 0.041284 0.00266638 0.000449605 0.940345 0.000207399 0.000142456
13 0.00129372 0.00343407 0.971704 0.0048565 0.00420741 0.0110198 0.00348411
5 0.0251433 0.912742 0.00339513 0.00595015 0.0466964 0.00278185 0.00329086
19 0.000364873 0.000387945 0.000150384 0.00840412 0.00309554 0.0397944 0.947803
11 0.000314069 0.000479281 0.00849556 0.000766028 0.00222252 0.983365 0.00435778
22 0.956456 0.0219786 0.000584699 0.000388 0.0199274 0.000218452 0.000446858
19 0.00184984 0.00262533 0.00238079 0.0147981 0.00724458 0.0233678 0.947734
11 0.00241738 0.00392235 0.00381941 0.0109889 0.00193711 0.967268 0.00964724
5 0.0503804 0.916649 0.00462313 0.00162859 0.0209289 0.00318017 0.00260948
0 0.00893828 0.0392663 0.00642696 0.00454822 0.938228 0.00175691 0.00083483
19 0.00156861 0.00368097 0.000649366 0.00864201 0.00285504 0.0179685 0.964635
0 0.012424 0.0209585 0.000128077 0.000452673 0.965699 0.000167574 0.000169711
5 0.0397685 0.907909 0.00977384 0.0167193 0.0216791 0.00332308 0.000826898
5 0.0515111 0.898339 0.00470081 0.00547607 0.033885 0.00307126 0.00301705
22 0.96691 0.0160581 8.86468e-05 0.000628117 0.0152769 0.000276746 0.000761013
19 0.000501694 0.000720698 0.000123344 0.00318443 0.000648766 0.0106551 0.984166
0 0.0111761 0.0432327 0.00550184 0.00111433 0.933335 0.00462763 0.00101283
22 0.922415 0.0624886 0.000123884 0.000869106 0.0111002 0.00110105 0.0019026
22 0.916335 0.062802 0.00467209 0.00136131 0.0138405 0.000445689 0.000543273
22 0.912624 0.0590034 0.000563439 0.000864831 0.0223313 0.00241031 0.00220231
13 0.00102979 0.00133127 0.980957 0.00182926 0.00153948 0.0106327 0.00268037
4 0.00827637 0.0102477 0.00285931 0.948997 0.00634191 0.00667262 0.0166049
19 0.00066417 0.001234 0.00270246 0.0111709 0.00310793 0.0618642 0.919256
4 0.00926096 0.012391 0.000396162 0.960971 0.00404685 0.00811497 0.00481901
19 0.002974 0.00591767 0.00224591 0.0122511 0.00161486 0.0176589 0.957338
22 0.927935 0.050347 0.00441743 0.000830117 0.0139804 0.00151636 0.000973998
5 0.0276934 0.898998 0.00341825 0.0196563 0.0426211 0.00443689 0.00317618
22 0.926399 0.0631848 0.00055979 0.000670181 0.00812288 0.000404514 0.000658366
5 0.0508252 0.919786 0.00249934 0.000562141 0.0239252 0.00145547 0.000946351
4 0.00391895 0.00793156 0.00239056 0.972175 0.00848665 0.00254028 0.00255697
4 0.00515953 0.00221259 0.00311142 0.97208 0.00184938 0.00805548 0.00753126
22 0.911227 0.0627891 0.00875658 0.00487748 0.00739823 0.002748 0.00220397
5 0.0510586 0.905317 0.0106211 0.00449307 0.0224281 0.00363376 0.00244829
19 0.00103759 0.00120241 0.00312334 0.00528992 0.00243007 0.0644298 0.922487
22 0.938284 0.057894 0.000458979 0.000290752 0.00199872 0.000453316 0.000620446
22 0.932038 0.0632094 0.000451489 0.00157009 0.00126205 0.000669225 0.000800159
5 0.0296024 0.896183 0.0145794 0.00526327 0.0477801 0.00342153 0.00317049
5 0.0505445 0.917345 0.000340626 0.00662202 0.0232874 0.000568383 0.00129222
22 0.913913 0.0625057 0.00150696 0.00530353 0.0136206 0.00193158 0.00121895
5 0.00714781 0.951355 0.000233537 0.00665322 0.0287542 0.00229931 0.00355715
11 0.00054016 0.000810656 0.00906405 0.00597062 0.00121905 0.914211 0.068184
11 0.00102471 0.000852784 0.0050601 0.0147703 0.00260893 0.938373 0.0373104
11 0.00103003 0.00160169 0.00964707 0.00233778 0.0015433 0.968536 0.0153045
22 0.991218 0.00168098 0.00140296 0.00182532 0.0021655 0.000731504 0.000976209
11 0.000346711 0.000287558 0.00649593 0.00280767 0.00374208 0.917524 0.0687963
4 0.0083691 0.00942586 0.00351906 0.963335 0.0079709 0.00592785 0.00145237
13 0.00354213 0.00627145 0.967046 0.00950708 0.00566534 0.00606532 0.00190293
13 0.00312189 0.0149509 0.957335 0.00767873 0.00662085 0.00996082 0.000331746
11 0.000525477 0.000771402 0.00337295 0.00126326 0.000454801 0.934177 0.0594353
5 0.0331514 0.896554 0.00588066 0.00607718 0.0486097 0.00753863 0.00218797
5 0.0461561 0.884649 0.0082482 0.0106934 0.0424471 0.00480278 0.00300336
0 0.00533743 0.0441781 0.00131998 0.00107662 0.94713 0.000658196 0.000299547
11 0.00159093 0.00124945 0.0108631 0.00152373 0.00281537 0.914343 0.0676143
4 0.00167143 0.00293239 0.00245334 0.977759 0.00319771 0.0073563 0.00462967
22 0.982877 0.0144539 0.000400953 9.6174e-05 0.00136071 0.000555231 0.000255959
22 0.986968 0.00947505 0.0012447 0.000187483 0.00140408 0.000320766 0.000400352
0 0.00384928 0.018054 0.00564434 0.00756716 0.952523 0.00691744 0.00544435
5 0.0500608 0.914786 0.0067286 0.003837 0.0205345 0.00256805 0.0014852
11 0.00269913 0.00136336 0.00825059 0.000805925 0.00430931 0.977299 0.00527278
22 0.934675 0.0326708 0.0050068 0.00170643 0.021358 0.00289578 0.0016873
22 0.904958 0.0466626 0.0166258 0.00961594 0.0177327 0.00325581 0.00114884
19 0.00216622 0.00491599 0.00138407 0.0162612 0.00424494 0.0304941 0.940534
11 0.00146221 0.00178744 0.0186594 0.00307292 0.00107846 0.920381 0.0535584
5 0.0226562 0.969862 0.000440126 0.000583801 0.0042682 0.000562964 0.00162686
22 0.910202 0.0614502 0.00105157 0.00495651 0.0194269 0.0020784 0.000834737
4 0.0130189 0.0146644 0.00127419 0.964709 0.00340288 0.00156207 0.00136885
19 0.00273126 0.00496854 0.00501559 0.0188072 0.0137199 0.0485404 0.906217
0 0.0122481 0.0231598 0.000337488 0.00431918 0.959029 0.000379482 0.000527229
11 0.000205671 0.000180115 0.00858198 0.00132244 0.000367796 0.984424 0.0049177
5 0.0512783 0.911335 0.00139797 0.00199739 0.0318485 0.00119012 0.000953189
13 9.03217e-05 0.000180545 0.980948 0.0001047 0.000793058 0.0106133 0.00726965
22 0.918386 0.0358909 0.0156882 0.00107151 0.0236875 0.00351435 0.00176121
19 0.00263178 0.00412973 0.00280492 0.0177876 0.00542613 0.0399099 0.92731
19 0.00251917 0.0038816 0.00806727 0.0149062 0.0131825 0.0570115 0.900432
0 0.0158515 0.0308859 0.000407778 0.000642657 0.951774 0.000280612 0.00015775
13 0.000164542 0.000839602 0.971835 0.00200991 0.00501325 0.0114104 0.0087274
19 0.00270463 0.00360256 0.00351052 0.0192289 0.00459856 0.0443764 0.921978
13 0.000931684 0.000824926 0.967881 0.00393861 0.00538445 0.011726 0.00931371
19 0.00271992 0.00415065 0.00398294 0.0188483 0.00535262 0.0427243 0.922221
11 0.00490447 0.00738067 0.0128963 0.00994208 0.00501105 0.940015 0.0198501
0 0.00634237 0.0304357 0.00379756 0.015294 0.936872 0.00296584 0.00429229
22 0.913341 0.0626396 0.00189505 0.00170066 0.0182169 0.000757681 0.00144894
0 0.0124705 0.0161336 0.000211574 0.00552116 0.964942 0.000432772 0.000288681
4 0.000526749 0.000778797 0.000192283 0.979883 0.00235958 0.00139893 0.0148609
19 0.00240109 0.00458568 0.0136787 0.00446097 0.012435 0.0599774 0.902461
22 0.924255 0.0632912 5.18132e-05 0.00025356 0.0112389 0.000181427 0.000728226
19 0.000350834 0.000436921 9.35035e-05 0.00376427 0.000996594 0.00637014 0.987988
22 0.963254 0.0191344 0.000365015 0.00240958 0.0138893 0.000318748 0.000629104
19 0.00237187 0.00268242 0.0109247 0.00507334 0.00260779 0.0634469 0.912893
22 0.912146 0.0543737 0.00367307 0.00311315 0.0249029 0.000929634 0.000861563
11 0.000846271 0.00136945 0.0051554 0.018905 0.00144997 0.915484 0.0567896
11 0.00368379 0.0028185 0.00847119 0.00431388 0.00479242 0.974606 0.00131443
13 0.00314786 0.0017525 0.970466 0.00452186 0.00457771 0.0112547 0.00427899
0 0.00118426 0.00951068 0.00252039 0.0107725 0.966624 0.00448315 0.00490462
19 0.000744507 0.000792031 0.000714975 0.0117921 0.00195949 0.0401896 0.943807
0 0.0167843 0.0365229 0.00249221 0.00227059 0.938401 0.00301393 0.000514893
0 0.00385491 0.030067 0.00627308 0.0154462 0.930294 0.0046354 0.00942983
22 0.960716 0.0345396 0.000215403 0.000430538 0.00303077 0.000332217 0.000735444
22 0.909985 0.0496601 0.00396704 0.0140123 0.0169548 0.00288384 0.00253656
11 0.00396162 0.00505202 0.00583622 0.012845 0.0180711 0.928959 0.0252754
22 0.947508 0.045925 0.000135073 0.000944733 0.0046589 0.000159777 0.000668047
22 0.918524 0.0628824 0.00414198 0.00473934 0.00390598 0.00357461 0.00223151
11 0.00154309 0.00168382 0.00568993 0.00332294 0.0041566 0.914847 0.0687565
22 0.896264 0.057696 0.00984534 0.00739555 0.0187028 0.00795621 0.00214054
4 0.00271949 0.00519326 0.00304315 0.956862 0.0055233 0.0076469 0.0190118
13 0.00361876 0.00577918 0.963607 0.00402745 0.00528522 0.00732364 0.010359
11 0.000886383 0.00188694 0.00598312 0.00559036 0.00161452 0.960205 0.0238335
11 0.00166782 0.0025203 0.00471932 0.00256625 0.00402737 0.915754 0.0687445
11 0.000319329 0.000345887 0.00463334 0.000615308 0.00337145 0.921707 0.0690074
0 0.0101437 0.0433454 0.00475293 0.00506292 0.925925 0.00834802 0.00242257
5 0.0509375 0.914644 0.000305876 0.00569666 0.0257941 0.000698068 0.00192338
22 0.992736 0.00203476 0.00200369 0.00176126 0.000514689 0.000204666 0.000745373
13 0.0021021 0.00399053 0.962606 0.00566468 0.00584128 0.0119103 0.00788468
11 0.00344156 0.00777772 0.00972588 0.0154901 0.00507849 0.930123 0.0283631
0 0.0147162 0.0274884 0.000860254 0.00496894 0.94811 0.00280389 0.00105245
13 0.00356941 0.00383959 0.977648 0.00202042 0.00118483 0.0104266 0.00131123
19 0.00249825 0.00458119 0.0040473 0.0051129 0.0048529 0.0643153 0.914592
13 0.00295453 0.0138225 0.957574 0.00830939 0.00443731 0.0118768 0.00102504
5 0.0496461 0.94611 0.00121615 5.56199e-05 0.00239786 0.000131659 0.000442148
22 0.915081 0.0629593 0.00139936 0.00637668 0.0115208 0.00170102 0.000962131
5 0.0511044 0.921257 0.00197668 0.00386599 0.0188925 0.00160805 0.00129568
22 0.928024 0.0630435 0.00165443 0.00155286 0.00378382 0.00113889 0.000802476
0 0.00217068 0.0287599 0.00264327 0.00138125 0.957437 0.00672618 0.000881704
13 0.00844915 0.001785 0.986711 0.000550202 0.000580874 0.00165394 0.000270293
5 0.0496277 0.947212 0.000433415 0.000199445 0.00211906 0.000135589 0.000273203
11 0.000530036 0.00193383 0.0188374 0.00319136 0.0058363 0.915773 0.0538982
0 0.00995248 0.0450291 0.00366403 0.00393156 0.931911 0.00276625 0.00274532
4 0.00536056 0.00851541 0.00318369 0.960278 0.00780995 0.00948586 0.00536611
4 0.00679969 0.0152385 0.00159099 0.960641 0.00363811 0.00958571 0.00250571
0 0.0146074 0.0334816 0.00559898 0.00477348 0.938279 0.00213972 0.00112018
13 0.00190653 0.00958937 0.960957 0.00515341 0.00861804 0.0100758 0.00369976
11 0.00245584 0.00657496 0.0150959 0.0116116 0.0141994 0.920945 0.0291171
11 0.000574886 0.000863926 0.00390758 0.0105374 0.00883233 0.934139 0.0411453
0 0.00738705 0.0443623 0.000797471 0.0076778 0.935236 0.00207364 0.00246533
19 0.00246665 0.00334223 0.00349552 0.0117685 0.00312337 0.0636643 0.912139
13 0.000771089 0.000435916 0.982786 0.00159833 0.00587115 0.0025122 0.00602518
19 0.00334823 0.00460652 0.0019046 0.0084536 0.00717792 0.0120033 0.962506
22 0.972266 0.00938456 0.00794562 0.00114408 0.00276826 0.00420201 0.00228902
0 0.00547003 0.0455304 0.00250654 0.00268387 0.940049 0.000894124 0.00286559
22 0.919725 0.062957 0.0015406 0.00308038 0.0101977 0.00125398 0.00124559
13 0.000361013 0.000808994 0.976392 0.00157503 0.00461993 0.0110984 0.00514502
0 0.013464 0.0279031 0.00594821 0.000382777 0.948374 0.00104727 0.00288068
22 0.949121 0.0238512 0.000949533 0.00346076 0.0210485 0.000606241 0.000962779
11 0.000648573 0.0019089 0.00295964 0.00156406 0.000994335 0.987803 0.00412122
19 0.00141538 0.00118805 0.00121012 0.00906124 0.000462946 0.0626928 0.923969
22 0.903681 0.0622739 0.00550183 0.00845345 0.0147741 0.00284621 0.00246918
19 0.000796639 0.000447895 3.39532e-05 0.00101181 0.000470386 0.00293658 0.994303
19 0.00247615 0.0026143 0.000377998 0.0129891 0.00550722 0.0266404 0.949395
22 0.92137 0.0461812 0.000294283 0.00438988 0.0256964 0.000596742 0.00147156
22 0.942749 0.0532931 0.000236261 0.000109819 0.00265767 0.000100741 0.000853082
5 0.049506 0.935773 0.000195547 0.00062133 0.0130908 0.000140648 0.000672782
4 0.0058522 0.0072819 0.00522305 0.968089 0.00403585 0.00783309 0.00168459
5 0.0494798 0.931419 0.00295504 0.000457012 0.0135421 0.00138255 0.000764479
4 0.013 0.012879 0.000139798 0.968808 0.0035932 0.000249765 0.00132999
11 0.00181515 0.00236676 0.00491019 0.0124037 0.00293291 0.908556 0.0670158
19 0.00264933 0.00341067 0.000629971 0.00522135 0.002654 0.00541885 0.980016
22 0.952051 0.028279 0.00324998 0.00949621 0.00355016 0.00255375 0.000819999
4 0.000991178 0.000974479 0.00309729 0.970574 0.00392716 0.00868447 0.0117518
0 0.000319037 0.00244391 0.0017659 0.00515124 0.973794 0.00419983 0.012326
5 0.0501089 0.914737 0.00638813 0.00434144 0.0221557 0.00110285 0.00116636
4 0.00244313 0.00503564 0.0032908 0.9618 0.00997444 0.00407188 0.0133846
13 0.00583846 0.0131766 0.959335 0.00253819 0.00509485 0.00958896 0.00442795
22 0.932871 0.0632879 0.000299322 0.00102217 0.00137729 0.000255601 0.00088641
13 0.0048325 0.0103137 0.965833 0.00229387 0.00235018 0.0118962 0.00248055
11 0.000188508 0.000639856 0.0110319 0.00277244 0.00442914 0.913381 0.0675573
22 0.920674 0.0616725 0.00101879 0.00105007 0.0146661 0.00045037 0.00046803
11 0.00472385 0.0064121 0.0109971 0.00878929 0.0109342 0.95025 0.00789306
4 0.00802286 0.00633349 0.00302267 0.960397 0.00963616 0.0026065 0.00998138
22 0.927119 0.0603608 9.37955e-05 0.000470076 0.00997257 0.000476887 0.00150654
19 0.00296781 0.00177822 0.0010439 0.012548 0.00401393 0.0209183 0.95673
19 0.00253108 0.00617229 0.00430164 0.00235392 0.0054674 0.0240737 0.9551
22 0.958975 0.025497 0.000351687 0.000854572 0.0115337 0.000397454 0.00239096
4 0.000526931 0.00245077 0.000479601 0.971101 0.00347857 0.0078527 0.0141102
22 0.978618 0.0171123 0.000707005 9.12355e-05 0.00249671 0.00070897 0.000265722
13 0.00146404 0.00538353 0.976284 0.000444519 0.00295555 0.0107806 0.00268752
22 0.929077 0.0630337 0.000210819 0.00114113 0.00569592 0.000202369 0.000639429
0 0.00112937 0.00663367 0.00040697 0.000430031 0.991011 0.000214712 0.000174279
5 0.0150819 0.922404 0.0104393 0.00600246 0.0434144 0.00179345 0.000864675
4 0.00439068 0.00382839 0.00358071 0.960273 0.00784133 0.00824743 0.0118386
22 0.90797 0.0619938 0.012964 0.00207965 0.0109719 0.00254342 0.00147772
5 0.0494985 0.943849 0.000268841 0.000215744 0.0043981 0.00058988 0.00118028
0 0.00461457 0.0106367 0.0040701 0.00901191 0.962902 0.00402043 0.00474403
22 0.913771 0.0628949 0.000659103 0.00422752 0.0135966 0.00273516 0.00211596
0 0.00982353 0.0440875 0.00016182 0.00195663 0.942945 0.000191286 0.000833989
22 0.897979 0.0545957 0.0199997 0.00324065 0.015669 0.00638591 0.00212995
11 0.00251074 0.00798259 0.00593605 0.0164188 0.0060728 0.925917 0.0351615
4 0.0125659 0.0156278 0.00109972 0.961431 0.00478159 0.00338059 0.00111338
5 0.0398988 0.900304 0.00435891 0.00339946 0.048177 0.000872015 0.00298997
22 0.961407 0.0156178 0.00263832 0.00608759 0.0120005 0.000971888 0.00127657
22 0.92265 0.0630717 0.000529748 0.000657123 0.00986497 0.00168672 0.00153952
22 0.915576 0.0436135 0.0065025 0.00339724 0.0255655 0.0031923 0.00215301
22 0.925697 0.0630505 0.00297834 0.00151821 0.00254211 0.00277414 0.00143926
19 0.0026168 0.0024661 0.000557311 0.0121245 0.00194541 0.0110658 0.969224
13 0.00931388 0.00386074 0.971137 0.00333546 0.00370162 0.00690034 0.00175075
13 0.000444847 0.000647409 0.966649 0.00571742 0.00702644 0.0111029 0.00841165
13 0.00394873 0.00562923 0.961184 0.0105152 0.00308344 0.0116543 0.00398478
22 0.97286 0.0207609 0.000999666 6.08714e-05 0.00404299 0.000537804 0.00073831
5 0.0501504 0.924388 0.000250148 0.00206326 0.020383 0.000581868 0.00218297
4 0.0124867 0.0111327 0.00136508 0.969506 0.00256803 0.00197404 0.000967478
22 0.923814 0.062411 6.52405e-05 0.00132743 0.011814 6.96678e-05 0.000498518
5 0.0378023 0.907594 0.00283984 0.000624907 0.048577 0.0016561 0.000905894
5 0.0518356 0.915005 0.000173718 0.000625058 0.0309469 0.000357269 0.00105686
0 0.0041807 0.00415946 0.00338359 0.000222011 0.987078 0.000445937 0.000529824
22 0.926328 0.063063 0.000515178 0.00109051 0.00439109 0.00233832 0.00227354
11 0.0024404 0.00303143 0.0102165 0.0153396 0.00786929 0.939452 0.0216511
22 0.937261 0.0409291 0.00570477 0.000907496 0.0129597 0.000979387 0.0012587
5 0.0487423 0.906425 0.000786349 0.000307906 0.0426023 0.000503938 0.000632527
19 0.00247632 0.00257493 0.00715146 0.00967463 0.00354078 0.0638475 0.910734
22 0.986369 0.00855738 0.00201069 0.000754371 0.000891476 0.000684273 0.000732544
13 0.00153555 0.00173829 0.970866 0.00394606 0.00414661 0.0109847 0.00678255
22 0.922078 0.0631962 0.000288564 0.000963591 0.0110958 0.000818982 0.00155896
0 0.00392727 0.0125139 0.00273038 0.00775602 0.971016 0.00116769 0.000888466
11 0.00331756 0.00188766 0.0143255 0.00448772 0.00388764 0.934063 0.038031
19 0.00260271 0.00474974 0.00187152 0.00953596 0.0034081 0.0221472 0.955685
19 0.000771927 0.00173966 0.000251571 0.00671781 0.0030749 0.0117708 0.975673
4 0.00711001 0.0148701 0.00244331 0.964365 0.00811759 0.00251524 0.000579028
22 0.915985 0.0609862 0.000915577 0.000348693 0.0198187 0.000435903 0.00150958
11 0.000525917 0.00107804 0.00182028 0.00352996 0.00401402 0.920207 0.0688247
13 0.00180308 0.000693662 0.996213 6.24973e-05 0.000465662 0.00054939 0.000213154
4 0.00377083 0.0186521 0.000462157 0.966009 0.00604423 0.00272247 0.002339
5 0.00657793 0.991416 0.000239673 6.25604e-05 0.00127733 0.000203582 0.000222975
22 0.983234 0.00239455 0.00448869 0.004525 0.0024821 0.00182916 0.00104677
0 0.0159113 0.0309803 0.000901677 0.00322104 0.946427 0.000395116 0.00216356
5 0.0233556 0.91963 0.017185 0.0046618 0.0291388 0.00462527 0.00140355
11 0.000680393 0.000976551 0.00463501 0.0020166 0.000852309 0.929321 0.0615186
22 0.926894 0.063215 0.000520023 0.000408224 0.0078379 0.00045234 0.000672832
4 0.00655699 0.0148337 0.00110165 0.957112 0.00705035 0.0094933 0.00385244
11 0.000441695 0.00129011 0.00661021 0.00207975 0.00474638 0.916154 0.0686782
11 0.00380085 0.00651073 0.0113492 0.014562 0.00537758 0.942797 0.0156022
11 0.00157703 0.00263315 0.00518407 0.00752619 0.00565195 0.968477 0.00895075
11 0.000428053 0.000390996 0.0174791 0.00263597 0.00161064 0.916645 0.0608098
11 0.00303509 0.00728788 0.0103727 0.0043323 0.00633567 0.957064 0.0115727
13 0.000792402 0.0010797 0.984115 0.000596957 0.0033489 0.00333273 0.00673456
11 0.00131233 0.00165626 0.00345225 0.0152178 0.000569699 0.946409 0.0313822
19 0.00275215 0.00484507 0.00261257 0.0145009 0.00547137 0.023562 0.946256
5 0.0494131 0.935281 0.00035585 0.0023219 0.0107386 0.000422755 0.00146707
13 0.00102968 0.00555965 0.988439 0.00024439 0.00145412 0.00220607 0.00106698
5 0.0497928 0.919858 0.00149717 0.00167157 0.0221294 0.00316343 0.00188753
0 0.00114747 0.00654742 0.000718688 0.000319007 0.990695 0.000332786 0.000239683
22 0.905957 0.0619818 0.00456528 0.00453919 0.0175517 0.00333285 0.00207192
22 0.925288 0.0610193 0.000164315 0.00863709 0.00174377 0.00171866 0.0014293
5 0.05013 0.925606 0.000566458 0.000335864 0.022427 0.000318579 0.000615775
0 0.00886662 0.0441486 0.00224848 0.00039682 0.94296 0.000971549 0.000408118
22 0.917355 0.062728 0.00230867 0.00785091 0.00432117 0.00390184 0.00153445
5 0.0450662 0.896098 0.0126685 0.00532313 0.0321877 0.00449308 0.00416313
13 0.00159823 0.00367727 0.966548 0.00460319 0.00203669 0.0116779 0.00985875
5 0.0504652 0.923505 0.000357165 0.00133975 0.0230695 0.0005602 0.000703019
22 0.931927 0.0629036 0.000392122 0.000189167 0.00389935 0.00020894 0.000479838
13 0.00513886 0.00565837 0.973623 0.00107464 0.000915443 0.0110532 0.0025364
13 0.00711059 0.0158466 0.96434 0.00177692 0.00429235 0.00605764 0.000576321
11 0.0026888 0.00518131 0.00518883 0.00337349 0.00310238 0.964332 0.0161336
5 0.0352371 0.946084 0.000693819 0.000968011 0.0144382 0.00116981 0.00140947
13 0.00976821 0.0158953 0.963469 0.00332455 0.00319171 0.00381583 0.00053527
19 0.000611156 0.00149253 0.000425122 0.0121089 0.00328986 0.0571981 0.924874
22 0.926416 0.0631195 0.000308201 0.00133808 0.00717093 0.00067033 0.00097678
22 0.920114 0.0626235 4.0848e-05 0.000212377 0.0160398 0.000147155 0.000822446
5 0.017021 0.919263 0.00377921 0.00782706 0.046299 0.00281649 0.00299445
11 0.00167274 0.00207452 0.0166209 0.00429636 0.00834432 0.908846 0.0581456
13 0.00361605 0.00625893 0.970201 0.00455842 0.00690744 0.00359534 0.00486302
0 0.00127084 0.0122125 0.00286877 0.0106644 0.951847 0.0121909 0.00894556
19 0.00250323 0.00259224 0.00369333 0.0178858 0.0144877 0.0481628 0.910675
19 0.00245801 0.00446392 0.00253298 0.0173945 0.00564145 0.0598029 0.907706
0 0.0149786 0.0295268 0.00130299 0.00207282 0.950947 0.000606645 0.000564858
0 0.00339277 0.010195 0.00513007 0.00833011 0.964314 0.0028158 0.00582238
4 0.00201534 0.00248841 0.00117718 0.98083 0.00288563 0.00316432 0.00743916
4 0.00189807 0.00308106 0.000842283 0.981591 0.00144236 0.00521678 0.00592826
13 0.00521781 0.00504721 0.970355 0.00526365 0.0078376 0.00549572 0.000782668
19 0.00251289 0.00364414 0.00379336 0.0175073 0.00523489 0.0593762 0.907931
22 0.930611 0.0630976 0.00147043 0.000853213 0.00217534 0.00106701 0.000724918
0 0.00262722 0.0456296 0.000192162 0.00150782 0.944848 0.0033511 0.00184448
0 0.00272405 0.0190732 0.00444105 0.0133735 0.938635 0.00654038 0.0152123
13 0.00411503 0.00643942 0.971115 0.00282761 0.00727214 0.0059718 0.00225882
22 0.979451 0.00682213 0.00198969 0.00480062 0.00506264 0.00111826 0.000755614
11 0.00184857 0.000902159 0.00805657 0.00424562 0.00348 0.913027 0.0684403
5 0.0480202 0.916581 0.00393777 0.0152194 0.00864259 0.00562915 0.00197027
5 0.0482939 0.928788 0.011363 0.00231055 0.00557864 0.00260104 0.00106496
22 0.923764 0.0629701 0.00335231 0.00131318 0.0052301 0.00222275 0.00114806
13 0.00226039 0.0123464 0.974996 0.000621379 0.00508764 0.00415315 0.000534871
0 0.0161992 0.0394933 0.000100029 0.000462285 0.943107 0.000409083 0.000228716
13 0.00165677 0.00143697 0.973547 0.00163508 0.00180366 0.0112972 0.00862376
22 0.901834 0.05852 0.00325652 0.00916708 0.0224048 0.00251098 0.00230669
13 0.0025487 0.0054085 0.968084 0.00666497 0.00171854 0.0116528 0.00392275
11 0.000703091 0.000950266 0.00493165 0.000755451 0.00264195 0.97755 0.0124681
13 0.00150779 0.0055697 0.963047 0.0049843 0.00396374 0.0119806 0.00894648
13 0.0101134 0.00920554 0.955308 0.00394686 0.00836382 0.0110005 0.00206217
13 0.00174509 0.00584481 0.965471 0.00514441 0.0030248 0.0113571 0.00741323
4 0.00534092 0.00984993 0.000980893 0.964116 0.00879116 0.00113547 0.00978535
13 0.00549288 0.0078886 0.963769 0.00696031 0.00315014 0.0120514 0.000688055
22 0.933645 0.0452865 0.003625 0.00452884 0.0101458 0.000649613 0.00211917
22 0.92609 0.0630712 0.000266829 0.00463245 0.00356524 0.00166078 0.000713182
5 0.0235326 0.9072 0.017304 0.00788565 0.0321459 0.00831921 0.00361237
22 0.954986 0.0194525 0.00585239 0.001945 0.0133966 0.00269561 0.00167207
22 0.961419 0.0304332 0.000198153 0.000732015 0.00649445 0.000251579 0.000471247
22 0.926822 0.0631177 0.000697737 0.00265108 0.00348821 0.00205275 0.00117062
22 0.990449 0.00707075 9.46015e-05 0.00110169 0.000235266 0.000229314 0.000818991
22 0.938003 0.0529361 0.000763445 0.000878728 0.00551679 0.00082957 0.00107214
4 0.0111391 0.0150515 0.000254536 0.960648 0.0059622 0.00442799 0.00251655
13 0.000128957 0.00029607 0.99459 0.000266598 0.000630752 0.00233288 0.00175461
13 0.00155179 0.00554014 0.959427 0.00308746 0.00498099 0.0110933 0.0143189
22 0.919268 0.0628027 0.00286124 0.00611653 0.00459995 0.00269807 0.00165306
13 0.00386822 0.0138287 0.962075 0.00274317 0.00421526 0.0121579 0.00111133
22 0.919205 0.0630262 0.00196241 0.00102342 0.0126952 0.00119832 0.00088929
0 0.000770599 0.00314606 0.0014251 0.000652929 0.991626 0.000228279 0.00215112
5 0.0392486 0.892316 0.0110039 0.00714337 0.0431134 0.00366199 0.00351292
5 0.049178 0.907775 0.00241583 0.0114027 0.0202119 0.00658995 0.00242662
5 0.0501902 0.918052 0.000650704 0.00567679 0.0227598 0.00112134 0.0015497
5 0.0500644 0.918165 0.000870788 0.00571584 0.0223666 0.00127962 0.00153735
5 0.0494854 0.940013 0.00102972 0.00031826 0.00821863 0.000347826 0.000586825
13 0.000310153 0.000772935 0.969634 0.00751941 0.00412787 0.0115405 0.00609509
4 0.000667913 0.000998909 0.000635389 0.97236 0.000724248 0.00643225 0.0181813
11 0.00196027 0.00462971 0.0117912 0.0106789 0.00410055 0.951555 0.0152849
19 0.00249846 0.0022432 0.00473511 0.00531586 0.00294579 0.0643432 0.917918
13 0.0016125 0.0107162 0.962115 0.0022562 0.00595833 0.0113498 0.00599212
11 0.000977826 0.00192058 0.0130824 0.00177313 0.00197062 0.943935 0.0363403
11 0.000546941 0.000510753 0.00617865 0.00568803 0.00138259 0.918953 0.0667403
0 0.00578478 0.0277476 0.00144467 0.013956 0.943823 0.00446111 0.00278327
11 0.00204557 0.00497438 0.0138343 0.0108146 0.00321091 0.931368 0.0337519
13 0.00342762 0.00745833 0.951875 0.0118861 0.00590303 0.0118546 0.00759558
4 0.00330756 0.00677457 0.00359482 0.976604 0.00490403 0.00335502 0.00145998
19 0.000729157 0.00124546 0.000217568 0.00259129 0.00144726 0.00605032 0.987719
19 0.00210022 0.00377553 0.00420845 0.0070202 0.00149472 0.0644133 0.916988
22 0.927739 0.0627913 0.00053357 0.000863287 0.00622386 0.000838181 0.00101121
13 0.0011366 0.00198344 0.989666 0.00088295 0.000626272 0.00446056 0.0012444
13 0.000279071 0.000598966 0.972291 0.00061892 0.00621224 0.0112508 0.00874885
0 0.0149219 0.0282268 0.00238838 0.00385549 0.9489 0.00100778 0.000699943
19 0.000718838 0.000843241 0.000396993 0.0155462 0.00406163 0.0292662 0.949167
22 0.921287 0.0375425 0.00431446 0.00775799 0.0236284 0.00283469 0.00263464
22 0.918439 0.0619932 0.000957022 0.000233395 0.0177771 0.000220712 0.0003799
5 0.0507585 0.914643 0.00113777 0.00223836 0.0233455 0.00511578 0.00276095
0 0.00768248 0.0416721 0.00130172 0.00905966 0.93501 0.00256618 0.00270751
22 0.914139 0.0628777 0.00274509 0.00453719 0.0127902 0.00108512 0.00182604
22 0.979639 0.0164444 0.000288592 0.000368261 0.00246278 0.000301649 0.000494998
5 0.0447881 0.901578 0.00163801 0.00410377 0.0461794 0.000959418 0.000753146
11 0.000872659 0.000987772 0.0127962 0.00153478 0.00427182 0.913289 0.0662473
11 0.00375557 0.00505998 0.0104453 0.00765942 0.00618902 0.955512 0.0113792
22 0.909251 0.0626456 0.00489541 0.00399909 0.0144974 0.00236147 0.00235006
11 0.00133513 0.00280077 0.00853506 0.0163431 0.00782598 0.903667 0.0594932
5 0.00301085 0.984234 0.00424037 0.00102279 0.00270275 0.00328666 0.00150226
5 0.0267351 0.900164 0.0041546 0.0116932 0.047148 0.00736097 0.0027438
13 0.000187007 0.000261676 0.975323 0.00459594 0.00191243 0.0107692 0.00695116
19 0.000977892 0.00073472 0.000477708 0.0116373 0.00155332 0.0616554 0.922964
22 0.923889 0.0553811 0.00152806 0.00449038 0.0132439 0.000511276 0.000956082
22 0.987177 0.00652855 0.000629447 0.00241535 0.0022593 0.000259298 0.000731111
5 0.00636242 0.990509 0.000151034 0.000176029 0.00129175 0.000295299 0.00121434
11 0.00293018 0.0053005 0.00147684 0.0110037 0.00629843 0.964813 0.00817704
13 0.00159914 0.00274355 0.9801 0.000661957 0.000577728 0.0107072 0.00361042
0 0.00867736 0.0453963 0.00266137 0.000695656 0.941611 0.000640597 0.000317945
4 0.00794036 0.00994823 0.00682478 0.959777 0.00280804 0.00810061 0.00460112
22 0.933541 0.0632327 0.000359535 0.000383567 0.00199522 8.36576e-05 0.000404279
13 0.00318388 0.0118293 0.957554 0.00613437 0.00837375 0.0105631 0.00236136
22 0.914616 0.0401149 0.00512717 0.00976802 0.0250305 0.00277695 0.00256652
0 0.0096389 0.0311651 0.0102088 0.00303632 0.936973 0.00394702 0.00503077
11 0.00348358 0.00217975 0.0116824 0.00192955 0.005339 0.940081 0.0353052
11 0.00410351 0.00576127 0.0100466 0.00646824 0.00321919 0.964255 0.0061457
22 0.927463 0.0630771 0.00403225 0.000848219 0.00193918 0.00189419 0.000745837
11 0.00418037 0.00503426 0.00931276 0.00944368 0.00227205 0.968394 0.00136331
11 0.000690736 0.000893053 0.0118091 0.00227668 0.00101053 0.916331 0.0669891
4 0.00113297 0.00378119 0.0030791 0.971401 0.00118009 0.00829816 0.0111274
13 0.0118547 0.0101638 0.963854 0.00443066 0.00761784 0.00172533 0.00035375
19 0.00181579 0.00324868 0.00515918 0.0114493 0.00409563 0.0635155 0.910716
13 0.00430478 0.0142453 0.952144 0.00944134 0.00613466 0.0105638 0.00316609
19 0.001612 0.00402671 0.00361425 0.00877663 0.0167157 0.0535592 0.911695
11 0.00420814 0.00622321 0.0177997 0.0073848 0.00796328 0.909593 0.0468279
11 0.00187539 0.00164802 0.0181855 0.00604403 0.00432345 0.91882 0.0491037
5 0.0511263 0.898726 0.00391842 0.00858997 0.029532 0.00544387 0.00266324
22 0.92857 0.0409349 0.00298708 0.00872539 0.0136808 0.00290098 0.00220085
22 0.903275 0.0614644 0.0126447 0.00394179 0.0131648 0.00340334 0.0021063
5 0.0500953 0.91282 0.00773683 0.00510493 0.0220898 0.00100505 0.00114761
19 0.00230134 0.00239011 0.0105464 0.00729912 0.00678322 0.0624386 0.908241
