labels 22 5 13 4 0 11 19
22 0.919137 0.0706761 0.00581746 0.000437622 0.00186535 0.00115407 0.000912611
22 0.949814 0.0456136 0.000663057 0.000265893 0.00228457 0.000678045 0.000681026
5 0.0529704 0.930705 0.00126441 0.00110419 0.0129611 0.000561633 0.000432784
13 0.0022909 0.00594706 0.97362 0.00429509 0.00860719 0.00473817 0.000501243
4 0.00185242 0.00952149 0.0069038 0.966701 0.00683489 0.00481117 0.00337563
13 0.000536964 0.000948447 0.988153 0.00033728 0.00511736 0.00381416 0.00109304
0 0.00491562 0.0389709 0.00756954 0.00638753 0.935632 0.00313353 0.00339051
11 0.00350991 0.00667178 0.0105289 0.00706905 0.00503401 0.964126 0.00306028
4 0.00236782 0.00904889 0.00352319 0.968038 0.0130794 0.00264921 0.00129322
0 0.00334711 0.040709 0.00063123 0.000547613 0.953068 0.000670103 0.00102698
13 0.00461493 0.00969628 0.973728 0.00527742 0.00503748 0.000969437 0.000676596
0 0.0026674 0.00939864 0.00627702 0.0057766 0.968086 0.00496112 0.00283299
13 0.000229047 0.00397278 0.975737 0.000668463 0.00224389 0.0130974 0.00405118
0 0.00514767 0.0378903 0.00694664 0.00229916 0.941234 0.00599488 0.00048693
5 0.0252792 0.971935 0.000551609 0.000115013 0.00157469 0.000125915 0.00041871
4 0.00107259 0.00267724 0.00261536 0.965466 0.0134255 0.00219561 0.0125482
11 0.000141608 0.000236034 0.00141343 0.000971659 0.000181942 0.989398 0.00765723
19 0.00165713 0.00257826 0.00457155 0.00082906 0.00454107 0.24022 0.745603
0 0.000297209 0.000924554 0.00538769 0.000938453 0.979703 0.00490997 0.00783915
4 0.000927883 0.00471805 0.00103835 0.980252 0.000669831 0.00561381 0.00678033
4 0.00358972 0.0126882 0.00404764 0.958887 0.0122439 0.00311577 0.00542823
4 0.00193628 0.00846401 0.00303774 0.964908 0.0117297 0.00651535 0.00340928
11 0.00268231 0.00254635 0.011179 0.0116915 0.00476311 0.95002 0.017118
0 0.000182579 0.00128327 0.00188982 0.00616673 0.975908 0.00296491 0.0116043
11 0.000466314 0.000374905 0.00906413 0.0014786 0.00425559 0.942938 0.0414226
11 0.00198293 0.00459324 0.00952361 0.00493083 0.004649 0.968793 0.00552746
0 0.00541054 0.0403837 3.67761e-05 0.00236199 0.951049 0.000210074 0.000548079
4 0.000428649 0.0122457 0.000413691 0.976621 0.00202952 0.00558476 0.00267622
0 0.000888003 0.0156156 0.00725224 0.00871866 0.956466 0.00461695 0.00644236
0 0.00964027 0.0331888 0.00440917 0.00531567 0.945664 0.00111773 0.000664452
22 0.962616 0.033831 0.000207316 5.58882e-05 0.00298547 5.69943e-05 0.00024735
22 0.979032 0.0170942 7.84434e-05 0.000331396 0.00294475 0.000149074 0.000370581
0 0.000557678 0.00588766 0.00237891 0.00226497 0.98248 0.00423766 0.00219349
22 0.917527 0.0706309 0.00501313 0.000475515 0.00492901 0.00100481 0.000419571
13 0.000258952 0.000217711 0.995653 0.000271508 0.000922013 0.00222881 0.000448198
5 0.0215665 0.921551 0.00634937 0.00135519 0.0455204 0.00184028 0.0018175
22 0.919533 0.0706514 0.00172471 0.000683378 0.00487357 0.00153047 0.0010032
11 0.000380628 0.000601524 0.00521219 0.00108191 0.000621508 0.950484 0.0416186
11 0.00148053 0.00152817 0.0024788 0.00563659 0.000538357 0.982392 0.00594543
13 0.000319119 0.000267758 0.992251 0.000509832 0.00127421 0.00218721 0.00319039
22 0.957232 0.0417489 0.000243184 2.65971e-05 0.000520171 0.000113069 0.000115923
11 0.00145382 0.00187242 0.00859483 0.00879893 0.00604719 0.940177 0.0330563
5 0.0386874 0.879491 0.0106538 0.0179114 0.0404039 0.00979943 0.00305278
19 0.0026321 0.00352729 0.00135028 0.0164055 0.00938747 0.0190393 0.947658
0 0.00376958 0.038782 0.00131508 0.0133346 0.941942 0.00049245 0.00036456
13 0.00259027 0.0125253 0.963605 0.00635532 0.00513503 0.00689363 0.00289549
11 0.000337113 0.000902078 0.012715 0.00700655 0.0014912 0.955259 0.0222885
22 0.924958 0.0707069 0.000606228 0.000247287 0.00237192 0.000459812 0.000650102
19 0.00161278 0.00359518 0.000517109 0.00579814 0.0102232 0.0071436 0.97111
22 0.927008 0.0710791 0.000217295 5.53432e-05 0.000841384 0.000298764 0.000500354
0 0.0089399 0.0378051 0.000601546 0.00531413 0.944065 0.00109516 0.00217897
19 0.00268372 0.00355826 0.000450515 0.0165294 0.00632554 0.0202001 0.950252
4 0.00676296 0.00200657 0.000918655 0.970491 0.0119524 0.00116055 0.00670763
19 0.00308135 0.00250887 0.00703866 0.0155886 0.0129891 0.0247713 0.934022
4 0.00071609 0.00540366 0.00271581 0.971043 0.00802463 0.00586036 0.00623645
13 0.0020472 0.00429613 0.957088 0.00720993 0.0093712 0.0132071 0.00678084
22 0.950409 0.0233939 0.00508846 0.00459701 0.0123821 0.00169534 0.00243406
22 0.934781 0.0267592 0.00711253 0.00955672 0.0129411 0.00397663 0.00487274
5 0.0533102 0.922418 0.000395452 0.000331651 0.0225323 0.000246753 0.000765542
22 0.908395 0.0659014 0.00497071 0.00172742 0.0161631 0.00209566 0.000746624
19 0.00108426 0.00100096 0.000462578 0.00333819 0.00236341 0.00756291 0.984188
19 0.000197655 0.000341226 0.000634269 0.0038536 0.00116017 0.0319085 0.961905
19 0.00296272 0.00553955 0.00112993 0.00900139 0.00819472 0.00453913 0.968633
0 0.000109069 0.000241149 6.797e-05 0.0110753 0.985694 0.000319518 0.00249281
22 0.97077 0.0203321 0.00127304 8.2971e-05 0.00640142 0.000445276 0.000695303
22 0.903416 0.0695395 0.00370345 0.00869788 0.00796843 0.00359132 0.00308344
19 0.00286951 0.00361805 0.00100461 0.0146989 0.00619034 0.0153336 0.956285
4 0.00394218 0.0143805 0.000306883 0.972414 0.00298328 0.00379555 0.0021775
11 0.00111403 0.00134141 0.00874942 0.00344231 0.00432975 0.978318 0.00270502
13 0.0012527 0.00302999 0.956118 0.00893497 0.00527083 0.013844 0.0115492
19 0.000644214 0.00102546 0.00278136 0.00187204 0.00907875 0.0321733 0.952425
5 0.0529451 0.909429 0.00764673 0.00278168 0.0219036 0.00274658 0.00254715
13 0.00128977 0.00260044 0.966202 0.00775205 0.00376129 0.0135847 0.00481008
11 0.00124346 0.00240369 0.00525906 0.00981925 0.00125237 0.957663 0.0223591
11 0.0011203 0.000838708 0.00646338 0.0101295 0.00547107 0.968031 0.00794613
5 0.038199 0.911678 0.0104197 0.00226735 0.0348898 0.0018259 0.000720643
19 0.000429668 0.00100524 0.000586573 0.000834677 0.00239002 0.00865558 0.986098
19 0.000514602 0.00189254 0.000330259 0.000412188 0.00102854 0.00496508 0.990857
11 0.0018512 0.000417188 0.0118398 0.00406253 0.00411024 0.935956 0.0417626
13 0.0012627 0.0013303 0.967677 0.00952388 0.00208294 0.0137691 0.00435375
0 0.00637149 0.023438 0.00115848 0.0042681 0.963832 0.000363469 0.000568477
5 0.0500564 0.899366 0.0153997 0.00605244 0.0227119 0.00357746 0.00283612
5 0.0180944 0.912791 0.00436933 0.0188768 0.0371133 0.00226317 0.00649202
4 0.00222461 0.00489332 0.00310012 0.960141 0.01267 0.00534312 0.0116274
13 0.00322604 0.00475896 0.967651 0.00684358 0.00200848 0.0138187 0.00169346
5 0.0491728 0.910897 0.0193313 0.000816021 0.0155976 0.00308397 0.00110172
19 0.00242033 0.00299723 0.000962176 0.00779421 0.014283 0.0017325 0.969811
13 0.00199763 0.00371545 0.983339 0.00104846 0.00758008 0.00131046 0.00100928
13 0.00764628 0.0089357 0.975083 0.00156605 0.00380544 0.00207115 0.000892323
13 0.000493594 0.000463285 0.977585 0.000194162 0.00134828 0.0121591 0.00775605
4 0.00258202 0.00410614 0.00350178 0.972897 0.00372702 0.00600515 0.00718107
13 0.00181203 0.00140256 0.971739 0.000928902 0.0053235 0.0131507 0.00564338
22 0.90646 0.0556026 0.005214 0.00669254 0.0198902 0.004091 0.00204928
22 0.923964 0.0707856 0.000417877 0.000409357 0.00220122 0.0013613 0.000860683
13 0.00246737 0.00405252 0.96545 0.00618153 0.00755093 0.0136177 0.000680134
11 0.00154088 0.00297744 0.010673 0.00214824 0.00685652 0.961642 0.0141616
11 0.000359155 0.000798754 0.00911822 0.00129236 0.00365685 0.975897 0.00887807
22 0.940535 0.0476315 0.000289858 0.000333773 0.009075 0.00121134 0.000923636
0 0.00634909 0.0236981 0.000263789 0.000512595 0.968337 0.000367124 0.00047217
19 0.00264814 0.00234121 0.00105749 0.00988921 0.00675502 0.0037981 0.973511
22 0.980176 0.0179363 0.000186394 0.000298342 0.000620866 0.000373957 0.00040773
0 0.000150408 0.000169537 0.00370696 0.00291252 0.976237 0.00499516 0.0118289
13 0.000108589 0.000250724 0.972054 0.00221852 0.00246218 0.0135177 0.00938832
5 0.0372684 0.957644 0.00302015 0.000165442 0.00140675 0.0001747 0.00032099
19 0.00274278 0.0030205 0.00568536 0.00151932 0.0051396 0.0327524 0.94914
22 0.92388 0.0707437 8.20441e-05 3.47315e-05 0.00459092 0.000125223 0.000542987
0 0.0073537 0.0253839 0.000860601 0.0013805 0.964453 0.000318326 0.000249735
5 0.0526812 0.92289 0.00529343 0.00040757 0.0152302 0.00238633 0.00111137
0 0.00673577 0.0219594 0.00951907 0.00814754 0.944533 0.00538877 0.0037164
19 0.00032117 0.000274248 4.55809e-05 0.00346621 0.00205333 0.00194951 0.99189
5 0.0522112 0.9352 0.00428845 0.00053834 0.00654919 0.000466969 0.00074535
5 0.00936062 0.947078 0.00618334 0.00227621 0.031408 0.00200933 0.00168429
13 0.000691645 0.00059353 0.980057 0.000548829 0.00366042 0.0119851 0.00246363
4 0.000945084 0.00516568 0.00313015 0.965251 0.00553775 0.00510044 0.01487
11 0.00142025 0.00165179 0.00823645 0.00613646 0.00646125 0.959918 0.0161763
13 0.000596889 0.000884036 0.968505 0.00352529 0.00705451 0.0138167 0.00561731
13 0.000240995 0.000315067 0.963767 0.00290933 0.00404593 0.014542 0.0141792
22 0.912087 0.0692303 0.00250624 0.000970924 0.0114988 0.00290622 0.000800792
22 0.912479 0.0704182 0.0011362 0.00372603 0.00714061 0.00291959 0.00218015
22 0.925088 0.0356701 0.00718239 0.0104258 0.0141345 0.00406363 0.00343515
5 0.0523229 0.944364 0.000166543 0.000222183 0.00229005 0.000155475 0.000479124
22 0.921007 0.0474017 0.00514128 0.00347819 0.0185689 0.00285249 0.00154998
22 0.916442 0.0454693 0.00338573 0.0103733 0.0185382 0.00271174 0.00307931
5 0.0515047 0.925605 0.00710177 0.00063279 0.00784144 0.00580806 0.00150603
0 0.00179363 0.0379417 0.00866926 0.000467412 0.945206 0.00480665 0.00111528
11 0.00174048 0.00460867 0.00894884 0.000998455 0.00495455 0.976445 0.00230366
11 0.00228561 0.00427762 0.00267483 0.00987218 0.00147779 0.968765 0.0106472
22 0.910072 0.0702889 0.00477183 0.00340916 0.00683247 0.00243098 0.00219445
22 0.924933 0.0709581 0.000396689 7.01294e-05 0.00245085 0.000406812 0.000784829
13 0.00207484 0.0078579 0.970521 0.0080681 0.0080394 0.00230971 0.00112931
11 0.00294076 0.00510446 0.00441307 0.01054 0.00487578 0.959602 0.0125243
0 0.00104494 0.000821459 0.001214 0.0112707 0.977289 0.00114319 0.00721628
0 0.0084507 0.0372204 0.00327074 0.000432407 0.950304 0.000197037 0.000124481
13 0.000600663 0.00286036 0.967514 0.00565296 0.00528633 0.0136608 0.00442522
5 0.0249577 0.914295 0.00474491 0.00482621 0.045182 0.00270784 0.00328661
19 0.000368085 0.00027743 9.34809e-05 0.00256222 0.00212122 0.00974282 0.984835
11 0.000225616 0.000320485 0.00898694 0.000513417 0.00219708 0.984517 0.00323954
22 0.961017 0.0266058 0.000401666 9.99539e-05 0.0114634 0.000216502 0.000195985
19 0.00221614 0.00316453 0.00335451 0.0171489 0.0108591 0.0196225 0.943634
11 0.00132069 0.00300561 0.003264 0.00882573 0.00182535 0.978601 0.00315767
0 0.00206703 0.00682943 0.000274944 0.00798822 0.981149 0.000604062 0.00108758
5 0.0530049 0.915504 0.00721507 0.000858503 0.0175128 0.00309818 0.00280668
4 0.00278499 0.00363435 0.00280872 0.973259 0.0124114 0.00187231 0.00322933
0 0.00548125 0.0316655 0.00746139 0.00336856 0.949921 0.00138417 0.000717967
19 0.00104483 0.00349524 0.000504378 0.00745435 0.0031775 0.00701504 0.977309
0 0.00886872 0.029666 0.000267507 0.000350792 0.960376 0.000257227 0.000213691
5 0.0340641 0.919432 0.0118179 0.00762876 0.0230378 0.00326775 0.000751333
5 0.0536624 0.895865 0.00598453 0.00429767 0.0341886 0.00299648 0.00300491
22 0.974471 0.0154467 6.58491e-05 0.000140527 0.00915274 0.000281106 0.000441925
19 0.000408566 0.000885625 0.000141337 0.00274717 0.00112216 0.0062598 0.988435
22 0.919588 0.069095 0.000190363 0.000549172 0.00825426 0.00105124 0.00127163
22 0.969191 0.00773962 0.00356696 0.0043138 0.0093605 0.00265848 0.0031699
22 0.910534 0.0694169 0.00583128 0.00174895 0.0110084 0.000557458 0.000902477
19 0.00284949 0.00358954 0.0130447 0.00561628 0.0172842 0.0167465 0.940869
22 0.911796 0.0666579 0.00074428 0.000618477 0.0155506 0.00245249 0.00218027
13 0.000403523 0.00102999 0.980365 0.00160007 0.00118705 0.0129419 0.00247256
4 0.00628595 0.00795056 0.00298259 0.956529 0.00838139 0.00558822 0.0122822
19 0.000406304 0.000945526 0.00150026 0.0078502 0.00263428 0.0241859 0.962478
19 0.0031697 0.00543483 0.00398402 0.0151671 0.0024058 0.0151717 0.954667
22 0.931516 0.0506051 0.00500478 0.000432196 0.0103969 0.00136193 0.000682821
5 0.0281332 0.896743 0.00411404 0.0123457 0.0508454 0.00458355 0.0032349
22 0.922278 0.0707672 0.00058786 0.000208404 0.00529695 0.000381325 0.000480484
5 0.0519247 0.921562 0.00328183 0.000409704 0.0206698 0.001376 0.000776042
4 0.00240754 0.00665144 0.002909 0.972188 0.0127757 0.00165641 0.00141207
4 0.00377493 0.00319759 0.00367552 0.974198 0.00357062 0.00565846 0.00592505
22 0.781564 0.192402 0.0130379 0.00332952 0.00519004 0.00255122 0.00192511
5 0.0532911 0.898609 0.014725 0.00331728 0.0234276 0.0038453 0.00278508
19 0.0011186 0.00142761 0.00398377 0.00712761 0.00394078 0.0414443 0.940957
22 0.926014 0.0709406 0.000488726 0.000222615 0.00129788 0.000442718 0.000593297
22 0.924027 0.07083 0.000833966 0.000885953 0.00104062 0.00135717 0.00102544
5 0.0255375 0.899772 0.0178288 0.0044632 0.0456929 0.0031694 0.00353639
5 0.236834 0.737271 0.000199537 0.00346039 0.0205716 0.0004435 0.00122045
22 0.915979 0.0701318 0.00163942 0.00178923 0.00852442 0.00150478 0.000431585
5 0.0105086 0.954177 0.000293874 0.0029939 0.0265949 0.00216056 0.00327153
11 0.000390784 0.000430814 0.00698436 0.00534721 0.00166001 0.941736 0.0434505
11 0.000716824 0.000544372 0.00299527 0.0114433 0.00271806 0.964051 0.0175308
11 0.000773025 0.00122318 0.0100683 0.0021106 0.00154414 0.971 0.0132803
22 0.993163 0.00187963 0.00131133 0.00123737 0.00103268 0.000612054 0.000763923
11 0.000364364 0.0001879 0.00702628 0.00241631 0.00457419 0.941813 0.0436175
4 0.00484652 0.00815255 0.00433853 0.965085 0.0104618 0.00526065 0.00185522
13 0.000896586 0.00473743 0.967544 0.0115947 0.00526534 0.00692318 0.00303867
13 0.00109118 0.0120307 0.961007 0.00740103 0.00692868 0.0109754 0.000566475
11 0.00045577 0.000541696 0.0092345 0.00121837 0.000830788 0.948522 0.0391966
5 0.0297728 0.901658 0.00796528 0.00490224 0.0463583 0.00684073 0.0025026
5 0.0408225 0.876637 0.00929375 0.0123173 0.0533473 0.00469814 0.00288434
0 0.00504612 0.0388549 0.00202283 0.00125645 0.951902 0.000567454 0.000349849
11 0.00155734 0.000624336 0.00875502 0.00108454 0.0032839 0.941418 0.0432767
4 0.000768113 0.00264369 0.00287219 0.980299 0.00459499 0.00493731 0.00388489
22 0.972364 0.0247136 0.000426168 8.31043e-05 0.00177561 0.000464602 0.000173322
22 0.98457 0.0119566 0.00141997 0.000293469 0.00105276 0.000316861 0.000390823
0 0.00197501 0.0153876 0.0068417 0.00777103 0.956755 0.00625189 0.00501734
5 0.0526016 0.913832 0.00830604 0.00190162 0.0194373 0.00238544 0.00153624
22 0.935815 0.0401982 0.00440384 0.00127807 0.0147057 0.00221941 0.0013798
22 0.901791 0.0533263 0.0199002 0.00584076 0.0136112 0.00328904 0.00224103
19 0.00221139 0.00451068 0.00150662 0.0173668 0.0064867 0.0224762 0.945442
11 0.0010492 0.00124341 0.0147075 0.00324099 0.00100193 0.946386 0.0323706
5 0.0221823 0.969561 0.000769579 0.000376431 0.00503018 0.000489198 0.00159112
22 0.908552 0.0672344 0.00204882 0.00317593 0.0147637 0.00275308 0.00147194
19 0.00290206 0.00406793 0.00625499 0.0175129 0.0112883 0.0288195 0.929154
11 0.00198053 0.00338576 0.010874 0.00528665 0.00825863 0.949112 0.0211026
0 0.00468972 0.0209131 0.000387524 0.00439479 0.968904 0.00031269 0.000398655
11 0.000108053 9.7087e-05 0.00879274 0.000660567 0.000367784 0.988205 0.00176912
5 0.0535602 0.916471 0.00146476 0.000823474 0.025817 0.000994791 0.000868884
13 0.000114367 0.000189287 0.976856 0.000153799 0.00113911 0.0130582 0.0084897
22 0.920339 0.0377472 0.0174415 0.00116818 0.0170096 0.0038001 0.00249452
0 0.00639722 0.0384574 0.00187912 0.00732416 0.943171 0.00234434 0.00042699
19 0.00262818 0.0038557 0.00298019 0.0162688 0.00661979 0.0195401 0.948107
19 0.00264974 0.00374655 0.00640072 0.0139138 0.0152854 0.0302336 0.92777
0 0.0091456 0.0300588 0.000483773 0.000366395 0.959515 0.000298035 0.000132774
13 0.000106632 0.000483001 0.972475 0.00166602 0.00715485 0.0131904 0.00492387
19 0.00268859 0.00336874 0.0038962 0.0172505 0.0056348 0.0225101 0.944651
13 0.00142612 0.000548361 0.968928 0.00312855 0.00745182 0.0109305 0.00758644
19 0.00267022 0.003721 0.00441908 0.0166668 0.00520987 0.0207158 0.946597
11 0.00277915 0.00413552 0.00970558 0.006446 0.00323257 0.968803 0.00489861
0 0.00321498 0.0268322 0.00454037 0.0160473 0.942568 0.00269785 0.00409901
22 0.915797 0.0694296 0.00155733 0.00040701 0.0114921 0.000551758 0.00076553
0 0.00609576 0.0177155 0.000322007 0.00761164 0.967542 0.000400967 0.000312512
4 0.000445832 0.000573073 0.000192273 0.985901 0.00188325 0.000890867 0.0101133
19 0.00262484 0.00412494 0.0143302 0.00453141 0.0139629 0.0329684 0.927457
22 0.923262 0.0707619 2.87944e-05 9.07806e-05 0.00514622 0.000165899 0.000544433
19 0.000276629 0.00037571 2.94481e-05 0.00269094 0.00104852 0.00176187 0.993817
22 0.947048 0.0375749 0.000585678 0.00363544 0.0100902 0.000308466 0.000757597
19 0.00256173 0.00292016 0.00707397 0.00571955 0.00292798 0.0328065 0.94599
22 0.909516 0.0646249 0.00434843 0.00168726 0.0175555 0.00122127 0.00104675
11 0.000578397 0.000792825 0.00368116 0.0139188 0.00184099 0.945251 0.0339373
11 0.00303919 0.00264367 0.0088725 0.00290438 0.00606906 0.975907 0.000563685
13 0.00166635 0.00142477 0.9725 0.00420556 0.00532505 0.0134097 0.00146868
0 0.000823035 0.008486 0.00195668 0.0124276 0.968819 0.00475542 0.00273262
19 0.000646836 0.000745362 0.000998357 0.010411 0.0035145 0.0231714 0.960513
0 0.00913817 0.0289004 0.00356005 0.00174755 0.953171 0.00289472 0.000588609
0 0.00199697 0.0235094 0.00763588 0.0154617 0.94052 0.00428722 0.00658892
22 0.962507 0.0344747 0.00025355 0.00023753 0.00171372 0.000294376 0.000519548
11 0.00266706 0.00380649 0.00515452 0.00785878 0.0150727 0.95205 0.0133909
22 0.912815 0.0704834 0.00470779 0.00328738 0.00293305 0.00357785 0.00219573
11 0.00157307 0.000870933 0.00555004 0.00275596 0.00451379 0.941137 0.043599
4 0.00206096 0.00386728 0.00411967 0.959857 0.0087579 0.00625029 0.0150866
13 0.00286821 0.00463568 0.962503 0.00413137 0.00713538 0.0103487 0.0083773
11 0.000482064 0.00151352 0.00551009 0.00456258 0.00103439 0.966076 0.0208212
22 0.96631 0.0164649 0.000316208 0.00776433 0.00680046 0.000706493 0.00163752
11 0.00164447 0.00189212 0.00601817 0.00180435 0.00489076 0.940111 0.0436393
11 0.000372951 0.000230669 0.00551872 0.000655424 0.00445967 0.945128 0.0436348
0 0.00520297 0.0392678 0.00607737 0.00498208 0.93437 0.00756324 0.00253656
0 0.00363785 0.0385479 0.00867987 0.00670225 0.938588 0.00128287 0.00256142
5 0.0535663 0.916624 0.000355383 0.00366029 0.0234239 0.000585741 0.00178455
22 0.928627 0.0395994 0.00199271 0.00774497 0.0151793 0.00277108 0.00408549
13 0.00132715 0.00296069 0.958277 0.00578538 0.0071815 0.0144279 0.0100408
11 0.00202017 0.00527473 0.00477154 0.0110794 0.00462961 0.952303 0.0199219
0 0.00692042 0.0240752 0.00150607 0.00426825 0.959452 0.00261518 0.00116322
13 0.0021055 0.00380646 0.976928 0.00269627 0.00119426 0.0126199 0.000649105
13 0.00139554 0.0106347 0.961055 0.00755743 0.00478363 0.0132702 0.00130391
5 0.0523282 0.942784 0.00191012 6.02775e-05 0.00235209 0.000136244 0.000428806
22 0.913485 0.07044 0.00189665 0.00453078 0.00660414 0.00177596 0.00126718
5 0.0532313 0.923539 0.00215473 0.00131317 0.0172969 0.0013224 0.00114298
22 0.923192 0.0707756 0.00196887 0.000942678 0.0018635 0.000753124 0.000503895
0 0.00164401 0.0209444 0.00381188 0.00128479 0.965327 0.00639 0.000597539
13 0.000118897 0.000108772 0.973305 0.000135315 0.00235863 0.0137997 0.0101741
5 0.0522808 0.944069 0.000712175 0.000162802 0.00235852 0.000132759 0.000283971
11 0.000466195 0.00126908 0.0139954 0.00311052 0.00578643 0.946217 0.0291557
0 0.0045785 0.0407511 0.00445655 0.00465951 0.940745 0.00233934 0.00247047
4 0.00378999 0.0071292 0.00436911 0.963662 0.00975843 0.00734241 0.00394838
4 0.00417095 0.0123882 0.00172864 0.968553 0.00433241 0.00698013 0.00184679
0 0.00895533 0.032251 0.00703449 0.00532234 0.942578 0.00200677 0.00185247
13 0.00138397 0.00814338 0.959865 0.00439215 0.00978338 0.0113189 0.00511358
11 0.00185335 0.00435633 0.00852294 0.00956973 0.0121388 0.948977 0.0145819
11 0.00070035 0.000700734 0.00696377 0.0105923 0.0104756 0.932036 0.0385309
0 0.00330719 0.0399198 0.00145356 0.00780296 0.943253 0.00193052 0.002333
19 0.00284002 0.00330064 0.0046722 0.0101954 0.00575639 0.0328365 0.940399
13 0.000997199 0.000425522 0.980303 0.00108809 0.00767136 0.00276665 0.00674787
19 0.00330332 0.00434625 0.00262368 0.00876699 0.0104458 0.00643499 0.964079
22 0.969825 0.010587 0.00937624 0.00144812 0.00173249 0.00487605 0.00215476
0 0.00208582 0.0410983 0.00336481 0.00258323 0.947927 0.000732353 0.00220882
22 0.922974 0.0708217 0.0006742 0.000425363 0.00398763 0.000766816 0.000350017
13 0.0002765 0.000877964 0.96891 0.0020493 0.00631284 0.0139658 0.00760727
0 0.00845118 0.0311214 0.0090704 0.000376644 0.947931 0.00112805 0.00192115
22 0.971651 0.01464 0.000833426 0.000795601 0.0108787 0.000458955 0.000742054
11 0.000595751 0.00173058 0.00295354 0.00197274 0.00151621 0.985405 0.00582579
19 0.0014511 0.00111574 0.00174029 0.00570677 0.00071281 0.0318059 0.957467
22 0.902892 0.0692576 0.00627018 0.00544927 0.0109179 0.00272132 0.00249185
19 0.000865399 0.000441975 5.6653e-05 0.0011627 0.00092609 0.000990043 0.995557
19 0.00260029 0.00276806 0.000431805 0.0158818 0.00872761 0.0159347 0.953656
22 0.948093 0.0342639 0.000216313 0.000823418 0.0149987 0.000474156 0.00113079
4 0.00316126 0.00700657 0.00510399 0.971129 0.00567714 0.00655112 0.00137111
11 0.000411589 0.000774374 0.01177 0.000400567 0.00199098 0.963348 0.0213047
5 0.0519843 0.931052 0.00321786 0.000272735 0.0117914 0.00107991 0.000601906
11 0.00165545 0.0016872 0.00528206 0.0116275 0.00336735 0.934561 0.0418194
19 0.0025386 0.00336112 0.000737804 0.00562508 0.00429302 0.00298953 0.980455
4 0.000630465 0.00102216 0.00357314 0.971091 0.00609388 0.00662222 0.0109673
0 0.000363184 0.00179422 0.00311726 0.00607934 0.973084 0.00372331 0.0118387
5 0.0825064 0.883078 0.00910674 0.00285677 0.0202867 0.00098198 0.0011831
4 0.00171493 0.00381174 0.00378686 0.965498 0.0131533 0.00305303 0.00898257
13 0.0036883 0.010056 0.960879 0.00257945 0.00637112 0.0115995 0.00482657
22 0.926911 0.0710153 0.000270415 0.000218525 0.000612894 0.000225037 0.000746979
13 0.00246865 0.00787192 0.964314 0.00417089 0.0050167 0.013793 0.00236503
11 0.000222409 0.000306478 0.00978445 0.00173353 0.00449078 0.940484 0.0429785
22 0.925128 0.0600979 0.00164518 0.000859291 0.0108205 0.000645727 0.000803088
11 0.0023596 0.00432896 0.0103667 0.0064555 0.00918295 0.965102 0.00220397
4 0.00693501 0.00561765 0.00319005 0.961326 0.0132913 0.00215576 0.00748426
22 0.921743 0.0641851 0.000141416 0.00042894 0.0119467 0.000533053 0.0010219
19 0.00324031 0.00182211 0.00146518 0.0145039 0.00510935 0.014764 0.959095
22 0.976727 0.0179627 0.000155307 0.000380284 0.0034163 0.000186193 0.0011722
4 0.000539445 0.00181196 0.000539113 0.977979 0.00458259 0.00565257 0.00889568
22 0.957128 0.0381534 0.000885705 9.35027e-05 0.00292206 0.000658774 0.0001583
22 0.924861 0.0706516 0.000192879 0.000152904 0.00355328 0.000128563 0.000460146
0 0.000413046 0.00468545 0.000359438 0.000233725 0.993906 0.00018328 0.00021911
5 0.00808452 0.928124 0.0149719 0.00354687 0.0425523 0.00186636 0.000853911
4 0.00415745 0.00426667 0.00372329 0.962484 0.0114587 0.00647617 0.00743329
22 0.9003 0.068186 0.0148423 0.00289403 0.00915517 0.00246737 0.00215535
5 0.0521612 0.942215 0.000320048 0.000136281 0.00390622 0.000452771 0.000808532
0 0.00343115 0.00756464 0.00506153 0.00950634 0.967621 0.00335878 0.00345689
22 0.911749 0.0698816 0.000791812 0.00314417 0.00972351 0.00267141 0.00203878
0 0.00451638 0.0404488 0.000171269 0.00136435 0.952755 0.00017745 0.000567002
5 0.0047475 0.937071 0.0119604 0.000935135 0.0432821 0.00126859 0.000735068
11 0.00064076 0.000884172 0.00783588 0.00218258 0.000754784 0.952025 0.0356769
22 0.897428 0.0579294 0.0205812 0.00236864 0.0136372 0.00590117 0.00215462
11 0.00160312 0.00550134 0.00390421 0.0120325 0.00660364 0.951691 0.0186642
11 0.00138977 0.000816182 0.0128218 0.00578658 0.0037519 0.952511 0.0229231
5 0.0397641 0.900056 0.00654256 0.00283923 0.0472449 0.000732545 0.00282023
22 0.96967 0.0161338 0.00182951 0.00400396 0.00664287 0.000814173 0.000905777
22 0.856309 0.132847 0.000652702 0.000475838 0.00687353 0.00138254 0.00145938
22 0.913479 0.050483 0.00770179 0.00388611 0.0194134 0.00312258 0.00191365
22 0.920746 0.0707733 0.00228512 0.000567091 0.00156894 0.00279841 0.00126128
19 0.0020038 0.00251922 0.000519767 0.0136895 0.0015857 0.00446616 0.975216
13 0.000400674 0.000446588 0.964707 0.00591818 0.00882558 0.0126402 0.00706175
13 0.00264788 0.00405396 0.956751 0.0113993 0.00368629 0.017624 0.00383757
22 0.977358 0.0194917 0.00114818 4.22464e-05 0.00122985 0.00038792 0.000342078
5 0.0524971 0.923025 0.000220649 0.00214408 0.0199279 0.000489892 0.00169561
22 0.920365 0.0688499 8.58083e-05 0.000242338 0.0100719 7.66952e-05 0.000307925
0 0.000904289 0.00111819 0.000387993 0.0114068 0.983405 0.000634065 0.00214322
5 0.028853 0.915872 0.00503164 0.000995109 0.0461104 0.00199731 0.00114031
5 0.0615389 0.905731 0.000174965 0.000436118 0.0309459 0.000258766 0.00091415
0 0.00214778 0.00330886 0.00477244 8.9193e-05 0.989176 0.000239553 0.000265761
22 0.917263 0.0703357 0.000822627 0.0010847 0.00445112 0.0038505 0.00219278
11 0.00122241 0.00209431 0.00760387 0.0112545 0.00658208 0.960013 0.01123
22 0.930764 0.0517665 0.00762331 0.000596634 0.00782363 0.000547693 0.000878053
5 0.0486397 0.904787 0.00124482 0.000317573 0.0437468 0.000517278 0.00074669
19 0.00274174 0.00293176 0.00800449 0.00944751 0.00502215 0.033044 0.938808
22 0.988435 0.00799861 0.00175495 0.000177713 0.000590339 0.000540072 0.000503045
22 0.918216 0.0704839 0.00028005 0.00101635 0.00767192 0.000952734 0.00137919
0 0.00273818 0.0128875 0.00361172 0.00942963 0.969542 0.00112641 0.000664546
11 0.00215754 0.00109342 0.0122726 0.00318967 0.00361141 0.953724 0.0239511
19 0.00269773 0.00445781 0.00335664 0.0090022 0.00488963 0.0108654 0.964731
19 0.000699521 0.0015714 0.000276543 0.00768947 0.00553274 0.00815565 0.976075
4 0.00431426 0.0130871 0.00295234 0.965596 0.0115876 0.00194644 0.000516121
22 0.914943 0.0660433 0.000966326 0.000397975 0.0160651 0.00044902 0.00113523
11 0.000822711 0.000511981 0.00303096 0.00316633 0.0040225 0.944899 0.0435461
13 0.00195909 0.000430761 0.996458 6.83267e-05 0.000402743 0.000563278 0.000117362
4 0.00229606 0.01563 0.000857964 0.967908 0.00836426 0.00261417 0.00232942
5 0.00621719 0.990959 0.00036132 3.80987e-05 0.00205531 0.000170424 0.000198416
22 0.989571 0.00214747 0.00471238 0.000903378 0.000929702 0.00120784 0.000527842
0 0.000526589 0.000976399 0.00476591 0.0119228 0.971323 0.000926302 0.00955917
0 0.00958304 0.0335581 0.00117904 0.00162424 0.952257 0.000291253 0.00150694
5 0.0199498 0.918739 0.0206626 0.00481296 0.0301635 0.00425772 0.00141413
11 0.000618092 0.000601805 0.00260522 0.00176671 0.000969151 0.95918 0.0342591
22 0.92125 0.0707691 0.000815867 0.000764279 0.00474478 0.000616355 0.00104005
4 0.00399582 0.0123663 0.00119746 0.962886 0.0092751 0.00743345 0.00284568
11 0.000495634 0.000608534 0.0096481 0.00140824 0.00506443 0.939837 0.0429381
11 0.00257288 0.00465217 0.00913923 0.01114 0.00475766 0.956847 0.0108913
11 0.000726953 0.00203432 0.00361979 0.00589979 0.00583595 0.979112 0.00277101
11 0.000316093 0.000233371 0.0138307 0.00245419 0.00179095 0.942669 0.0387058
11 0.00156463 0.00219204 0.00919723 0.00158623 0.00497493 0.972651 0.00783437
11 0.00213974 0.00580568 0.00972919 0.00394654 0.00629562 0.964451 0.0076321
13 0.000831453 0.00085816 0.978317 0.000750097 0.00317649 0.00873965 0.00732677
11 0.00111682 0.00155251 0.00285682 0.0142972 0.000826038 0.947631 0.0317192
19 0.00278966 0.00463003 0.00161523 0.0151221 0.00703227 0.00936528 0.959445
5 0.05198 0.933383 0.000622711 0.00131647 0.0110597 0.000350372 0.00128775
13 0.000391609 0.0030417 0.99361 0.000154679 0.000729252 0.00147327 0.000599378
0 0.000531249 0.00847719 0.00110242 0.000333994 0.988953 0.000337727 0.000264883
22 0.904862 0.067707 0.00507736 0.00300031 0.0141774 0.00349143 0.00168415
22 0.922804 0.0708921 0.000113459 0.00311236 0.00106053 0.00110032 0.000917631
0 0.00542466 0.0395033 0.00254084 0.000368816 0.95082 0.000962099 0.000380297
22 0.912255 0.0703282 0.00283348 0.00579418 0.00331732 0.00374559 0.00172619
5 0.0531389 0.885392 0.0159626 0.0033521 0.0343165 0.00401571 0.00382184
5 0.0524966 0.923459 0.000492199 0.000904837 0.0213765 0.000569708 0.000700932
22 0.923304 0.0701275 0.000479697 0.00018516 0.00481601 0.000294474 0.000793214
13 0.00349311 0.0122762 0.968176 0.00252152 0.00520753 0.0069825 0.00134313
11 0.00129554 0.00356542 0.00309649 0.00195864 0.00199243 0.977224 0.0108671
5 0.0360499 0.940589 0.00110863 0.001243 0.0182319 0.00117438 0.00160354
13 0.00625203 0.0114995 0.971049 0.00340422 0.00364017 0.003943 0.000211792
22 0.921182 0.0366871 0.0037585 0.0131199 0.0157799 0.00311146 0.00636121
19 0.000497024 0.00115237 0.000238332 0.00734759 0.00362511 0.027281 0.959859
22 0.923175 0.0708033 0.000271388 0.000373224 0.0040667 0.000545182 0.000765099
22 0.91712 0.0688475 8.55956e-05 0.000127632 0.0126606 0.000245698 0.000913285
5 0.014851 0.923765 0.00559112 0.00603588 0.0443848 0.00246293 0.00290968
22 0.922631 0.0704442 0.000824529 0.00029781 0.00456184 0.000504691 0.00073589
11 0.000972353 0.0013795 0.0146517 0.00472447 0.00784825 0.936164 0.0342594
13 0.00224473 0.00417665 0.976608 0.00443925 0.00773087 0.00252942 0.00227119
0 0.000982041 0.0111964 0.00316747 0.0105774 0.956314 0.011291 0.00647189
19 0.00258057 0.00276179 0.00391852 0.0162338 0.0149635 0.0252444 0.934298
19 0.00256054 0.00414362 0.00345994 0.0143964 0.00704953 0.0321746 0.936215
0 0.00931846 0.0347952 0.000993166 0.000718762 0.953455 0.000433764 0.000286053
0 0.00212069 0.00489308 0.00548458 0.00681749 0.975924 0.00209683 0.00266322
0 0.00434725 0.00652005 0.00115453 0.00486678 0.982368 0.000368948 0.000373963
4 0.00243975 0.00432546 0.00211564 0.973244 0.00720249 0.00343852 0.00723429
13 0.00268834 0.00486224 0.968038 0.00453967 0.00939197 0.0100394 0.000440222
19 0.00263943 0.00354985 0.00451681 0.0132448 0.00602931 0.0326094 0.93741
0 0.00186526 0.0409758 0.000389721 0.00141337 0.950638 0.00325379 0.00146389
0 0.00112672 0.0148654 0.00453102 0.0140845 0.946385 0.00507482 0.0139323
22 0.981973 0.010719 0.00201842 0.00104832 0.00252359 0.000943439 0.000774533
11 0.00182662 0.000613626 0.00783976 0.00396791 0.00442652 0.93779 0.0435356
5 0.051516 0.921339 0.00600157 0.00710808 0.00709806 0.0054564 0.00148103
5 0.047152 0.924398 0.0174258 0.00307201 0.00467638 0.00217163 0.00110457
22 0.948255 0.0216738 0.006202 0.00637605 0.0110709 0.00309966 0.00332316
22 0.914084 0.0705301 0.00421957 0.00185774 0.00502924 0.00273549 0.00154426
13 0.000728388 0.00918363 0.979923 0.000597294 0.00468816 0.00397752 0.00090185
0 0.00946502 0.031985 0.000217331 0.000339498 0.957271 0.000460738 0.000261547
13 0.00119969 0.00098207 0.971208 0.00192995 0.00196533 0.0134194 0.00929607
22 0.904742 0.0628126 0.00370359 0.00550582 0.0183649 0.00253644 0.00233424
13 0.00155517 0.00400899 0.966362 0.00741398 0.00180683 0.0139241 0.00492905
13 0.00120595 0.00413377 0.960882 0.00594197 0.00557003 0.0139706 0.00829583
13 0.00542477 0.00819168 0.959186 0.00383501 0.00900994 0.0116578 0.00269455
13 0.00102591 0.00441832 0.964896 0.00526428 0.00386393 0.0134665 0.0070649
4 0.00287992 0.00783663 0.000821546 0.96705 0.0129678 0.000806092 0.00763749
13 0.00167632 0.00108929 0.970727 0.00225718 0.0077204 0.0128703 0.00365933
13 0.00325481 0.00667106 0.966833 0.00593487 0.00295562 0.0136778 0.000672473
22 0.926722 0.0596759 0.00417275 0.00263636 0.00553877 0.000517202 0.000736691
22 0.922839 0.0708103 0.000283362 0.00155984 0.00234116 0.00171622 0.00044988
5 0.0285395 0.903984 0.0209695 0.00497845 0.0296944 0.00797673 0.00385704
22 0.96727 0.0156135 0.00597073 0.0014042 0.00557798 0.00261814 0.00154592
22 0.924855 0.070904 0.000445565 0.00108079 0.000867272 0.00140346 0.000443583
22 0.995329 0.00363792 7.04573e-05 0.000199361 8.51011e-05 0.000222356 0.000455975
22 0.957394 0.0338075 0.00118405 0.00100873 0.00341356 0.00134041 0.0018517
13 1.68262e-06 2.12489e-06 0.997562 5.73501e-05 0.000249017 0.00157542 0.000552359
13 0.00116659 0.00389756 0.957531 0.00314566 0.006998 0.0146835 0.0125778
22 0.913929 0.0703966 0.00379116 0.00381572 0.00313911 0.00271554 0.00221253
13 0.00206537 0.0108026 0.965234 0.00285768 0.00419998 0.0135426 0.00129785
22 0.91534 0.0704348 0.000421141 0.00432186 0.00502534 0.00162774 0.00282891
22 0.913418 0.0699398 0.0035581 0.000684899 0.00933208 0.00198104 0.00108618
0 0.000264426 0.00190772 0.00288476 0.00170576 0.991441 0.000184605 0.00161203
5 0.0398212 0.889619 0.013201 0.00541642 0.0448693 0.00346462 0.0036085
5 0.0524233 0.906912 0.00366407 0.00830728 0.0206785 0.00568494 0.00233003
5 0.0730179 0.899479 0.000972144 0.00348423 0.0210023 0.000920452 0.00112368
5 0.0520354 0.934853 0.00177837 0.000279689 0.0100379 0.000408962 0.000607181
13 0.000318776 0.00067601 0.964862 0.00781566 0.00477203 0.0140277 0.00752801
4 0.000304764 0.000874875 0.000526469 0.97929 0.000797045 0.00344109 0.0147662
11 0.0011691 0.00345502 0.0107662 0.0101063 0.00411381 0.957264 0.0131253
19 0.00225945 0.00192369 0.00577075 0.00587251 0.00484518 0.0324229 0.946906
13 0.00141618 0.00757031 0.969357 0.00148271 0.00391672 0.0123813 0.00387549
11 0.000342061 0.00111019 0.0103907 0.00112681 0.00150657 0.961163 0.0243606
11 0.000330373 0.000391497 0.00555769 0.00585563 0.00181646 0.945151 0.0408978
0 0.00437541 0.0245425 0.00189671 0.0137108 0.949282 0.00367138 0.00252099
11 0.00123496 0.00339954 0.0125423 0.00901045 0.00357075 0.948324 0.0219185
13 0.00320521 0.00585388 0.951568 0.0117653 0.00703824 0.0130564 0.00751263
4 0.00196476 0.00539051 0.00516592 0.976901 0.00709022 0.00246948 0.0010184
19 0.000673785 0.00115267 0.000174693 0.00145794 0.00173071 0.0014169 0.993393
19 0.00225023 0.00377203 0.0051442 0.00818703 0.00385769 0.0326003 0.944188
22 0.922463 0.0701939 0.000486609 0.00041513 0.00481426 0.000750843 0.000876018
13 0.000653414 0.00171157 0.98678 0.000813477 0.000611145 0.00827509 0.00115496
13 0.000632486 0.000507587 0.970357 0.000838744 0.00809179 0.0105359 0.00903648
0 0.00838247 0.0268213 0.00376686 0.00458562 0.955103 0.000923685 0.000416748
19 0.00080969 0.000822974 0.000344773 0.01489 0.00516213 0.0114627 0.966508
5 0.0379936 0.905693 0.00261564 0.0044787 0.0475277 0.000682544 0.00100892
22 0.915744 0.0677678 0.00111991 0.000303682 0.0142343 0.000276627 0.000554138
5 0.052696 0.914808 0.00180448 0.00177201 0.0214441 0.00462219 0.00285276
0 0.00647194 0.0383219 0.00182596 0.0088481 0.939253 0.00239782 0.00288122
22 0.912242 0.0702672 0.00295213 0.00335702 0.00788794 0.00112594 0.00216775
22 0.98425 0.0129281 0.00039394 0.000551262 0.000945829 0.000356332 0.000574513
5 0.0411848 0.904324 0.00264336 0.00296144 0.0471448 0.000902919 0.000838557
11 0.000938048 0.000537791 0.0138873 0.00142807 0.00499611 0.938798 0.0394151
11 0.00241169 0.00385437 0.0094632 0.00593633 0.0058814 0.968375 0.00407754
22 0.905245 0.0689867 0.00532159 0.00388836 0.0120011 0.00217144 0.00238546
11 0.00108226 0.0021867 0.00669188 0.0130361 0.00808236 0.934403 0.034518
5 0.00295508 0.982474 0.00689014 0.00070366 0.00233757 0.00338393 0.00125574
5 0.025983 0.905311 0.00576632 0.00812894 0.0447106 0.00718961 0.00291103
13 0.000142782 0.000287444 0.970195 0.00525921 0.00290533 0.0132362 0.00797445
19 0.00094588 0.000797594 0.000713657 0.00830718 0.00130286 0.0316916 0.956241
22 0.921741 0.0633782 0.00170755 0.00211447 0.0094825 0.00061443 0.000962055
22 0.991135 0.00616591 0.000425458 0.000552671 0.000757621 0.000265146 0.000697762
5 0.00796532 0.989276 0.000197701 6.74268e-05 0.00134429 0.000210564 0.000938553
11 0.00227589 0.00446736 0.00101099 0.00930732 0.00659421 0.97375 0.00259435
13 0.000776068 0.00227136 0.979961 0.000440293 0.000547303 0.0130106 0.00299295
0 0.00538427 0.0402727 0.00335576 0.000661434 0.949592 0.000458853 0.000275097
4 0.00564364 0.00790346 0.00519327 0.967118 0.00355116 0.00663015 0.00396061
13 0.00187432 0.00924309 0.95589 0.00576755 0.00935809 0.0126616 0.00520531
22 0.920361 0.0471868 0.00601297 0.00256552 0.0185242 0.00283046 0.00251928
0 0.00609174 0.0267979 0.0102739 0.00393287 0.947007 0.00339235 0.00250412
11 0.00335748 0.00483059 0.00940051 0.00419004 0.00388473 0.971255 0.00308174
22 0.917403 0.0706741 0.00480233 0.000832266 0.00248462 0.00270492 0.00109867
11 0.0031905 0.00451271 0.00946075 0.0082156 0.00224367 0.971862 0.000514993
11 0.000716552 0.000602299 0.00397121 0.00145729 0.00138449 0.948902 0.0429663
4 0.000622978 0.00439282 0.00333898 0.976838 0.00152239 0.00563117 0.00765366
13 0.00703905 0.00825692 0.97122 0.00383189 0.00798159 0.00140706 0.000263799
19 0.00243001 0.00277326 0.00603812 0.0107576 0.00610358 0.0328594 0.939038
13 0.00325505 0.0112825 0.958358 0.00875005 0.00673825 0.00994532 0.00167078
19 0.00237285 0.00396363 0.00485207 0.00640561 0.0175996 0.0259849 0.938821
11 0.00250197 0.00475023 0.0138637 0.0073233 0.00741443 0.937021 0.0271253
11 0.00164545 0.000979077 0.0209472 0.00611878 0.00456187 0.931234 0.0345137
5 0.0517686 0.889869 0.00656231 0.0083475 0.0346462 0.00575549 0.00305122
0 0.000402171 0.0058207 0.000819798 0.00675947 0.971024 0.00296637 0.0122078
22 0.938909 0.0411554 0.00256292 0.00463448 0.00799752 0.00287746 0.00186289
22 0.899515 0.0676419 0.0153373 0.00253623 0.00944655 0.00339316 0.00212978
5 0.092518 0.871655 0.0105555 0.00298767 0.0202114 0.000875764 0.00119713
19 0.00249035 0.00233955 0.0137575 0.00594739 0.00749161 0.0303385 0.937635
