labels 22 5 13 4 0 11 19
22 0.935008 0.0508195 0.00501679 0.00184994 0.00456153 0.00158482 0.0011589
22 0.951096 0.045219 0.000424003 0.000422476 0.00161399 0.000495874 0.000728934
5 0.0413381 0.93693 0.000894151 0.00707054 0.0127767 0.000514956 0.00047521
13 0.00267373 0.0060687 0.973245 0.00574177 0.0085177 0.00321779 0.000535217
4 0.00201541 0.01575 0.00816477 0.959978 0.00704765 0.00482314 0.00222055
13 0.00120252 0.00131845 0.985966 0.000718664 0.00496823 0.00325397 0.00257202
0 0.00392874 0.0448184 0.00722604 0.00755874 0.929618 0.00294787 0.00390177
11 0.00502402 0.011212 0.0114219 0.00862139 0.00473891 0.948247 0.0107348
4 0.00362867 0.0142191 0.00257034 0.967421 0.00974501 0.00188476 0.000530677
0 0.00588452 0.0450125 0.000356242 0.00104688 0.946728 0.000274399 0.000697514
13 0.0061117 0.0118087 0.968458 0.00683051 0.00489413 0.000963954 0.000932621
0 0.00338102 0.00894001 0.00684599 0.00699277 0.96632 0.00422316 0.00329696
13 0.000821804 0.00512126 0.973796 0.00156264 0.00339325 0.0097323 0.00557235
0 0.00421341 0.0452476 0.00252287 0.00388034 0.940523 0.00308124 0.000531246
5 0.0153762 0.981368 0.000389018 0.000313891 0.00175606 0.000223312 0.000573412
4 0.00159136 0.00428713 0.00309017 0.970045 0.00924844 0.002533 0.00920526
11 0.000343878 0.000703178 0.00271294 0.00249469 0.00031612 0.979224 0.014205
19 0.00157274 0.00224369 0.00709652 0.000706407 0.00250345 0.456222 0.529655
0 0.000321886 0.000943241 0.005183 0.000971331 0.979071 0.00385142 0.00965799
4 0.00424197 0.0214243 0.0036465 0.955486 0.0101251 0.00118257 0.00389313
4 0.00237093 0.015872 0.00282195 0.960824 0.0104708 0.0065781 0.00106242
0 0.000222766 0.000897963 0.00218997 0.00637312 0.974894 0.00241188 0.0130104
11 0.000732837 0.000808964 0.0166655 0.00141501 0.00328422 0.904889 0.0722048
11 0.00292164 0.00739386 0.0097465 0.00548742 0.00448442 0.959476 0.01049
13 0.00248101 0.00282112 0.967396 0.00718392 0.00876225 0.0094905 0.00186548
4 0.00454626 0.0219227 0.00159045 0.960294 0.00219898 0.00821237 0.00123528
0 0.0109031 0.041804 7.49254e-05 0.00754344 0.938896 0.000214829 0.000564113
4 0.00102209 0.0228211 0.00043862 0.966314 0.00219425 0.00561648 0.00159372
0 0.000955269 0.0117134 0.00646919 0.00790183 0.963512 0.00387241 0.00557622
0 0.012258 0.0358416 0.00257355 0.00730951 0.940041 0.00108782 0.000888461
22 0.958399 0.0378197 0.000162337 0.000201397 0.00301574 7.21111e-05 0.000329318
22 0.994568 0.0021402 4.54842e-05 0.00101307 0.00175239 0.000163864 0.000316999
0 0.00101547 0.0070365 0.000828779 0.00520278 0.981981 0.00193798 0.00199764
22 0.933734 0.0508494 0.00419197 0.0022136 0.00660797 0.00188083 0.000522146
13 0.000359336 0.000354258 0.9923 0.000541984 0.00147412 0.00396786 0.00100293
5 0.00891597 0.937796 0.00347818 0.00327882 0.0415829 0.00285824 0.0020898
22 0.941269 0.0510579 0.00153268 0.000849375 0.00220127 0.00219139 0.000898847
11 0.000591844 0.00107456 0.00926838 0.00172493 0.000523252 0.920998 0.0658186
11 0.00186498 0.00297463 0.00501525 0.00716203 0.000705962 0.965099 0.0171785
13 0.000310142 0.000274263 0.992826 0.000569172 0.00100145 0.00126329 0.00375521
22 0.978085 0.0211616 0.000165328 7.25543e-05 0.000228423 0.000120886 0.000166325
11 0.0046156 0.00720845 0.0179154 0.01074 0.00513519 0.89236 0.0620252
11 0.00362328 0.00503082 0.013803 0.0147492 0.00785347 0.897925 0.0570152
5 0.0294899 0.881757 0.00843416 0.0353131 0.0346585 0.00745655 0.00289128
0 0.00497399 0.0446278 0.00100824 0.0102566 0.938545 0.000327395 0.0002608
13 0.00295204 0.0121307 0.965224 0.00516483 0.00474885 0.00752928 0.00225025
11 0.000512072 0.00127345 0.011874 0.00654969 0.00125748 0.952996 0.0255368
22 0.943004 0.0510718 0.000503933 0.00125524 0.00267974 0.000776411 0.000709059
19 0.00203734 0.00407174 0.000612838 0.00890915 0.0100654 0.0208391 0.953464
22 0.946482 0.0512376 0.000188757 0.000125667 0.00103271 0.000375402 0.0005583
0 0.0122095 0.0520884 0.000263004 0.00712527 0.926902 0.000573605 0.000838624
4 0.00751621 0.00355807 0.000999608 0.97214 0.00809868 0.00175461 0.0059326
19 0.00280399 0.00209705 0.00918815 0.0144818 0.0158107 0.0766528 0.878965
4 0.00172103 0.00824059 0.00333069 0.967931 0.00611152 0.00731123 0.00535371
13 0.00221866 0.00370513 0.959945 0.00772248 0.00835047 0.0111773 0.00688095
22 0.947994 0.0253502 0.00182446 0.00435401 0.0158717 0.00196558 0.00263983
22 0.945282 0.0173944 0.00414931 0.0110614 0.0147912 0.003184 0.00413722
5 0.0417721 0.934372 0.000433068 0.00131471 0.0207663 0.000266165 0.00107613
22 0.925645 0.0485936 0.0037558 0.00299891 0.0156938 0.00267811 0.000635176
19 0.00090366 0.000780121 0.000408449 0.00442641 0.00189849 0.0159626 0.97562
19 0.000338549 0.00057049 0.00123067 0.0145606 0.00198421 0.0831165 0.898199
19 0.00309097 0.00572736 0.00146104 0.0159154 0.00745607 0.0178575 0.948492
0 0.000133094 0.0002858 7.00233e-05 0.0119753 0.985178 0.000129221 0.00222845
22 0.939602 0.0501487 0.000577812 0.000333847 0.00789556 0.000452893 0.000989498
22 0.923983 0.0364408 0.00298295 0.0219734 0.00748509 0.00378921 0.00334524
11 0.00146594 0.00223787 0.00735391 0.00325859 0.00340657 0.976957 0.00532031
13 0.00186977 0.00348042 0.953595 0.0127604 0.00545885 0.0108548 0.0119808
19 0.000702168 0.00107896 0.00348272 0.00441081 0.00863307 0.085891 0.895801
5 0.0426716 0.913396 0.00641052 0.00996588 0.021274 0.00335278 0.00292884
13 0.00151568 0.00364625 0.968902 0.00854907 0.00278663 0.010431 0.00416918
11 0.00342005 0.00734466 0.0107486 0.01774 0.0028347 0.915034 0.0428785
19 0.00356713 0.00530888 0.0068786 0.0118359 0.0101116 0.0849859 0.877312
5 0.0362446 0.925869 0.00651923 0.00369523 0.0248853 0.00203433 0.000751861
19 0.000532017 0.00106766 0.000716135 0.0018112 0.00318938 0.028968 0.963716
19 0.000712336 0.00218134 0.000552328 0.00188973 0.00142613 0.0286389 0.964599
11 0.00218466 0.000683294 0.0155202 0.00398169 0.00268301 0.900054 0.0748926
13 0.00293709 0.0024766 0.965131 0.0101481 0.0030006 0.0109764 0.00533022
0 0.00922936 0.0272908 0.00121454 0.00532137 0.955827 0.000376242 0.000740409
5 0.0398348 0.906549 0.0133974 0.00953506 0.022247 0.00519014 0.00324703
5 0.0136393 0.907472 0.00290958 0.0350455 0.0328583 0.00249998 0.00557529
4 0.00293358 0.00649677 0.00356396 0.964166 0.00964107 0.00583251 0.00736613
13 0.00492387 0.00763004 0.962598 0.00957389 0.00221032 0.0113535 0.0017102
5 0.035214 0.927032 0.0149754 0.0028096 0.0147698 0.00388261 0.00131621
19 0.00268496 0.00259673 0.00150379 0.0086655 0.010237 0.00327585 0.971036
13 0.00133542 0.00293249 0.983046 0.00156592 0.00760003 0.0012517 0.00226881
13 0.00734074 0.0122498 0.96281 0.00344237 0.00487437 0.00690837 0.00237399
13 0.000443412 0.000474324 0.979251 0.000198347 0.000937182 0.00944259 0.00925268
4 0.00261515 0.00610516 0.00405677 0.971086 0.00270149 0.00729946 0.00613571
13 0.00154365 0.00159164 0.973704 0.00134954 0.00374839 0.00978513 0.00827768
13 0.00273306 0.00435199 0.968818 0.00656584 0.0063522 0.0104092 0.000769396
11 0.00242036 0.00496287 0.0109441 0.00328593 0.0069212 0.948912 0.0225531
22 0.975656 0.0150799 0.000699378 0.00458482 0.00281302 0.000477576 0.000689722
11 0.000794098 0.0019551 0.00855567 0.00417506 0.00456083 0.960044 0.0199149
19 0.00233616 0.00195121 0.00113884 0.00832821 0.00448673 0.010003 0.971756
13 0.00334812 0.00534108 0.976098 0.00563572 0.00272238 0.0049031 0.0019512
19 0.00238676 0.00553726 0.00486714 0.0109332 0.0151558 0.083707 0.877413
22 0.993725 0.0039633 6.35921e-05 0.00115888 0.0002888 0.000390037 0.000410284
0 0.000175962 0.000196621 0.00387167 0.00339604 0.975577 0.00387008 0.0129127
13 0.00013372 0.000316081 0.97219 0.00333007 0.00240519 0.0104936 0.0111317
5 0.016541 0.975042 0.00233695 0.0017221 0.00356265 0.00028637 0.000508895
19 0.0021847 0.00250458 0.00692914 0.0013086 0.00348026 0.0876106 0.895982
5 0.0418825 0.93545 0.00228906 0.00137445 0.0146083 0.00334949 0.0010463
0 0.00854182 0.0265676 0.00968193 0.0107146 0.93519 0.00486307 0.00444043
5 0.0417002 0.941972 0.0033219 0.000855447 0.0106771 0.000500107 0.000973004
5 0.00819824 0.925042 0.00435602 0.0157726 0.0423551 0.0022606 0.0020154
13 0.000588827 0.000568481 0.983133 0.000808917 0.00265448 0.00868946 0.0035572
4 0.00079245 0.00420654 0.00320795 0.971415 0.00391497 0.00633781 0.0101248
11 0.00189625 0.00284025 0.0130342 0.00577094 0.00545764 0.923807 0.0471938
13 0.000924428 0.00107967 0.972498 0.00321408 0.00612772 0.0103145 0.00584174
13 0.000313604 0.000355869 0.965 0.00380146 0.00351475 0.0114468 0.0155673
22 0.934999 0.0509766 0.000669666 0.00144282 0.0102697 0.000969868 0.000672084
22 0.944827 0.0509757 0.00118425 0.000106219 0.00222468 0.000213642 0.000468177
22 0.92796 0.0510762 0.000754438 0.00670134 0.00809781 0.0032988 0.00211143
22 0.94032 0.0171889 0.00426734 0.0163546 0.0154579 0.00327202 0.00313948
5 0.0409437 0.952567 0.000154765 0.00190004 0.00299385 0.00048007 0.000960809
22 0.928206 0.036084 0.00360347 0.00861786 0.0194498 0.00269051 0.00134869
22 0.926934 0.0343859 0.0014113 0.0126159 0.0195669 0.00238067 0.00270508
5 0.0417918 0.926653 0.00367925 0.0118897 0.00747273 0.00553063 0.00298268
0 0.0023777 0.0442375 0.00609795 0.000747104 0.940365 0.00448743 0.00168773
11 0.00230808 0.00671243 0.00762287 0.00269259 0.00405521 0.972865 0.00374396
11 0.00275945 0.00684365 0.0055824 0.0111483 0.00126629 0.954933 0.0174669
22 0.924521 0.0509661 0.00373105 0.00739309 0.00835957 0.00264959 0.00237995
22 0.936847 0.0500084 0.00104298 0.00616775 0.00404998 0.000759727 0.00112418
22 0.945828 0.0511861 0.000549979 0.000149174 0.00121778 0.000227416 0.000841164
13 0.0025999 0.00801576 0.969004 0.00721788 0.0082065 0.0038904 0.00106577
11 0.00485961 0.00937611 0.00797203 0.0142053 0.0063456 0.934736 0.0225056
0 0.00101688 0.000796761 0.00129708 0.0125946 0.974168 0.00107142 0.00905536
0 0.00910641 0.043828 0.00297804 0.000556664 0.943173 0.000230392 0.00012761
13 0.00120003 0.00389362 0.968387 0.00649126 0.0054003 0.010365 0.00426294
5 0.0206349 0.914866 0.00373987 0.0126219 0.0416044 0.00293758 0.00359561
11 0.000393927 0.00110057 0.00755337 0.00206182 0.0013112 0.979751 0.00782842
22 0.9854 0.00920855 0.000457487 0.000364707 0.00399208 0.000315724 0.000261839
19 0.00196686 0.00334209 0.00412703 0.0190122 0.008599 0.0364785 0.926474
0 0.00360286 0.00882465 0.000579705 0.00857982 0.976633 0.000663479 0.00111624
5 0.0423204 0.921212 0.00550449 0.00321988 0.0210813 0.00364824 0.00301371
4 0.00370322 0.006274 0.00382928 0.970603 0.00850361 0.00247423 0.00461249
0 0.00782706 0.0410769 0.00662128 0.00458398 0.938562 0.000618308 0.000710189
19 0.00171674 0.00496873 0.00125691 0.0220989 0.00575313 0.0498973 0.914308
5 0.0267732 0.910417 0.00912412 0.0198552 0.0278247 0.00528638 0.000719128
5 0.0396031 0.896439 0.00545616 0.0104866 0.0403855 0.00445644 0.0031727
19 0.000421957 0.000930532 0.000157688 0.00640503 0.00115368 0.0179734 0.972958
0 0.00517144 0.0452581 0.00405757 0.00118508 0.941691 0.00176834 0.000868073
22 0.962569 0.00871308 0.00348087 0.00616098 0.0130593 0.00276887 0.00324823
22 0.931103 0.0508955 0.00439879 0.00216997 0.00976931 0.00104876 0.00061426
19 0.00292364 0.00390464 0.0243647 0.00348395 0.0186011 0.0489134 0.897809
22 0.929815 0.0508324 0.000532984 0.00197001 0.0129061 0.00171288 0.00223061
13 0.000839665 0.00107172 0.982904 0.00289402 0.00137697 0.00933291 0.00158047
4 0.00664221 0.010218 0.00376175 0.956073 0.00797412 0.00532095 0.0100098
19 0.000631828 0.00152135 0.00370449 0.0202133 0.00351175 0.0730328 0.897384
4 0.010567 0.01748 0.000267728 0.961228 0.00356356 0.00416013 0.00273364
19 0.0030431 0.00542988 0.00395494 0.0158864 0.00196856 0.0288612 0.940856
22 0.957844 0.0273633 0.00363423 0.000678019 0.00857492 0.00116699 0.000738503
5 0.0264969 0.895369 0.0021515 0.022927 0.0464891 0.0035525 0.00301436
22 0.942144 0.0510666 0.00141209 0.00124319 0.00267181 0.000865806 0.0005967
5 0.0418454 0.940534 0.00246403 0.00112889 0.0112486 0.00149223 0.00128696
4 0.00268812 0.0109355 0.00400331 0.969548 0.00942107 0.00182721 0.00157731
22 0.781985 0.19026 0.00756665 0.00869706 0.00659978 0.00288198 0.00200914
5 0.0438159 0.905032 0.00714865 0.0094135 0.0269119 0.00484381 0.00283458
19 0.00102389 0.00138527 0.0055414 0.00803716 0.00320491 0.0891227 0.891685
22 0.958571 0.0391444 0.000299473 0.000205 0.000780553 0.00035105 0.000648466
22 0.955043 0.0396173 0.000477799 0.00206482 0.000403688 0.00130174 0.00109175
5 0.0276232 0.903536 0.00876085 0.0088576 0.0438951 0.00382547 0.00350137
22 0.936363 0.0507376 0.000747579 0.00628369 0.0046022 0.000834566 0.000431821
11 0.000562671 0.000835692 0.0079552 0.00495165 0.00123949 0.90538 0.0790754
11 0.00126468 0.00259261 0.008801 0.00322491 0.00207858 0.965635 0.0164037
22 0.988734 0.00411127 0.00066952 0.0031636 0.00186398 0.000674025 0.000783677
11 0.000386858 0.000303956 0.00701869 0.00179516 0.00301015 0.907845 0.0796397
13 0.00148939 0.00400276 0.972311 0.0101005 0.00448812 0.00531384 0.00229418
13 0.00203993 0.0119095 0.960292 0.00941436 0.00625387 0.00963527 0.000454726
11 0.00079112 0.00165172 0.0137707 0.00378792 0.00101577 0.909088 0.0698951
5 0.0209407 0.911453 0.0033147 0.0132046 0.0425066 0.00659329 0.00198719
5 0.0426523 0.880724 0.00558695 0.0165851 0.0467487 0.00466481 0.0030386
0 0.00348036 0.0455177 0.000801447 0.00118027 0.948298 0.000410902 0.00031091
11 0.0010998 0.000789187 0.0115314 0.00102989 0.00161212 0.905812 0.078126
22 0.967979 0.0288257 0.000403352 0.000277741 0.00174723 0.000524731 0.000242532
22 0.98558 0.0122631 0.000623198 0.000156011 0.000688212 0.00027411 0.000415869
0 0.00282788 0.0187793 0.00694432 0.00711379 0.952918 0.00599455 0.0054217
5 0.0422533 0.919836 0.00661842 0.00799316 0.018494 0.00290201 0.00190292
11 0.00253665 0.00374331 0.00721859 0.00172414 0.00506448 0.971099 0.00861371
22 0.946759 0.0285977 0.00419623 0.00167049 0.0160611 0.00171404 0.00100193
22 0.91816 0.0455897 0.0110996 0.00764291 0.0128886 0.00321585 0.00140375
19 0.00262655 0.0054893 0.00246197 0.0230462 0.0062371 0.0516135 0.908525
11 0.00175341 0.00304422 0.019554 0.00485191 0.0013022 0.907727 0.0617677
22 0.926816 0.0503156 0.00162172 0.00542658 0.012769 0.00218393 0.000867216
4 0.0105114 0.0195007 0.00198451 0.962159 0.00304501 0.00135064 0.00144858
19 0.00281054 0.00346848 0.00786122 0.0214499 0.0122536 0.0773428 0.874813
11 0.00172882 0.00420343 0.0136547 0.0043359 0.00542476 0.926081 0.0445711
11 0.000771779 0.000875376 0.00801866 0.00609203 0.00178033 0.970691 0.0117705
5 0.0418901 0.931815 0.00162236 0.00615048 0.0159114 0.00127731 0.0013329
13 0.000122603 0.000220926 0.979323 0.000185683 0.0010084 0.00956029 0.00957937
22 0.929849 0.0365319 0.00774936 0.0020384 0.0192281 0.00240689 0.00219676
0 0.0101451 0.036017 0.000980881 0.012691 0.938443 0.0011662 0.000557136
19 0.00295046 0.00465771 0.0125964 0.0216392 0.023568 0.0575093 0.877079
0 0.011496 0.0400412 0.000451708 0.00183282 0.945869 0.000190867 0.000118103
13 0.000168335 0.000574733 0.975564 0.00243224 0.00716663 0.00961908 0.00447531
19 0.00298311 0.00413396 0.00537457 0.0239263 0.00620031 0.0552471 0.902135
13 0.00216318 0.00085741 0.966466 0.00475095 0.00774797 0.00926451 0.00874987
19 0.00292853 0.00443879 0.00713075 0.0252688 0.0045739 0.0585373 0.897122
11 0.0042512 0.00716361 0.00999779 0.00927855 0.00465098 0.949734 0.0149235
0 0.00386366 0.0312594 0.00563223 0.0177745 0.935064 0.00238804 0.00401782
22 0.931172 0.0485152 0.0019776 0.00128254 0.0151711 0.000962584 0.000919462
4 0.00039615 0.000621342 0.000251168 0.987601 0.00176499 0.00261119 0.00675443
19 0.00242922 0.00484508 0.0187418 0.00568773 0.0152357 0.0782693 0.874791
19 0.000463052 0.00061874 0.000238266 0.01192 0.00183007 0.0120526 0.972877
22 0.976865 0.0123748 0.000222658 0.00314297 0.00660024 0.000325384 0.00046915
19 0.00226579 0.00207276 0.00925928 0.00509817 0.00136228 0.0874298 0.892512
22 0.929121 0.0505604 0.00177664 0.00491786 0.011923 0.00086132 0.000840227
11 0.00109439 0.00213176 0.00515843 0.0200048 0.00204254 0.904749 0.0648193
0 0.00118377 0.0132229 0.00171169 0.0137881 0.966034 0.00195144 0.0021083
19 0.000790971 0.000958687 0.00170205 0.0195739 0.00360012 0.0512751 0.922099
0 0.0101058 0.0293962 0.000926286 0.00108576 0.956292 0.00161287 0.000581302
0 0.00313707 0.0284997 0.0103856 0.0154847 0.929594 0.00398081 0.0089182
22 0.92584 0.0413673 0.00349376 0.0137728 0.0102466 0.00276448 0.00251539
22 0.945633 0.0487401 0.000321344 0.00240557 0.00204899 0.000147484 0.000703571
22 0.930046 0.0509238 0.00380001 0.00590132 0.00293029 0.00412417 0.00227409
11 0.00122015 0.00130708 0.00534037 0.00125714 0.0028076 0.908118 0.0799495
22 0.920778 0.0505579 0.00647609 0.00623825 0.0096827 0.00420431 0.00206318
4 0.00241474 0.0060957 0.003882 0.961584 0.00701953 0.00676125 0.0122429
13 0.00282462 0.00396342 0.962923 0.00452208 0.00516972 0.00815709 0.0124396
11 0.0012774 0.00386542 0.0112806 0.00740177 0.00199509 0.936881 0.037299
22 0.971846 0.00572297 0.000224809 0.0154662 0.00483532 0.000416788 0.00148777
11 0.00195847 0.0027835 0.00557307 0.00145629 0.00347287 0.904957 0.0797992
11 0.000493458 0.000421774 0.00491638 0.00031814 0.00288633 0.910878 0.080086
0 0.00772225 0.0443378 0.00299553 0.00659881 0.932069 0.00511591 0.0011606
0 0.00384333 0.0448851 0.00643212 0.00702792 0.933268 0.00169662 0.00284637
22 0.990498 0.0055213 0.00102231 0.00202776 0.000275494 0.000135093 0.00052033
22 0.937705 0.023835 0.00204667 0.0129239 0.0171198 0.00271959 0.00364977
13 0.00185712 0.00339987 0.95833 0.00753057 0.0064069 0.0116513 0.0108241
11 0.00299566 0.0095513 0.00748355 0.0141989 0.00491587 0.928457 0.0323978
13 0.00224565 0.00428249 0.978202 0.00329154 0.00138992 0.00906228 0.00152585
19 0.00236604 0.00416943 0.00576226 0.00636853 0.00625685 0.0870553 0.888022
13 0.00212927 0.0104997 0.963979 0.00664964 0.00486193 0.0101518 0.00172855
5 0.0173509 0.977041 0.00296083 0.000132051 0.00142548 0.000217024 0.000872399
22 0.941188 0.0399961 0.000800303 0.00832586 0.0079658 0.00106926 0.000654804
5 0.0429275 0.917027 0.00328293 0.00967985 0.0228449 0.00233335 0.00190466
22 0.941626 0.0509738 0.00119019 0.00157916 0.00325075 0.000771362 0.000609068
0 0.00193684 0.0365207 0.00224455 0.00182751 0.954197 0.00249543 0.000777875
13 0.000122002 0.000114248 0.976079 0.000280411 0.00180188 0.0104463 0.0111562
13 0.00525391 0.00563344 0.983374 0.00148143 0.00175276 0.00203888 0.000466006
5 0.0410526 0.954357 0.000683315 0.00077312 0.00256532 0.000190186 0.000378431
11 0.000833251 0.00216284 0.0190758 0.00256427 0.00494969 0.913149 0.057265
0 0.00663783 0.0455243 0.0026721 0.00501038 0.936335 0.00180888 0.0020114
4 0.00653091 0.0143108 0.00375003 0.953146 0.00968817 0.00913255 0.00344196
0 0.01141 0.0406381 0.00541798 0.00553982 0.933768 0.00160233 0.00162409
13 0.00145509 0.00852293 0.956829 0.00646864 0.00925976 0.0106469 0.00681773
11 0.00290145 0.00699144 0.00789054 0.00879772 0.0142382 0.935303 0.0238775
11 0.0022878 0.00191218 0.00789006 0.0130588 0.0156523 0.915742 0.0434564
0 0.0119288 0.03722 0.00145238 0.0114993 0.933773 0.00144169 0.00268458
19 0.00266933 0.00250932 0.00597068 0.0162281 0.00381392 0.085102 0.883707
13 0.00102018 0.000471885 0.978253 0.00131559 0.00813023 0.0024949 0.00831454
19 0.00348965 0.00466804 0.0025285 0.0147527 0.00745097 0.0165871 0.950523
22 0.969105 0.0135439 0.00593679 0.000829686 0.00406123 0.00431718 0.00220608
0 0.00278778 0.0462158 0.00402637 0.00381569 0.939035 0.00115758 0.002962
22 0.934023 0.0510025 0.000826944 0.00552563 0.00700829 0.00121719 0.000396677
13 0.000396406 0.000963586 0.972381 0.00180442 0.00665838 0.010515 0.00728109
0 0.00905756 0.0414837 0.00717198 0.000727784 0.936486 0.00162006 0.0034527
22 0.971363 0.00961616 0.000542505 0.00372482 0.0136233 0.000451195 0.000678718
11 0.00082155 0.00363303 0.00336504 0.00388621 0.00139418 0.979139 0.00776129
19 0.00131737 0.00102622 0.00275541 0.00757614 0.000388464 0.0869012 0.900035
22 0.918005 0.0507377 0.00392509 0.0111955 0.0108377 0.00284341 0.00245527
22 0.966237 0.0319146 0.000239072 0.000131747 0.000744647 8.21624e-05 0.000650357
5 0.0409415 0.943031 0.000286356 0.00349634 0.0107443 0.000135491 0.00136537
11 0.000699727 0.0017371 0.0167268 0.000954813 0.00187043 0.925833 0.0521777
5 0.0409728 0.941855 0.00256527 0.00134692 0.0110383 0.00114856 0.00107264
4 0.00803092 0.0134284 0.000594429 0.972125 0.0039602 0.000437251 0.0014237
11 0.00204802 0.00299485 0.00576304 0.0110326 0.00236867 0.897589 0.0782037
19 0.00243211 0.00318231 0.000765344 0.00875176 0.00330498 0.00853079 0.973033
22 0.951082 0.028501 0.00235609 0.013103 0.00326396 0.000875355 0.00081842
4 0.000870318 0.00206467 0.00344298 0.973985 0.00415205 0.00701289 0.00847173
0 0.000452521 0.00130171 0.00276236 0.00687926 0.972178 0.00303818 0.0133878
5 0.0547489 0.904975 0.00584521 0.00997455 0.0220077 0.00107396 0.00137498
4 0.001774 0.00607655 0.00386718 0.966516 0.00965428 0.00312498 0.00898659
13 0.00379485 0.00950688 0.964228 0.00322244 0.00530702 0.00788665 0.00605419
22 0.946264 0.0500295 0.000231399 0.00149613 0.000680471 0.000355611 0.000943408
13 0.00237066 0.0073388 0.968237 0.00380328 0.00463001 0.0104372 0.0031834
11 0.00026307 0.000551626 0.0134404 0.00125039 0.00371057 0.903973 0.0768106
22 0.93667 0.0510619 0.000838984 0.000980437 0.00898866 0.000829424 0.00063032
4 0.00639091 0.0051726 0.00315987 0.96767 0.00914795 0.00230477 0.00615381
19 0.00307027 0.00177289 0.00139516 0.0152031 0.00406805 0.0248339 0.949657
19 0.0024524 0.00609829 0.00643642 0.00520515 0.00783217 0.0469668 0.925009
22 0.962962 0.0319835 0.000246491 0.0011884 0.00198138 0.000206877 0.00143151
4 0.000627411 0.00508142 0.00065538 0.971537 0.00764556 0.00688367 0.00756947
22 0.952106 0.0419507 0.00192062 0.000302848 0.00273757 0.000787054 0.000195315
13 0.000839549 0.00424983 0.976368 0.00120715 0.00399236 0.00970848 0.00363417
22 0.942549 0.0507018 0.00036824 0.00100426 0.00460457 0.000254023 0.000517811
0 0.00075437 0.00541769 0.000144434 0.00046607 0.992942 9.38629e-05 0.000181149
5 0.00549982 0.934513 0.00704478 0.0076977 0.0413429 0.00274323 0.00115842
4 0.00607665 0.00598578 0.00332978 0.963219 0.00898267 0.00625176 0.00615403
22 0.92235 0.0504394 0.0106463 0.00343503 0.00868494 0.00283317 0.00161082
0 0.00489211 0.00832776 0.00511251 0.0113805 0.96307 0.00297797 0.0042394
22 0.927233 0.0505489 0.000793726 0.0052765 0.0119884 0.0027486 0.00141087
0 0.00726381 0.0449386 0.000213372 0.00295413 0.943922 0.000154466 0.000553422
5 0.00983674 0.933789 0.00769241 0.00469534 0.0409914 0.0016951 0.00130032
11 0.00101846 0.0018038 0.0148763 0.00293691 0.000809502 0.913091 0.065464
22 0.913794 0.0470594 0.0108218 0.00440044 0.0166314 0.00523952 0.00205382
4 0.0100437 0.0152907 0.00153252 0.964441 0.00519002 0.00248774 0.00101414
11 0.00187629 0.00164746 0.0184378 0.00906866 0.00313146 0.911944 0.0538946
5 0.0369463 0.902686 0.00435796 0.00948915 0.0421515 0.00110814 0.00326115
22 0.9519 0.026916 0.00130116 0.00798514 0.0100318 0.00108376 0.000781675
22 0.879692 0.104864 0.000543936 0.00122494 0.00846568 0.00309107 0.00211904
22 0.927679 0.0376343 0.00501837 0.00512161 0.0195132 0.00325734 0.00177671
22 0.941385 0.0510846 0.00130347 0.00090437 0.00163182 0.00204743 0.00164289
19 0.00200709 0.00200924 0.000636037 0.0148146 0.00139404 0.0134168 0.965722
13 0.00761647 0.00638331 0.957279 0.00760411 0.00814003 0.0100336 0.00294312
13 0.000646956 0.000619851 0.968315 0.00674005 0.0085851 0.00798487 0.00710823
22 0.944471 0.0511011 0.000336636 4.04513e-05 0.00349461 0.000185756 0.000369995
4 0.00808731 0.013365 0.0019637 0.970097 0.00280599 0.00197407 0.00170705
0 0.001673 0.00122217 0.000419926 0.0122541 0.981926 0.000214276 0.0022901
5 0.0396456 0.913349 0.00327219 0.00108001 0.0393669 0.00208889 0.00119757
0 0.00356608 0.00381848 0.00471019 0.000150778 0.987298 0.000163806 0.000292349
22 0.93771 0.0452294 0.00480453 0.00150661 0.00915543 0.00055061 0.00104382
5 0.037116 0.918261 0.000841375 0.000623774 0.0416227 0.000590939 0.000944331
19 0.00250856 0.00255746 0.0124616 0.0084522 0.00384191 0.0864315 0.883747
22 0.983208 0.0106608 0.00176615 0.000946198 0.00164771 0.000974411 0.000797264
13 0.00381221 0.00429885 0.963196 0.00560998 0.00614918 0.0107001 0.00623336
22 0.968397 0.0271172 0.000215907 0.000789986 0.00141266 0.000859663 0.00120787
0 0.00305687 0.0117414 0.00145034 0.0076111 0.975129 0.000484763 0.000526579
11 0.00302498 0.00251737 0.0155444 0.00518284 0.0028742 0.924009 0.0468473
19 0.00259372 0.0043023 0.00364758 0.0157977 0.00473354 0.0321747 0.93675
19 0.000729394 0.00151757 0.000410744 0.00789811 0.00357744 0.0229759 0.962891
22 0.933019 0.0501408 0.000951806 0.000591569 0.0136642 0.000506008 0.00112632
11 0.000682549 0.000862614 0.00214782 0.00210316 0.00271666 0.911316 0.0801712
13 0.00154063 0.000385362 0.997016 0.000152978 0.00027932 0.000425676 0.000200413
4 0.00246493 0.0243533 0.00146258 0.961471 0.00667585 0.00270924 0.000863446
5 0.00997131 0.986496 0.000392469 0.00037039 0.00227351 0.000233278 0.000262699
22 0.989288 0.00169568 0.000948457 0.00497091 0.00154905 0.00102717 0.00052065
0 0.000636724 0.00110722 0.00488319 0.0126315 0.969129 0.000877764 0.0107342
0 0.0113436 0.0319618 0.00126609 0.00428898 0.948385 0.000442029 0.00231265
5 0.0197757 0.913243 0.0174169 0.0102659 0.0327193 0.00527697 0.00130199
22 0.944577 0.0510553 0.000503593 0.000611247 0.00167742 0.00082623 0.000749169
11 0.00110525 0.00152247 0.0134002 0.00209062 0.00528246 0.900299 0.0762997
11 0.00437627 0.00910499 0.013589 0.0136772 0.00525784 0.93482 0.0191746
11 0.000759239 0.000608346 0.0194182 0.00216392 0.0026987 0.907559 0.0667924
11 0.00204489 0.00307137 0.00836382 0.00114267 0.0035547 0.965989 0.0158337
11 0.0030558 0.00780824 0.00892993 0.00350965 0.0054377 0.961418 0.00984028
13 0.000673792 0.000748053 0.979637 0.000740915 0.0022432 0.00646857 0.00948859
19 0.00292582 0.00519225 0.00250533 0.0165916 0.00659845 0.0251302 0.941056
13 0.00155587 0.00739021 0.984559 0.000556436 0.00158801 0.00336241 0.000987624
5 0.0414061 0.930441 0.000865353 0.00315225 0.0200363 0.00122487 0.00287378
0 0.00103976 0.00685184 0.000732228 0.000754635 0.990226 0.000196283 0.000198792
22 0.922707 0.0505631 0.00375454 0.00605064 0.0123176 0.00317042 0.00143672
22 0.974065 0.0141675 0.000122895 0.00965794 0.000439057 0.000852775 0.000695195
5 0.0415318 0.93612 0.000467182 0.000361806 0.0202333 0.000272125 0.00101401
0 0.00393277 0.0457414 0.000862878 0.000494004 0.948119 0.000559945 0.000289713
22 0.929335 0.0510277 0.00146347 0.0106781 0.00293829 0.00317377 0.00138379
5 0.0380117 0.895576 0.00909011 0.00817089 0.0404638 0.00457392 0.00411391
13 0.00132522 0.00390967 0.962445 0.00705253 0.00288565 0.0109648 0.011417
22 0.940709 0.0497399 0.000566946 0.000944121 0.00680617 0.000371738 0.000862159
13 0.00293001 0.00415422 0.978261 0.00131326 0.00118734 0.00959872 0.00255586
13 0.00324481 0.0118707 0.970754 0.00216742 0.00442906 0.00627187 0.00126255
11 0.00252566 0.00588113 0.00552468 0.00246511 0.00261459 0.963502 0.0174864
5 0.0426786 0.916462 0.00109641 0.00333556 0.0322976 0.00203849 0.00209114
13 0.00855343 0.0109586 0.96864 0.00403064 0.00391166 0.00357095 0.000334616
22 0.930249 0.0241679 0.00289832 0.0162605 0.01752 0.00281329 0.00609091
22 0.948369 0.0443401 0.000281504 0.00128657 0.00411976 0.000683101 0.000919707
5 0.0131673 0.923401 0.0028257 0.0130714 0.0418902 0.00253731 0.00310703
22 0.942816 0.05078 0.00100348 0.00060141 0.00367369 0.000482997 0.000642396
11 0.00258878 0.0038067 0.0189537 0.00793401 0.00968264 0.901242 0.055792
13 0.00266526 0.00433124 0.973667 0.00567476 0.00795995 0.00261643 0.00308512
0 0.00151961 0.0147007 0.00357332 0.0154737 0.946539 0.00915794 0.00903612
19 0.0024385 0.00283459 0.00643786 0.0204942 0.0168389 0.074269 0.876687
19 0.00249064 0.00425845 0.0041508 0.0252188 0.00621578 0.075563 0.882103
0 0.0116738 0.0380618 0.00152659 0.00322955 0.944852 0.00031715 0.000338677
0 0.00215017 0.0040964 0.00626893 0.00851358 0.971321 0.00197697 0.00567262
0 0.00683532 0.00902895 0.00128002 0.0103122 0.971339 0.000255521 0.0009488
4 0.00124034 0.00377599 0.000638808 0.987032 0.00135355 0.0025467 0.00341276
13 0.00316276 0.00529177 0.972272 0.00714206 0.00878926 0.00282656 0.000515822
19 0.00246101 0.00355281 0.00684308 0.0177113 0.00517407 0.0842171 0.880041
22 0.944052 0.0511087 0.00113492 0.00139969 0.000644103 0.000879223 0.000781369
0 0.00415887 0.0459716 0.000371031 0.00210012 0.94304 0.00199909 0.00235939
0 0.00233702 0.0197544 0.00776536 0.0167391 0.938535 0.00470149 0.0101676
13 0.00284376 0.00561176 0.969786 0.00534233 0.00848454 0.00514431 0.00278756
22 0.984824 0.00664488 0.000723132 0.00505994 0.00126591 0.000814954 0.000666784
11 0.0019109 0.00107652 0.00741284 0.0034996 0.00270276 0.903914 0.0794829
5 0.0393273 0.907579 0.005911 0.0294361 0.00834584 0.00675742 0.0026435
5 0.0404879 0.937579 0.00923702 0.00374642 0.00530808 0.00250341 0.00113825
22 0.93534 0.0254742 0.00565516 0.0111417 0.015812 0.0031239 0.00345323
22 0.929834 0.0508442 0.00353576 0.00423823 0.00721962 0.00281864 0.0015091
13 0.00176292 0.00906785 0.979656 0.000695776 0.00452915 0.00359919 0.000688977
13 0.00179645 0.00113536 0.972185 0.00150585 0.00190216 0.0104416 0.0110334
22 0.918143 0.0455664 0.0028326 0.00970166 0.0187578 0.00276871 0.00222969
13 0.0021497 0.00368361 0.969579 0.00676811 0.00183678 0.01041 0.00557308
11 0.00097441 0.0015618 0.00299906 0.0013848 0.00322618 0.978013 0.0118407
13 0.00172681 0.00465955 0.959879 0.00662539 0.00528015 0.0111271 0.0107025
13 0.0017404 0.00464499 0.962077 0.00636396 0.00354059 0.0107091 0.0109241
4 0.00400977 0.0132621 0.00126735 0.965242 0.00941317 0.000973724 0.00583186
13 0.00130604 0.000937419 0.971411 0.00318119 0.00623614 0.0100785 0.00685026
22 0.951814 0.0349065 0.00108774 0.00377194 0.00734007 0.00028438 0.000795062
22 0.971484 0.0200775 0.000174008 0.00611045 0.00115393 0.000650255 0.000350086
5 0.0223888 0.900642 0.0183367 0.0115373 0.0311651 0.0116883 0.0042416
22 0.964487 0.0178523 0.001803 0.00225549 0.0096109 0.00284577 0.00114561
22 0.983259 0.0123061 0.000129426 0.00146442 0.00230675 0.000161423 0.000373185
22 0.943408 0.0511132 0.000386402 0.00177248 0.00103996 0.00180477 0.00047566
22 0.942047 0.0509929 0.00152708 0.000874801 0.00153566 0.00157806 0.00144413
4 0.00967681 0.0115669 0.000262645 0.968005 0.00671622 0.00232369 0.00144856
13 2.65145e-06 3.26934e-06 0.997067 0.000269387 0.000189049 0.00147777 0.000991312
13 0.00120959 0.00373038 0.958848 0.00389897 0.00503371 0.0117786 0.015501
22 0.934054 0.0509847 0.00256539 0.00516794 0.00220798 0.00301552 0.00200424
13 0.00232186 0.00997671 0.967965 0.00420442 0.00365303 0.0104564 0.00142233
22 0.926532 0.0505783 0.000381978 0.00899501 0.0082892 0.00226543 0.0029577
22 0.940237 0.0509688 0.00189149 0.00102292 0.00312064 0.00173502 0.00102364
0 0.000293933 0.00208556 0.00341357 0.000887252 0.991661 0.000230864 0.00142732
5 0.027377 0.898133 0.00809954 0.013776 0.0442668 0.00469643 0.00365151
5 0.0419811 0.906085 0.00296657 0.0186671 0.0193326 0.00790849 0.00305888
5 0.0420163 0.923352 0.000686662 0.0109839 0.0202845 0.000745275 0.00193142
5 0.0410534 0.947842 0.00140787 0.000607876 0.00766306 0.00047483 0.000950697
13 0.000750907 0.00120856 0.965482 0.00896454 0.0044665 0.0106617 0.00846547
4 0.000435803 0.00159878 0.00114971 0.979583 0.00104028 0.00567706 0.0105158
11 0.00159298 0.00413584 0.0102241 0.00888942 0.0035848 0.956895 0.014678
19 0.0023899 0.00232843 0.00687412 0.00643242 0.00346862 0.0872294 0.891277
13 0.00196024 0.00831632 0.971732 0.00177268 0.00304291 0.00910263 0.00407307
11 0.000760262 0.00208371 0.0106045 0.00392987 0.00288662 0.952232 0.0275029
0 0.00363422 0.0280235 0.00142841 0.016114 0.945873 0.00215256 0.00277426
11 0.001692 0.00550676 0.015913 0.0120654 0.00319867 0.921113 0.0405112
13 0.0032101 0.0055417 0.952803 0.0107036 0.00558031 0.0118806 0.0102803
4 0.0022112 0.00916988 0.00650276 0.971883 0.00579044 0.00293493 0.00150821
19 0.00107401 0.00186682 0.000527103 0.00785095 0.00571829 0.0122474 0.970715
19 0.00132919 0.00345651 0.0061311 0.0083597 0.00187449 0.087264 0.891585
22 0.938893 0.0500623 0.000392889 0.00269229 0.00588727 0.000638039 0.00143393
13 0.000836382 0.00184804 0.990476 0.000802896 0.000493054 0.00395771 0.00158547
13 0.000679442 0.000487077 0.971121 0.000727807 0.00736884 0.00875753 0.0108588
0 0.00840136 0.0262601 0.00255019 0.00570487 0.955774 0.000611683 0.000698025
19 0.00127652 0.00143059 0.000815687 0.0183466 0.00649657 0.0356589 0.935975
5 0.0402361 0.898592 0.0013196 0.0179699 0.0405402 0.000428429 0.000913491
22 0.927882 0.035796 0.00422645 0.00833782 0.0191602 0.00254414 0.00205307
22 0.935144 0.05071 0.00130811 0.000367553 0.011543 0.000392598 0.000534797
0 0.0097443 0.0372923 0.000902181 0.0111597 0.936296 0.00172848 0.0028775
22 0.928471 0.050933 0.00212944 0.00631837 0.00961935 0.000962216 0.0015669
22 0.977312 0.020454 0.000222046 0.000481716 0.0008809 0.000332446 0.000317221
5 0.0334539 0.910971 0.00211409 0.00806621 0.0434301 0.00092337 0.00104163
11 0.0011484 0.00114597 0.019092 0.00156378 0.00403688 0.90482 0.0681935
11 0.0041297 0.00608591 0.00994743 0.00776791 0.00614177 0.953206 0.012721
22 0.922384 0.0482268 0.00358687 0.00445531 0.016457 0.00257744 0.00231227
11 0.00237748 0.00440223 0.00689883 0.0182802 0.010553 0.893548 0.0639399
5 0.00383132 0.978714 0.00441531 0.0020192 0.0049701 0.00358736 0.00246297
5 0.0223893 0.908119 0.00299808 0.0152372 0.0428137 0.0054979 0.00294455
13 0.000173095 0.000373324 0.970237 0.00624276 0.00227423 0.0102023 0.010497
19 0.000758177 0.000675902 0.000787465 0.0117019 0.00112421 0.0858806 0.899072
22 0.953506 0.0323086 0.00129537 0.00370994 0.007786 0.00059614 0.000797879
22 0.988855 0.00471392 0.000557135 0.00337088 0.00145989 0.00030515 0.00073797
5 0.0412412 0.95268 0.000370573 0.00100065 0.00178184 0.000491447 0.00243467
13 0.000902907 0.00256914 0.979437 0.00156418 0.000476618 0.00965449 0.00539553
0 0.00385543 0.0460525 0.00287156 0.000801867 0.945515 0.000437589 0.000466302
22 0.945742 0.0510788 0.000356559 0.000827482 0.0014664 9.67231e-05 0.000432538
13 0.00210969 0.00889944 0.96118 0.00602955 0.00833724 0.0103138 0.00313022
22 0.923078 0.0339262 0.00448782 0.0134003 0.0197898 0.00277142 0.00254669
0 0.00683089 0.0324259 0.0118194 0.00537285 0.934433 0.00360935 0.00550873
11 0.0034429 0.0043508 0.0116197 0.00455465 0.00536891 0.929516 0.0411469
11 0.00457589 0.00759073 0.0102031 0.0068072 0.00346996 0.958279 0.00907386
22 0.938788 0.0510047 0.00336929 0.00172185 0.00158437 0.00254209 0.000990113
11 0.00383033 0.00560073 0.00662537 0.00930679 0.00229428 0.970336 0.0020068
11 0.00116622 0.00138495 0.00610316 0.00251307 0.00173807 0.908213 0.0788819
4 0.00160792 0.0099351 0.00458485 0.965246 0.00250027 0.00762611 0.00849955
19 0.00236021 0.00283665 0.00837744 0.0138773 0.00507167 0.0853911 0.882086
13 0.00433684 0.0109315 0.960794 0.0070274 0.00672137 0.00846942 0.00171917
19 0.00171144 0.00353082 0.00648546 0.00652509 0.0212539 0.0755864 0.884907
11 0.00330634 0.00693316 0.0188402 0.00886618 0.00737542 0.893701 0.0609775
11 0.00229438 0.00257757 0.0287174 0.00709553 0.0041109 0.894821 0.0603835
5 0.0429422 0.899718 0.00591426 0.0128601 0.0289076 0.00677908 0.00287902
0 0.000487251 0.00364529 0.000593391 0.00738971 0.973325 0.00121447 0.0133452
22 0.960298 0.0163798 0.00133686 0.00850935 0.00869934 0.00290578 0.00187047
22 0.923091 0.051012 0.00654728 0.00518384 0.00926244 0.00280591 0.00209808
5 0.0540947 0.907737 0.00605903 0.00940826 0.0201518 0.00118883 0.00136006
19 0.00272265 0.00289209 0.0261497 0.00779511 0.00953382 0.0658797 0.885027
