labels 22 5 13 4 0 11 19
13 0.0017149 0.0010027 0.931006 0.00102533 0.00751307 0.0571852 0.000552424
4 0.018596 0.0905748 0.00539312 0.826112 0.00790014 0.0482449 0.00317867
11 0.00179196 0.00180964 0.00571659 0.0043516 0.00374109 0.969666 0.0129233
11 0.01144 0.0114321 0.0513143 0.0429416 0.0500624 0.780761 0.0520483
22 0.950362 0.0385343 0.00139087 0.00154229 0.0065561 0.000788717 0.000825276
13 0.00513154 0.00526668 0.977232 0.00221198 0.00289731 0.006634 0.00062699
11 0.00304689 0.0102146 0.0145999 0.0214509 0.0706274 0.656682 0.223379
22 0.96964 0.0265633 0.000994895 2.90124e-05 0.00216636 0.000258465 0.00034761
22 0.952383 0.0358132 0.00230893 0.00202667 0.0042059 0.00242337 0.000838856
0 0.015509 0.0693777 0.0619407 0.00226322 0.834156 0.0151722 0.00158111
4 0.115114 0.0819985 0.00436148 0.59263 0.0539471 0.14033 0.0116191
11 0.000931093 0.000930692 0.112586 0.000359295 0.00328824 0.880128 0.00177672
22 0.485601 0.42865 0.0294919 0.0287799 0.0165174 0.00899807 0.00196186
22 0.644215 0.292979 0.0096413 0.00907525 0.0346753 0.0061384 0.00327558
22 0.903539 0.0872024 0.000407035 0.000460545 0.00736203 0.000450054 0.000578723
22 0.39886 0.372447 0.0561226 0.0206357 0.0864954 0.0615176 0.00392252
22 0.989828 0.00403982 0.00319846 0.00132392 0.000603663 0.00045025 0.000555538
11 0.00387972 0.00627369 0.0122366 0.0174744 0.0324527 0.696099 0.231584
13 0.00853334 0.00201887 0.985341 0.000693717 0.00108838 0.00204743 0.000277638
22 0.9033 0.0908861 0.000464061 9.69654e-05 0.00450477 0.000218991 0.000528991
22 0.575132 0.41583 0.000192145 0.000198214 0.00797819 0.000168559 0.000500354
22 0.630222 0.194538 0.00117709 0.135484 0.0296442 0.00385727 0.00507734
22 0.938947 0.0375001 0.00619821 0.00550841 0.00458331 0.00636799 0.000894484
19 0.0068116 0.0195934 0.0435217 0.0133231 0.0445533 0.0839528 0.788244
13 0.00225338 0.00571849 0.907302 0.000458399 0.00757776 0.0746293 0.00206045
22 0.510662 0.209507 0.00969833 0.163066 0.0574914 0.0431076 0.00646771
13 0.0165074 0.00495858 0.954615 0.00378021 0.00693784 0.0121838 0.00101675
22 0.646866 0.138778 0.0182948 0.158625 0.0121899 0.018117 0.00713002
13 0.00303709 0.00302057 0.786042 0.00501185 0.0124167 0.18724 0.0032322
22 0.636948 0.344217 0.00135667 0.00068623 0.0118565 0.00329954 0.00163592
22 0.824584 0.164506 0.000547646 8.16885e-05 0.00915928 0.000280872 0.000841013
13 0.00286802 0.00701106 0.723719 0.0214065 0.0127665 0.19948 0.032749
13 0.0146105 0.00682344 0.742676 0.00175336 0.0044616 0.227364 0.00231021
4 0.00915142 0.0287727 0.00424183 0.923703 0.00889505 0.0156056 0.00963043
22 0.78929 0.201456 0.00290875 0.000871855 0.00343055 0.00146699 0.000575169
13 0.00470634 0.00899708 0.92779 0.00304085 0.0289062 0.0248092 0.00175055
11 0.000252239 0.000325845 0.00244099 0.000145449 0.00194789 0.993148 0.00173963
22 0.977843 0.017693 0.000132566 9.72348e-05 0.00370016 0.000267492 0.000266867
4 0.100479 0.0819843 0.00210498 0.739649 0.0377155 0.0291887 0.00887893
22 0.682427 0.292009 0.00110881 0.0025999 0.0187174 0.00223667 0.000900535
0 0.271803 0.143237 0.00851979 0.0222772 0.549862 0.00264746 0.00165285
22 0.951703 0.0458585 0.000314204 6.11983e-05 0.0016554 8.54966e-05 0.000321835
11 0.00187713 0.00173787 0.176387 0.00137101 0.00409287 0.80344 0.0110944
