labels 22 5 13 4 0 11 19
22 0.933913 0.050845 0.00480851 0.00180211 0.00587537 0.00144504 0.0013106
22 0.950149 0.045017 0.000423801 0.000404999 0.00273151 0.000449173 0.000824545
5 0.0422429 0.926852 0.000922263 0.00648018 0.0224865 0.000534203 0.000482184
13 0.00253431 0.00475321 0.977674 0.00399936 0.00831619 0.00234339 0.000379151
4 0.00194042 0.011003 0.00577354 0.969288 0.00617967 0.00391118 0.0019045
13 0.00112911 0.00102225 0.988484 0.000430901 0.00487205 0.00237161 0.00169018
0 0.00548244 0.0853485 0.0118841 0.0091107 0.880786 0.00379315 0.00359545
11 0.00501224 0.0100272 0.0093836 0.00929435 0.00608942 0.948194 0.0119995
4 0.00341198 0.0112958 0.0018166 0.971281 0.0101527 0.0016277 0.00041397
0 0.0105218 0.0884382 0.000629903 0.00173036 0.897189 0.000448251 0.0010428
13 0.00551758 0.00821492 0.975546 0.00468974 0.00477646 0.000699754 0.000555727
0 0.005344 0.0215349 0.00968484 0.00917331 0.944812 0.00628487 0.00316614
13 0.00074545 0.0035716 0.981776 0.000952427 0.00273345 0.00672857 0.00349249
0 0.00633227 0.0883906 0.00330767 0.00603969 0.890731 0.00456092 0.000637452
5 0.0155123 0.977426 0.000428746 0.000248874 0.00555317 0.00024344 0.000587751
4 0.00152742 0.00317249 0.0020988 0.973515 0.00969653 0.00211846 0.00787116
11 0.000366108 0.000826543 0.00287408 0.00275742 0.000417768 0.976753 0.0160056
19 0.00139487 0.00242951 0.00467688 0.000508183 0.00278199 0.433712 0.554496
0 0.000347133 0.00392159 0.00418169 0.00108151 0.980777 0.0035312 0.00615941
4 0.00393127 0.0157955 0.00275534 0.963231 0.00982916 0.00099708 0.00346066
4 0.00232637 0.0124951 0.00210573 0.966808 0.00981619 0.00557375 0.000874907
0 0.000308527 0.00350166 0.00201609 0.00637871 0.977761 0.0024199 0.00761411
11 0.000743405 0.000919738 0.0169875 0.00154117 0.0036453 0.895525 0.0806381
11 0.00300991 0.00697415 0.0070562 0.00622295 0.00507614 0.95992 0.0117404
13 0.00230446 0.00196102 0.975003 0.00471318 0.00791297 0.00694764 0.0011582
4 0.00421292 0.0159051 0.00114826 0.968617 0.00222351 0.00686009 0.0010329
0 0.0188553 0.0806657 0.000203559 0.0100233 0.889067 0.000408246 0.000777196
4 0.000963165 0.0164969 0.000327094 0.974122 0.00207217 0.00467248 0.00134585
0 0.00166226 0.0292556 0.00879798 0.0109112 0.936867 0.00613167 0.00637476
0 0.0213823 0.0687089 0.00403935 0.00948455 0.893646 0.00160051 0.00113839
22 0.957824 0.037259 0.000167101 0.000182217 0.00412763 7.07427e-05 0.000369054
22 0.994202 0.00217814 4.56636e-05 0.00101062 0.00205668 0.000144744 0.00036256
0 0.00159344 0.0176817 0.00108871 0.00659223 0.969331 0.00234116 0.00137132
22 0.932368 0.0509179 0.00411618 0.0021567 0.0081422 0.00171673 0.000582022
13 0.000296877 0.000227571 0.99511 0.000287802 0.00102703 0.00252823 0.000522352
5 0.0101319 0.903295 0.00419751 0.00277832 0.0745484 0.00303429 0.00201412
22 0.940065 0.0509579 0.00152345 0.000813304 0.00362342 0.00201027 0.00100647
11 0.000600321 0.0012376 0.010745 0.00188842 0.000639597 0.910268 0.0746207
11 0.00189901 0.00302741 0.00579991 0.00825132 0.000872046 0.960772 0.0193782
13 0.000220739 0.000165722 0.995539 0.000300725 0.000845017 0.000761687 0.00216681
22 0.977843 0.0211373 0.000165651 6.9401e-05 0.000487059 0.000106378 0.000190705
11 0.00467477 0.00709249 0.0185171 0.0115183 0.00654005 0.883309 0.0683479
11 0.00365081 0.00528373 0.0150558 0.0164493 0.0101509 0.888548 0.060861
5 0.0326267 0.854841 0.00941548 0.036686 0.0548072 0.00868608 0.00293725
0 0.00748474 0.0862358 0.00129664 0.0143087 0.889774 0.00052144 0.000378608
13 0.00273804 0.00816804 0.974077 0.00355062 0.00452961 0.00553556 0.00140137
11 0.000537194 0.00149574 0.00942756 0.00708222 0.00154721 0.951949 0.0279614
22 0.94183 0.050913 0.000525926 0.00122828 0.00399436 0.00071253 0.000796228
19 0.00188878 0.00460722 0.000500812 0.00866391 0.0106936 0.0198069 0.953839
22 0.945842 0.0512061 0.000189299 0.000116498 0.00167679 0.000335631 0.000634011
0 0.0231291 0.111461 0.000530196 0.00956042 0.85365 0.000799651 0.000869461
4 0.00758355 0.00279857 0.000829175 0.973069 0.00855315 0.00156158 0.00560448
19 0.00260733 0.0023304 0.00739766 0.0140344 0.0155291 0.0716378 0.886463
4 0.00164639 0.00625474 0.0023429 0.972673 0.0061651 0.00629649 0.00462186
13 0.00200554 0.00259084 0.970569 0.00511948 0.00732604 0.00792756 0.00446158
22 0.943118 0.0273099 0.00181769 0.00446717 0.018536 0.00185752 0.00289348
22 0.941743 0.0180241 0.00419042 0.0112565 0.0173684 0.00302874 0.00438891
5 0.0431856 0.914923 0.00102527 0.00163198 0.0372415 0.000622487 0.00137022
22 0.924349 0.0490248 0.00383512 0.0029267 0.0166938 0.00246238 0.000708165
19 0.000833567 0.000866114 0.000284648 0.00384302 0.00192166 0.0150649 0.977186
19 0.000327407 0.000662599 0.000918584 0.0146125 0.0020071 0.0774954 0.903976
19 0.00286771 0.00621725 0.00120353 0.0143978 0.00780163 0.0168589 0.950653
0 0.000111774 0.00149406 0.000135358 0.0117056 0.984561 0.000187643 0.00180474
22 0.938019 0.0497637 0.000580743 0.000323284 0.00978022 0.00041351 0.00111965
22 0.923436 0.0351561 0.00293023 0.0219158 0.0093852 0.00365497 0.00352197
11 0.00136805 0.00232266 0.00387579 0.00397754 0.00374526 0.978563 0.00614788
13 0.00168008 0.00237907 0.967328 0.00830946 0.005006 0.00731241 0.0079853
19 0.000643179 0.00122517 0.0029086 0.00464975 0.00917143 0.0808944 0.900507
5 0.0437623 0.894498 0.0081015 0.0096347 0.0370499 0.0038294 0.00312445
13 0.00137708 0.00243668 0.978515 0.00563676 0.00220467 0.00723887 0.0025912
11 0.00348471 0.00724832 0.0111168 0.0201343 0.00349494 0.907641 0.0468803
19 0.00333363 0.00562816 0.00570435 0.011276 0.0107132 0.0802867 0.883058
5 0.0396556 0.901762 0.00862981 0.00348457 0.0433967 0.00229897 0.000772707
19 0.000490603 0.00125549 0.000587878 0.00186726 0.00331473 0.0277123 0.964772
19 0.000658194 0.00247378 0.00039129 0.00189834 0.00151608 0.0274452 0.965617
11 0.00211783 0.00071185 0.0152922 0.00428909 0.00291157 0.890528 0.0841497
13 0.0026761 0.00166674 0.975266 0.00674494 0.00262309 0.00759261 0.00343056
0 0.0162125 0.0531324 0.00202842 0.00664903 0.920029 0.000878465 0.00106974
5 0.0428211 0.886394 0.0159582 0.00875794 0.0372109 0.00555937 0.00329887
5 0.0138878 0.88291 0.00316069 0.0366464 0.0550065 0.00271771 0.00567077
4 0.00271034 0.00503038 0.00265808 0.96825 0.00990338 0.00502527 0.0064222
13 0.00402552 0.0052183 0.973239 0.00645342 0.00204507 0.0079449 0.00107367
5 0.0372295 0.909381 0.0180601 0.00295106 0.0259855 0.00471226 0.00168034
19 0.00246967 0.0030024 0.00130752 0.00831913 0.010827 0.00325271 0.970822
13 0.001221 0.0020682 0.985881 0.000939333 0.00766671 0.000856133 0.00136797
13 0.00655811 0.00861425 0.971132 0.00226734 0.00473937 0.00518396 0.00150521
13 0.000288568 0.000306626 0.986199 0.000101374 0.000741888 0.00651608 0.00584664
4 0.0024541 0.00473062 0.0024406 0.975855 0.00275851 0.00611777 0.00564321
13 0.0012654 0.00106677 0.98167 0.000808947 0.00309726 0.00682409 0.00526709
13 0.00249279 0.00297066 0.976525 0.00424917 0.00581164 0.00746639 0.000483975
11 0.00240892 0.00507201 0.00811757 0.00356832 0.00785088 0.948982 0.0240005
22 0.975027 0.0150491 0.000679909 0.00459269 0.00343559 0.000435059 0.000780382
11 0.000806957 0.002106 0.00548319 0.00460423 0.00545761 0.959127 0.0224147
19 0.00215035 0.00213593 0.000812033 0.00741833 0.00446893 0.00950448 0.97351
13 0.00281594 0.00361002 0.983391 0.00359317 0.0021986 0.00319452 0.00119678
19 0.00219354 0.0058695 0.00366949 0.010264 0.0157489 0.0791343 0.88312
22 0.993619 0.00391503 6.32322e-05 0.00113668 0.000447144 0.000349557 0.000469147
0 0.000135373 0.000640292 0.0031506 0.00358652 0.981431 0.0033764 0.00767957
13 7.98687e-05 0.0001911 0.981257 0.0020614 0.00197247 0.00724691 0.00719119
5 0.0176089 0.970209 0.00254903 0.00146809 0.00734323 0.000302088 0.000519578
19 0.00201791 0.00285635 0.00513597 0.00117519 0.00385922 0.0829194 0.902036
5 0.0432565 0.917709 0.00308497 0.00145219 0.0294814 0.00376789 0.00124811
0 0.0141357 0.0463455 0.0154894 0.0148592 0.89689 0.00737591 0.00490482
5 0.0421876 0.931696 0.00469784 0.000758529 0.0190482 0.000576595 0.00103507
5 0.00960668 0.892073 0.00486432 0.0151575 0.0739558 0.00240547 0.00193675
13 0.000483964 0.00035697 0.988016 0.000456151 0.00249598 0.00610519 0.00208564
4 0.000736209 0.00326485 0.00231092 0.974768 0.00404132 0.00545937 0.00941944
11 0.00194685 0.00330715 0.0131481 0.00656156 0.00674644 0.91691 0.05138
13 0.00071296 0.000747648 0.979931 0.00198846 0.00562829 0.0073023 0.00368917
13 0.00025867 0.000230125 0.975633 0.00242606 0.00341257 0.00778654 0.0102535
22 0.931593 0.0515151 0.000697414 0.0014623 0.0130931 0.000882641 0.000756554
22 0.944184 0.0507818 0.00121726 9.85709e-05 0.00299507 0.000191779 0.000532021
22 0.925696 0.0511345 0.000707901 0.00657033 0.010495 0.00307917 0.00231689
22 0.937757 0.0176245 0.00426029 0.0161153 0.0177731 0.00310413 0.00336533
5 0.0408931 0.948228 0.000168907 0.00168929 0.00751194 0.000528988 0.000979408
22 0.923349 0.03899 0.00350769 0.00873796 0.0214594 0.00248684 0.00146916
22 0.915282 0.042161 0.00127653 0.0154444 0.0208254 0.00213072 0.0028796
5 0.0417735 0.917875 0.0038797 0.0109767 0.0167697 0.00572624 0.00299878
0 0.00348082 0.0849491 0.0104663 0.00112427 0.890817 0.00719414 0.00196858
11 0.00221171 0.00584069 0.00437113 0.00303632 0.00442749 0.97598 0.00413255
11 0.00294579 0.0064755 0.00641299 0.013086 0.00164265 0.94976 0.0196766
22 0.921885 0.0510232 0.00366443 0.00726591 0.011081 0.0024756 0.00260527
22 0.936156 0.0496626 0.00103432 0.00612136 0.00507968 0.000701355 0.00124506
22 0.94492 0.0511298 0.000547799 0.000142011 0.00209794 0.000209041 0.000953939
13 0.00244773 0.00629505 0.975576 0.00508798 0.00700997 0.0029487 0.000634798
11 0.00518703 0.00908351 0.00787037 0.0167062 0.0069832 0.929938 0.0242314
0 0.000810301 0.00145189 0.00113824 0.0119503 0.977838 0.000964032 0.00584725
0 0.0156666 0.085647 0.00404176 0.000617097 0.89354 0.000325804 0.000161898
13 0.00100617 0.00272848 0.977234 0.00436521 0.00474781 0.00719866 0.00271961
5 0.0201217 0.884875 0.00361756 0.0109569 0.074009 0.0029609 0.003459
11 0.000379242 0.00110914 0.00422873 0.00232795 0.00150887 0.981487 0.00895904
22 0.98462 0.00912846 0.000455935 0.000355274 0.0048607 0.000280922 0.000299032
19 0.00180945 0.00361459 0.0033315 0.016995 0.00853918 0.0338768 0.931833
0 0.00600721 0.0201618 0.00101698 0.00960082 0.960659 0.00111013 0.00144396
5 0.0438072 0.901113 0.00687061 0.00316607 0.0375061 0.00429703 0.00323978
4 0.00336919 0.00463649 0.00253655 0.974227 0.00912616 0.00205505 0.00404941
0 0.0131689 0.0768425 0.0114364 0.00639787 0.889938 0.00111633 0.00110007
19 0.00160606 0.00536999 0.00104437 0.0204855 0.00610023 0.0457827 0.919611
5 0.0298702 0.886824 0.00989254 0.0204126 0.0467731 0.00550261 0.000725024
5 0.0449141 0.867365 0.0058613 0.00991297 0.0642255 0.00460402 0.00311737
19 0.000391059 0.00107798 0.000107408 0.00596354 0.00119298 0.0167388 0.974528
0 0.00848989 0.0882709 0.0064862 0.0018973 0.890997 0.00261638 0.00124254
22 0.959495 0.00938335 0.00352005 0.00624252 0.0152072 0.00259169 0.00356062
22 0.928968 0.0508422 0.00449727 0.00211174 0.0119359 0.000953229 0.000691693
19 0.00269647 0.00436017 0.0214095 0.00327175 0.0175001 0.0462818 0.90448
22 0.928306 0.0493164 0.000558059 0.00193712 0.0158201 0.00158417 0.00247788
13 0.000716407 0.000689702 0.988288 0.00173635 0.00117998 0.00646465 0.000924921
4 0.00632571 0.00823507 0.00317769 0.960313 0.00819024 0.00464811 0.00911011
19 0.000609849 0.00169724 0.00293726 0.0190446 0.00328595 0.0669541 0.905471
4 0.00965278 0.0130903 0.000170824 0.966831 0.00413159 0.00363146 0.00249163
19 0.00281019 0.00583577 0.00305552 0.0142105 0.00192184 0.0272887 0.944878
22 0.956256 0.027102 0.00366212 0.000636105 0.0104428 0.00106625 0.000834516
5 0.0283757 0.860815 0.00210586 0.0245215 0.0776121 0.00367221 0.00289803
22 0.941095 0.0510327 0.00140962 0.00120686 0.00380014 0.000784473 0.000670998
5 0.0428447 0.921592 0.00398035 0.00122497 0.0270633 0.00186567 0.00142921
4 0.00253406 0.00834421 0.00252555 0.973859 0.00975264 0.00155778 0.00142665
22 0.78004 0.189773 0.00790846 0.00845061 0.00888317 0.00274582 0.00219866
5 0.0468502 0.881676 0.00953424 0.00877347 0.0448072 0.00541575 0.00294318
19 0.000942774 0.00156696 0.00429843 0.00753516 0.00346172 0.0843429 0.897852
22 0.958115 0.039116 0.000297232 0.000194505 0.00123272 0.000314246 0.000730259
22 0.954688 0.0395978 0.000462652 0.00203693 0.000791952 0.00119178 0.00123132
5 0.0294345 0.870754 0.0107685 0.00761136 0.0742522 0.00381407 0.00336506
22 0.935154 0.0503297 0.000727729 0.00627642 0.00626174 0.000764993 0.000485749
11 0.000532005 0.000919048 0.00666742 0.00525661 0.00128706 0.895643 0.0896949
11 0.00127416 0.00269347 0.00569259 0.00360978 0.00256197 0.965697 0.018471
22 0.988257 0.00408374 0.000666158 0.00315677 0.00233675 0.000608125 0.000891328
11 0.000372652 0.000318387 0.00561594 0.00194173 0.00337152 0.898049 0.0903308
13 0.0011933 0.00266408 0.981003 0.00671811 0.00362596 0.00342381 0.00137185
13 0.00187932 0.00812303 0.970843 0.00644507 0.00549796 0.00693005 0.000281763
11 0.00081855 0.00177015 0.0158136 0.00419815 0.00126105 0.898152 0.0779866
5 0.0214584 0.87978 0.00333764 0.0120053 0.0745137 0.00701921 0.0018861
5 0.0457952 0.866672 0.00701689 0.0185717 0.0537449 0.00507318 0.00312597
0 0.006575 0.0896834 0.00164233 0.00183828 0.898939 0.000802245 0.000520063
11 0.00106191 0.000794959 0.0106953 0.00111375 0.0016846 0.89624 0.0884092
22 0.967754 0.0284464 0.000411248 0.00025337 0.00238313 0.000477151 0.000275056
22 0.985232 0.0121773 0.000624129 0.00014611 0.00110299 0.00024344 0.000474057
0 0.00462452 0.0348447 0.0102165 0.010072 0.924653 0.00935628 0.00623337
5 0.0435305 0.901387 0.00910874 0.00735816 0.0330607 0.00339826 0.00215688
11 0.0024548 0.00356206 0.00409962 0.0018145 0.00551876 0.973054 0.00949608
22 0.943375 0.0295479 0.00422707 0.00162116 0.01857 0.00156625 0.00109264
22 0.916226 0.0449826 0.0120048 0.00742629 0.0147282 0.00306655 0.00156594
19 0.00243394 0.00586328 0.00200014 0.0206011 0.00623295 0.0475824 0.915286
11 0.00177653 0.00328782 0.0186874 0.00539989 0.00164162 0.901857 0.0673498
22 0.92491 0.0500369 0.00165825 0.00537103 0.0150376 0.0020193 0.0009669
4 0.00946779 0.0145729 0.00124093 0.968654 0.00353549 0.00116099 0.00136765
19 0.00260746 0.0039098 0.00628844 0.0207731 0.0125415 0.0717072 0.882172
11 0.00184643 0.00472112 0.0110341 0.00530399 0.00650902 0.921707 0.0488784
11 0.000760678 0.000962009 0.00483989 0.00672625 0.00214172 0.971175 0.0133943
5 0.0438226 0.91237 0.00225013 0.00570883 0.0328435 0.0015345 0.00147
13 6.92326e-05 0.000140339 0.986171 9.30025e-05 0.000825159 0.00660275 0.00609829
22 0.923554 0.04043 0.00827006 0.00192298 0.0212051 0.00220731 0.00241017
0 0.0172931 0.0673533 0.00163859 0.0183614 0.89223 0.0021717 0.000951492
19 0.00272874 0.00520379 0.0101272 0.0196353 0.0234751 0.0536376 0.885192
0 0.0203972 0.0780406 0.000689307 0.00190476 0.898318 0.000382607 0.000267898
13 0.000127903 0.000382142 0.981378 0.00149237 0.00684795 0.00700249 0.00276912
19 0.00276933 0.00461812 0.00434097 0.0213511 0.00628635 0.0508583 0.909776
13 0.00197759 0.00061732 0.974899 0.00313787 0.00716142 0.00661934 0.0055879
19 0.00272306 0.00485658 0.00543892 0.0226221 0.00454661 0.053687 0.906126
11 0.00434753 0.00688619 0.00772951 0.0100602 0.0050929 0.949375 0.016509
0 0.00618843 0.0561531 0.00916194 0.0239612 0.897102 0.00347933 0.00395445
22 0.929082 0.0478067 0.00191933 0.00118301 0.0180758 0.000889319 0.00104394
4 0.000350972 0.000536726 0.000166302 0.989119 0.00154323 0.00223931 0.00604412
19 0.00222744 0.00514124 0.015393 0.00529592 0.0155118 0.0753762 0.881054
19 0.000429138 0.000716996 0.000217826 0.0106454 0.00200614 0.0112457 0.974739
22 0.975196 0.012569 0.000211426 0.00317432 0.00801896 0.000296933 0.00053332
19 0.0020896 0.00235489 0.00668138 0.00464721 0.00144769 0.0828054 0.899974
22 0.926609 0.0492162 0.00160224 0.00497093 0.0158606 0.000791562 0.000949658
11 0.00109737 0.00234658 0.00549517 0.0229393 0.00212642 0.892202 0.073793
0 0.00227419 0.0262211 0.00323848 0.0160313 0.946561 0.00309229 0.00258121
19 0.000742874 0.00108788 0.00126607 0.0181119 0.0034175 0.0469996 0.928374
0 0.0181003 0.0573252 0.00197191 0.00213967 0.91722 0.00234412 0.000898895
0 0.00503913 0.0482133 0.0161119 0.020632 0.894037 0.00587499 0.0100911
22 0.924716 0.0402072 0.00338811 0.0137467 0.0125719 0.00260052 0.00276978
22 0.944756 0.0484104 0.00031697 0.00233091 0.00325044 0.000138689 0.000796538
22 0.929232 0.0509226 0.00381729 0.00593427 0.00371538 0.0038714 0.00250662
11 0.00116119 0.00121203 0.00383197 0.00140636 0.00288208 0.898751 0.0907552
22 0.917739 0.05033 0.00662874 0.00607647 0.0128861 0.00403962 0.00230051
4 0.00219548 0.00487745 0.00269804 0.966947 0.00661439 0.00563384 0.0110334
13 0.00250151 0.00282505 0.972853 0.00295868 0.00493916 0.00560396 0.00831828
11 0.00145341 0.00444736 0.0121021 0.00828562 0.00255705 0.930256 0.0408981
22 0.971022 0.00575346 0.000221816 0.01549 0.00547942 0.000386779 0.00164674
11 0.00174643 0.00246745 0.00380473 0.0015095 0.0033912 0.896485 0.0905958
11 0.000461533 0.000399 0.003386 0.000338708 0.0030648 0.901423 0.0909271
0 0.0126205 0.0851813 0.00397929 0.00844094 0.88092 0.00775858 0.00109919
22 0.990386 0.0055041 0.00102578 0.0019887 0.000382236 0.000119974 0.000593321
22 0.933446 0.0250662 0.00196318 0.01335 0.0197518 0.00253624 0.00388664
13 0.00170725 0.00238075 0.969621 0.00492793 0.00592105 0.00825767 0.0071842
11 0.00315062 0.00939589 0.0080146 0.0165912 0.00570965 0.921237 0.0359014
13 0.00199507 0.00264724 0.985061 0.00202104 0.00103657 0.00631427 0.000925064
19 0.00218059 0.00475251 0.00466997 0.00596097 0.00653956 0.0824144 0.893482
13 0.00201472 0.00696341 0.973613 0.00446217 0.00457397 0.00730105 0.00107177
5 0.0174716 0.9743 0.0032756 0.000106171 0.00373506 0.00023123 0.000880135
22 0.938332 0.0400994 0.000776143 0.00841532 0.0106573 0.000983397 0.000736349
5 0.0458031 0.892983 0.00429704 0.0090188 0.0431469 0.00266532 0.00208574
22 0.940324 0.0509404 0.00118748 0.00156612 0.00458612 0.000707207 0.000688618
0 0.00339727 0.079191 0.00288784 0.00284258 0.907116 0.00378799 0.000776962
13 7.79551e-05 7.01057e-05 0.983781 0.000133986 0.00152093 0.00721373 0.00720179
13 0.00489023 0.00387687 0.986927 0.00102873 0.00136008 0.00158783 0.000329332
5 0.0410408 0.949613 0.000873265 0.000668493 0.00719503 0.000211131 0.000398676
11 0.000920609 0.00229451 0.0175666 0.00298905 0.00588896 0.908345 0.0619954
0 0.0106045 0.0887291 0.00315981 0.00555596 0.887947 0.00223658 0.00176656
4 0.00584752 0.0103315 0.0025377 0.961141 0.00949975 0.00771631 0.00292654
0 0.0194423 0.077804 0.00891059 0.00638714 0.884444 0.00190124 0.0011104
13 0.00124394 0.00597038 0.968651 0.00432174 0.00780576 0.00763539 0.0043721
11 0.00287673 0.00720002 0.00767875 0.0096831 0.0160157 0.931104 0.0254421
11 0.00223612 0.00206571 0.0078736 0.0142189 0.0184317 0.908503 0.0466713
0 0.0203521 0.0700886 0.00164601 0.016624 0.887273 0.00178692 0.00222911
19 0.0024732 0.00290811 0.00479908 0.0160772 0.00409777 0.0799124 0.889732
13 0.000847118 0.000336721 0.983334 0.000778656 0.0076346 0.00187542 0.0051932
19 0.00324409 0.00513442 0.0019416 0.0133841 0.00812522 0.0158761 0.952294
22 0.968162 0.0136758 0.00591908 0.000808384 0.00490038 0.00408106 0.00245361
0 0.00317562 0.0901704 0.00591254 0.0038739 0.893459 0.00121162 0.00219675
22 0.931956 0.0510727 0.000797391 0.00551068 0.00911609 0.00110513 0.000441772
13 0.000261589 0.000714803 0.979881 0.00108363 0.00600956 0.00746286 0.00458674
0 0.0152217 0.0778633 0.0125278 0.00109575 0.887939 0.00216946 0.00318346
22 0.968133 0.0109755 0.000534256 0.00384999 0.0153326 0.000409866 0.000765068
11 0.000810528 0.00340762 0.00242823 0.00429971 0.00148789 0.978865 0.00870065
19 0.00122 0.00117282 0.00204136 0.00775005 0.000415404 0.0819177 0.905483
22 0.915604 0.050694 0.00395647 0.0114597 0.012901 0.00268488 0.00269986
22 0.965678 0.0318183 0.000241421 0.000121856 0.00132888 7.67681e-05 0.000735093
5 0.0414314 0.93057 0.000473077 0.00313822 0.0226005 0.000299307 0.00148703
11 0.000814489 0.00199284 0.0147715 0.00120759 0.0023212 0.922367 0.056525
5 0.0416267 0.928006 0.00393338 0.00134266 0.0224552 0.00143103 0.00120478
4 0.00788898 0.00991995 0.000351893 0.975958 0.00426612 0.000358928 0.00125578
11 0.00194769 0.00297205 0.0045594 0.0120552 0.0025376 0.887246 0.0886817
19 0.00225448 0.00360425 0.000576507 0.00782686 0.00358489 0.00819861 0.973954
22 0.950265 0.0282172 0.00240325 0.0135191 0.00386588 0.000806533 0.000923551
4 0.000823758 0.00160413 0.00251092 0.97632 0.00455651 0.00622576 0.00795853
0 0.000635298 0.00436788 0.00252843 0.00678504 0.974478 0.00300326 0.00820248
5 0.0562142 0.88588 0.00705362 0.00938605 0.0384708 0.00140478 0.0015902
4 0.00168839 0.00481104 0.00290961 0.970116 0.0100864 0.00263376 0.00775488
13 0.00351032 0.00625368 0.973568 0.00210535 0.00491275 0.00566553 0.00398388
22 0.945662 0.0499876 0.00022274 0.00146306 0.00127991 0.000327269 0.00105782
13 0.00214952 0.00480818 0.978192 0.00250113 0.0031942 0.00721172 0.00194364
11 0.000268898 0.00057917 0.012902 0.00141752 0.00424237 0.893969 0.086621
22 0.934444 0.0510265 0.000837276 0.000955314 0.0112736 0.000750133 0.00071328
4 0.00577538 0.00396994 0.0023457 0.970886 0.00957066 0.00192145 0.00553058
19 0.00281646 0.00188759 0.00105491 0.0135916 0.00392335 0.0234638 0.953262
19 0.00225957 0.00647321 0.00533324 0.00520034 0.00798284 0.0445415 0.928209
22 0.961537 0.0324645 0.000209238 0.00117096 0.0028594 0.000147488 0.0016111
4 0.000544282 0.00382075 0.000507135 0.975944 0.00671921 0.00585122 0.00661365
22 0.951118 0.041491 0.00194621 0.000285378 0.00422407 0.000712832 0.00022285
13 0.000692616 0.00299331 0.983374 0.000712329 0.00328364 0.0067605 0.002184
22 0.941564 0.0503979 0.000367765 0.000974465 0.0058855 0.000231587 0.000578703
0 0.00226167 0.0202536 0.000351574 0.000939749 0.975795 0.000173078 0.000225723
5 0.00785442 0.899036 0.00854587 0.00695379 0.073436 0.00304211 0.00113212
4 0.00580177 0.0048056 0.00256709 0.96752 0.00831013 0.00550569 0.00549013
22 0.920722 0.0501926 0.0117332 0.00333567 0.00956987 0.0026371 0.00180986
0 0.00730969 0.0201626 0.00707463 0.0138276 0.943362 0.00419891 0.00406409
22 0.925079 0.050683 0.00063573 0.00526194 0.0142373 0.00252736 0.00157554
0 0.0122415 0.0881388 0.000308765 0.00370635 0.894869 0.000211986 0.000523932
5 0.0113255 0.898501 0.00963203 0.00429757 0.0732416 0.00174468 0.00125723
11 0.00105062 0.0020365 0.0166479 0.00323442 0.000967338 0.903772 0.0722916
22 0.911748 0.0469838 0.0120251 0.00438018 0.0174343 0.00513586 0.00229244
4 0.00931954 0.0113831 0.000973896 0.97013 0.00521021 0.00213778 0.00084555
11 0.0019333 0.00194992 0.0169068 0.00963374 0.00359422 0.907445 0.058537
5 0.0410613 0.872153 0.00439922 0.00822698 0.0699135 0.00108644 0.00315989
22 0.949847 0.0269832 0.00127283 0.00802959 0.0119913 0.000994239 0.000881976
22 0.877089 0.104534 0.000504189 0.00118802 0.0114924 0.0028499 0.00234233
22 0.923813 0.0397626 0.00513039 0.00499541 0.0212882 0.00305888 0.00195137
22 0.94044 0.050975 0.00129853 0.000862419 0.00270702 0.00187989 0.00183758
19 0.00185523 0.00231599 0.000455026 0.0133563 0.00146294 0.0124239 0.968131
13 0.00624671 0.00465557 0.968059 0.00506664 0.00695102 0.00714207 0.00187906
13 0.000552723 0.000393516 0.976587 0.00449869 0.00784058 0.00569478 0.00443267
22 0.94276 0.0509861 0.000341839 3.61093e-05 0.00529282 0.000165902 0.000417059
4 0.0078683 0.00983054 0.00136281 0.974688 0.00297427 0.00171197 0.00156462
0 0.00263096 0.00547328 0.000881393 0.0122019 0.975866 0.000521012 0.00242524
5 0.0447699 0.882506 0.00352295 0.000975951 0.0647284 0.00224234 0.00125481
0 0.00547828 0.0117364 0.00614631 0.000306147 0.975677 0.000286378 0.00036916
22 0.934738 0.0454845 0.00481776 0.00143856 0.0118452 0.000500732 0.00117565
5 0.0422302 0.88588 0.000874186 0.000491865 0.0689683 0.000622305 0.000933495
19 0.00232649 0.00291466 0.00928532 0.00783675 0.00423564 0.08202 0.891381
22 0.982833 0.0105403 0.00176158 0.000928656 0.00214602 0.000891703 0.000898816
13 0.0031329 0.00293814 0.973404 0.00352843 0.00551607 0.00759916 0.00388158
22 0.967701 0.0270099 0.000213551 0.000780044 0.00215014 0.000784344 0.00136098
0 0.00535221 0.0254512 0.00212144 0.00989025 0.955207 0.00101461 0.000962957
11 0.00308423 0.00292822 0.0130033 0.00586679 0.00340735 0.920624 0.0510864
19 0.00239795 0.0048376 0.00282138 0.0142725 0.0049562 0.0296387 0.941076
19 0.000672938 0.00165585 0.000332647 0.00693359 0.00344058 0.0214979 0.965467
22 0.931307 0.0493145 0.000814776 0.000492431 0.0163397 0.000468605 0.00126275
11 0.000648416 0.000868407 0.00136197 0.00237231 0.00278097 0.900968 0.091
13 0.00154615 0.000264848 0.997306 9.02525e-05 0.000281875 0.000367841 0.000143279
4 0.0024439 0.018065 0.000972991 0.967938 0.0073927 0.00241608 0.000771461
5 0.0108778 0.982793 0.000465216 0.000304095 0.00504739 0.000243719 0.000268977
22 0.989134 0.00173042 0.000932813 0.0049222 0.00175916 0.000931274 0.000589901
0 0.000583893 0.00373702 0.00415468 0.0119736 0.971314 0.000940223 0.00729698
0 0.0200746 0.0619253 0.00212093 0.00721639 0.905484 0.000819147 0.00235924
5 0.0211132 0.88185 0.0228138 0.0098131 0.0572829 0.00575498 0.00137235
22 0.943611 0.0509982 0.000502914 0.000598669 0.00269088 0.000748895 0.00084951
11 0.00108488 0.00158127 0.0129505 0.00262656 0.00639676 0.889548 0.0858125
11 0.00467898 0.00862962 0.0123878 0.0154415 0.00616472 0.93133 0.0213677
11 0.000795675 0.000767939 0.0190817 0.00236772 0.00310954 0.90036 0.0735179
11 0.00195586 0.00290749 0.00510217 0.00122851 0.00394155 0.966997 0.0178673
11 0.0030607 0.00704475 0.00583558 0.00392897 0.00586708 0.963436 0.0108267
13 0.000523392 0.000508229 0.985898 0.00041335 0.00226501 0.00433359 0.0060587
19 0.00272808 0.00573481 0.00197536 0.0148767 0.0067285 0.0236013 0.944355
13 0.00150746 0.00482475 0.988418 0.000358344 0.00193678 0.00230886 0.000646005
5 0.0425064 0.912068 0.00145758 0.00311906 0.0360669 0.00167055 0.00311182
0 0.00280121 0.0205004 0.00155086 0.00142011 0.972812 0.000458002 0.000456995
22 0.920838 0.0503332 0.00376128 0.00596926 0.0145742 0.00292192 0.00160242
22 0.973925 0.0141259 0.000104389 0.00958604 0.000696585 0.000777849 0.000784053
5 0.0427903 0.916807 0.0010679 0.000806522 0.0365079 0.000688838 0.00133176
0 0.00680738 0.088934 0.00136768 0.000774945 0.900925 0.000829064 0.000362261
22 0.928453 0.0508833 0.00140459 0.0105957 0.00414483 0.00298917 0.00152935
5 0.043683 0.865032 0.0116907 0.00735321 0.0632389 0.00483884 0.00416351
13 0.00113389 0.00258294 0.97453 0.00446352 0.0023171 0.00756258 0.00741018
22 0.940217 0.0497176 0.000593564 0.000895957 0.00727143 0.000338472 0.00096617
13 0.00270895 0.00275661 0.984621 0.000816268 0.000845546 0.00669208 0.00155938
13 0.00318654 0.0081098 0.977443 0.00135869 0.00444397 0.0047025 0.00075546
11 0.00264188 0.0057744 0.00618349 0.00283354 0.00342174 0.95976 0.0193849
5 0.0468191 0.890681 0.00132133 0.00308752 0.0535781 0.00234884 0.00216365
13 0.00780609 0.00777943 0.97511 0.00261519 0.00393725 0.00255925 0.000192421
22 0.927849 0.0248323 0.00288278 0.0156364 0.0197592 0.00262985 0.0064103
22 0.947369 0.0442767 0.000279712 0.00126327 0.00516199 0.000622024 0.00102739
5 0.012922 0.892126 0.00283704 0.0121185 0.0744422 0.00259867 0.00295592
22 0.941555 0.0504007 0.00100796 0.000572498 0.0052979 0.00044574 0.000719817
11 0.00257705 0.00420903 0.0183554 0.00876513 0.0115359 0.894763 0.0597943
13 0.00240526 0.00302164 0.979181 0.00375381 0.00790804 0.00180014 0.00193049
0 0.00268813 0.0264848 0.00521889 0.0204049 0.921432 0.0132298 0.0105415
19 0.00226148 0.00318007 0.00528131 0.0198408 0.0168796 0.068538 0.884019
19 0.00231967 0.00464082 0.00320019 0.0240513 0.00686129 0.0695012 0.889426
0 0.0207889 0.0738808 0.00276423 0.00558742 0.895571 0.000674221 0.000733552
0 0.00304712 0.0121037 0.00683869 0.00923301 0.960606 0.00286698 0.00530412
0 0.011341 0.0242673 0.00255764 0.0137801 0.945648 0.000552407 0.00185349
4 0.00108867 0.00262055 0.000482294 0.989428 0.00123618 0.00211947 0.00302504
13 0.0027497 0.00389985 0.977906 0.00480408 0.00824366 0.0020649 0.000331578
19 0.00228296 0.00407646 0.00546559 0.0175583 0.00543148 0.0789449 0.88624
22 0.943495 0.0510448 0.00113418 0.00132576 0.00131905 0.000805135 0.000875747
0 0.00634481 0.0898088 0.000375755 0.00274051 0.89653 0.00224425 0.00195584
0 0.00392027 0.034694 0.0110997 0.0224193 0.908914 0.00707723 0.0118752
13 0.00260218 0.00419555 0.975985 0.00358361 0.00815762 0.00370019 0.00177539
22 0.984673 0.00655718 0.000703808 0.00505216 0.00151727 0.000739347 0.000757031
11 0.00182228 0.00101768 0.00609264 0.00373059 0.0029035 0.894286 0.0901478
5 0.0397497 0.901175 0.00606988 0.027779 0.0152251 0.00735646 0.00264455
5 0.0412041 0.928949 0.0103367 0.00356389 0.011972 0.0027901 0.00118419
22 0.931918 0.0262575 0.00580247 0.0112015 0.0181548 0.00296019 0.00370509
22 0.928076 0.0509082 0.00352555 0.0042246 0.00897698 0.0026017 0.00168723
13 0.00172073 0.00604864 0.98437 0.000437428 0.00442022 0.00259355 0.000409778
13 0.00168833 0.000759737 0.979524 0.000904976 0.00254415 0.00733383 0.00724468
22 0.915518 0.0477475 0.00277073 0.0102965 0.0186375 0.00257207 0.00245723
13 0.00181072 0.00227147 0.9795 0.00436747 0.0013448 0.00709779 0.00360737
11 0.000966334 0.00159133 0.00192048 0.00147679 0.00366627 0.977402 0.0129768
13 0.00144356 0.00324088 0.971374 0.00434949 0.0047983 0.00777345 0.00701989
13 0.00160471 0.00317407 0.973919 0.00415303 0.00260343 0.0073887 0.00715732
4 0.00377423 0.0109839 0.000900588 0.968128 0.0100935 0.000835416 0.00528433
13 0.00107674 0.000659975 0.978801 0.00200274 0.0058646 0.00725278 0.00434189
22 0.949122 0.0355563 0.000960381 0.00376642 0.00944126 0.000253376 0.000900101
22 0.971163 0.0199727 0.000171474 0.00598448 0.0017264 0.000586395 0.000395993
5 0.0251438 0.870068 0.023068 0.0116419 0.0514378 0.0142476 0.00439255
22 0.962237 0.0180476 0.00183031 0.00220249 0.0117509 0.00264483 0.00128683
22 0.98334 0.0121044 0.000129841 0.0014398 0.00242193 0.000143941 0.000419788
22 0.942823 0.0510709 0.000366506 0.00172185 0.00183997 0.00164507 0.000532721
22 0.941268 0.050968 0.00152301 0.000862041 0.00230386 0.00144353 0.00163147
4 0.00909908 0.00879613 0.000177488 0.972115 0.00660614 0.00201284 0.0011937
13 7.67337e-07 9.88871e-07 0.998379 0.000126048 0.00015047 0.000843906 0.000498404
13 0.00104915 0.00269026 0.970436 0.00255248 0.00476993 0.00816753 0.0103344
22 0.933272 0.0509007 0.00252249 0.00514383 0.00311474 0.0027976 0.0022491
13 0.00218101 0.00656311 0.976685 0.00278415 0.00353339 0.00736859 0.00088475
22 0.925031 0.0505312 0.000355766 0.00942631 0.00935664 0.00211164 0.00318722
22 0.939184 0.0509298 0.00188017 0.000972495 0.00430385 0.00157834 0.0011511
0 0.000684464 0.00726231 0.00290502 0.000934717 0.986886 0.000313447 0.00101407
5 0.0304343 0.864893 0.00892966 0.0131067 0.0742124 0.00486998 0.00355398
5 0.0435065 0.888525 0.00357072 0.0193715 0.0324902 0.00920303 0.00333303
5 0.0429016 0.906269 0.00105771 0.0102826 0.0362122 0.00110899 0.00216783
5 0.0414478 0.939012 0.00161612 0.00058427 0.0157603 0.000561827 0.00101799
13 0.000638325 0.000847367 0.975453 0.00604343 0.00405659 0.00744114 0.00552046
4 0.000389064 0.00125075 0.000740998 0.981707 0.00109516 0.00491425 0.00990322
11 0.00170573 0.00432527 0.00816165 0.00985044 0.00392924 0.955905 0.0161225
19 0.00220844 0.002638 0.00520556 0.00593536 0.00368667 0.0825839 0.897742
13 0.00181418 0.00548339 0.978759 0.00115731 0.00365643 0.00654036 0.00258919
11 0.000825815 0.00242871 0.00760501 0.00439923 0.00372586 0.950675 0.0303399
0 0.00579971 0.0522787 0.00196378 0.0206962 0.913481 0.00323119 0.00254922
11 0.00180589 0.0058899 0.0136207 0.0131276 0.00366645 0.917684 0.0442051
13 0.0027666 0.003798 0.965787 0.00730553 0.00505008 0.00832986 0.0069627
4 0.00217083 0.00722785 0.00412655 0.976926 0.00573413 0.00251914 0.00129514
19 0.000994046 0.00218959 0.000374792 0.00743529 0.00651719 0.011596 0.970893
19 0.00123048 0.00410441 0.00486707 0.00788328 0.00204364 0.0825953 0.897276
22 0.937439 0.0492325 0.000390886 0.0025924 0.00815569 0.000597517 0.00159162
13 0.000766877 0.00111291 0.993899 0.000444228 0.000390643 0.00248389 0.000902634
13 0.000550986 0.000341879 0.978448 0.000421923 0.00692821 0.00629101 0.00701812
0 0.0148447 0.0508716 0.00404889 0.00744033 0.920324 0.00128059 0.00118988
19 0.00118054 0.00162273 0.00067638 0.0163642 0.00684902 0.0331931 0.940114
5 0.0443346 0.869815 0.00122651 0.0170893 0.0661705 0.000450322 0.000913366
22 0.924204 0.0374627 0.00424913 0.00834899 0.0211175 0.00236375 0.00225398
22 0.932443 0.0511108 0.00138544 0.000442382 0.0136516 0.000364707 0.000601817
0 0.0177559 0.0710766 0.00130569 0.0160579 0.889101 0.00229511 0.00240748
22 0.92617 0.0508899 0.0021076 0.00631171 0.0119004 0.000888597 0.00173194
22 0.976818 0.0203789 0.000222766 0.00047303 0.00144796 0.000297276 0.000362178
5 0.0376184 0.878973 0.00204242 0.00677164 0.0727541 0.000866415 0.000973548
11 0.0011467 0.00123021 0.0188503 0.00179564 0.00468791 0.897029 0.0752607
11 0.00424736 0.00580473 0.00741148 0.00842132 0.00661379 0.953377 0.0141244
22 0.920984 0.0499547 0.00397706 0.00472166 0.0153852 0.00240858 0.00256857
11 0.00237213 0.00492977 0.00767538 0.0207459 0.0129372 0.879732 0.0716076
5 0.00538214 0.969211 0.005252 0.00179397 0.0120096 0.00391236 0.0024394
5 0.0227797 0.875563 0.00311223 0.0150543 0.0743934 0.00630173 0.00279605
13 0.000117926 0.000250999 0.979876 0.00393005 0.00198284 0.0070495 0.00679248
19 0.000709539 0.00078392 0.00059011 0.0118848 0.00118127 0.0806518 0.904199
22 0.951436 0.0319707 0.00129922 0.00367108 0.010192 0.000539212 0.000891376
22 0.988404 0.00468616 0.000554588 0.00333889 0.00190907 0.000273457 0.000833831
5 0.0411485 0.948699 0.000399011 0.000825659 0.00599554 0.000515789 0.00241602
13 0.000769643 0.00158558 0.986337 0.000903936 0.000384824 0.00663929 0.00337924
0 0.00572484 0.090612 0.0038567 0.00101746 0.897659 0.000648234 0.000482189
22 0.945004 0.0508874 0.000359662 0.000768953 0.00240724 8.90201e-05 0.000483752
13 0.00196295 0.0061857 0.97134 0.00418179 0.00696066 0.00737121 0.00199795
22 0.919021 0.0357172 0.00454102 0.0137309 0.0216567 0.00258686 0.00274615
0 0.0112052 0.0581116 0.018527 0.00661797 0.893764 0.00544348 0.00633103
11 0.00365213 0.00468516 0.00915816 0.00520767 0.00640539 0.925004 0.045887
11 0.00467556 0.00705267 0.00766067 0.00744356 0.00391672 0.958948 0.0103024
22 0.938016 0.0509457 0.0033725 0.00167921 0.00253362 0.00233962 0.00111298
11 0.00362478 0.00476698 0.00441533 0.0100608 0.00253604 0.972332 0.0022644
11 0.00110781 0.00153346 0.00630179 0.00266107 0.00187134 0.897036 0.0894889
4 0.00131183 0.00719071 0.00301233 0.972753 0.00231491 0.00605536 0.00736202
19 0.00218723 0.00323706 0.0065763 0.0135216 0.00489542 0.0803528 0.88923
13 0.00407613 0.00738009 0.970301 0.00500559 0.00597086 0.00615427 0.00111201
19 0.00158458 0.00396293 0.00500589 0.00641764 0.0211401 0.0712564 0.890632
11 0.00335101 0.00725052 0.0182801 0.00979393 0.008646 0.886226 0.066452
11 0.00224885 0.00262606 0.0240358 0.00776465 0.00494734 0.893249 0.0651285
5 0.0460797 0.876124 0.00698415 0.0128371 0.0472725 0.00770029 0.00300211
0 0.000595658 0.00945952 0.00110939 0.00722623 0.971077 0.00182396 0.00870782
22 0.958033 0.0166656 0.00129867 0.00852067 0.0106895 0.00269516 0.002097
22 0.920585 0.0509652 0.00665361 0.00501896 0.0118279 0.00261104 0.00233857
5 0.0550138 0.888926 0.00818672 0.00961102 0.0351009 0.00155452 0.00160663
19 0.00250156 0.00317495 0.0227921 0.00725069 0.00950965 0.0632275 0.891544
