labels 22 5 13 4 0 11 19
22 0.880797 0.111447 0.00623513 8.8056e-05 0.0010514 0.000219765 0.000162159
22 0.960286 0.0322976 0.000604391 0.000427958 0.00469142 0.000716267 0.000976501
5 0.114941 0.84582 0.00247005 0.0114876 0.0228364 0.00193677 0.000508595
13 0.00842874 0.0132386 0.943742 0.004889 0.0155421 0.0132592 0.000900482
4 0.00332269 0.0209297 0.0177746 0.928912 0.0133926 0.012854 0.0028141
0 0.0115286 0.0750047 0.0175778 0.0174536 0.871139 0.00479301 0.00250373
11 0.0084144 0.0226862 0.0202203 0.0165293 0.0093059 0.919037 0.00380662
4 0.00570005 0.026802 0.0121512 0.910406 0.037315 0.00404287 0.00358267
0 0.0172489 0.0332659 0.00315506 0.00248634 0.941327 0.00142086 0.00109602
13 0.0128055 0.0211029 0.945351 0.00976942 0.00826174 0.00157369 0.00113581
0 0.011891 0.0312422 0.0231615 0.0155703 0.897461 0.0141998 0.00647446
13 0.000345697 0.00453278 0.958943 0.00068228 0.00167648 0.0325731 0.00124668
0 0.00808426 0.0553412 0.0119729 0.00429707 0.907373 0.0123719 0.00055949
5 0.0214218 0.977014 0.000144166 3.26533e-05 0.00125873 6.21406e-05 6.68779e-05
4 0.00171693 0.00387813 0.00654088 0.90248 0.0522842 0.00680599 0.0262942
11 9.95626e-05 0.000240381 0.000919724 0.000682043 0.000168548 0.991131 0.0067592
0 0.00104746 0.000902263 0.0164131 0.00256543 0.955659 0.0110002 0.0124127
4 0.00120655 0.00872638 0.000793976 0.965568 0.000233173 0.015898 0.0075744
4 0.00859815 0.0201802 0.00866252 0.91813 0.030689 0.00466482 0.00907531
4 0.00363721 0.0216564 0.00806098 0.909152 0.0321987 0.0213281 0.00396683
11 0.00396365 0.00309788 0.0146984 0.0180619 0.00499766 0.941718 0.0134625
0 0.000941346 0.0052392 0.00483178 0.017749 0.938143 0.00771577 0.0253794
11 0.000866402 0.000813927 0.019858 0.00388295 0.00612872 0.932189 0.0362609
11 0.00383555 0.0107252 0.025327 0.0100953 0.00740358 0.935999 0.00661439
13 0.00672752 0.000705111 0.950813 0.001919 0.00565469 0.032709 0.00147141
4 0.00767201 0.0291338 0.00365542 0.932261 0.00597486 0.019042 0.0022609
0 0.0225466 0.0855161 0.000162476 0.00831427 0.881428 0.000811923 0.00122016
4 0.000856687 0.0318881 0.000929786 0.944826 0.00549348 0.01331 0.0026956
0 0.0022841 0.00875785 0.0157878 0.0126978 0.945352 0.00955215 0.00556847
22 0.931234 0.0639427 0.000178807 0.000107039 0.00409578 5.93588e-05 0.00038253
22 0.953674 0.032256 0.000411864 0.00252948 0.0100993 0.000301294 0.000727917
0 0.00106272 0.00412764 0.00240848 0.00494982 0.976122 0.00906725 0.00226174
22 0.809205 0.164321 0.00667456 0.00158612 0.0163849 0.00103683 0.000791488
13 0.0010308 0.000453186 0.993763 0.000271652 0.00080174 0.0026595 0.00102016
5 0.0556455 0.812747 0.0162996 0.0107703 0.0943293 0.00624264 0.00396566
22 0.894913 0.0905917 0.0029235 0.000954068 0.00703205 0.00206193 0.00152404
11 0.000243507 0.000463898 0.00219726 0.000523902 0.000483989 0.985795 0.010292
11 0.0013541 0.00121395 0.00123678 0.00417562 0.000379974 0.986344 0.0052952
13 0.000720179 0.000425637 0.991316 0.000418369 0.00129927 0.00220558 0.00361485
22 0.883101 0.111534 0.000663683 4.9885e-05 0.00430622 0.000153265 0.000191734
11 0.00185254 0.00181754 0.00914269 0.00337401 0.00365201 0.949526 0.030635
11 0.00138673 0.00230498 0.00833415 0.0115453 0.00420474 0.940815 0.0314093
5 0.0834752 0.756399 0.0191183 0.049303 0.0663937 0.0204407 0.00487043
19 0.00466465 0.00616308 0.00546974 0.0217551 0.0174017 0.0301074 0.914438
0 0.0210674 0.0765822 0.00335372 0.020667 0.875976 0.00151557 0.000837695
13 0.00667134 0.0243476 0.941145 0.0107599 0.0079383 0.00702793 0.00210959
11 0.000397343 0.00107644 0.0254803 0.00886386 0.00182057 0.954297 0.00806454
22 0.867113 0.12463 0.0011906 0.000427638 0.00521721 0.000623795 0.000798466
19 0.00208959 0.00347223 0.000289193 0.00339104 0.00490051 0.0022642 0.983593
22 0.901704 0.0935242 0.000325124 8.53777e-05 0.00313696 0.000313654 0.000910769
19 0.00483001 0.00417342 0.000600451 0.0106207 0.00568908 0.0142412 0.959845
4 0.0122614 0.00371172 0.00161231 0.933283 0.0357486 0.00210605 0.011277
19 0.00569087 0.00308356 0.0160212 0.0220873 0.0189519 0.0339031 0.900262
13 0.00628036 0.00671101 0.91656 0.0124724 0.0141517 0.0320027 0.0118224
22 0.878558 0.0374111 0.0107757 0.0176009 0.0415857 0.00654418 0.00752419
5 0.117853 0.835067 0.0011199 0.00115648 0.0427578 0.000731596 0.0013138
22 0.848183 0.0953378 0.00699268 0.00296747 0.0436948 0.00200442 0.000819942
19 0.000638222 0.000643425 7.74579e-05 0.00115572 0.000171869 0.000517372 0.996796
19 0.000271481 0.000408741 0.00124158 0.00514388 0.00166406 0.0293602 0.96191
19 0.00325674 0.00882992 0.00089513 0.00422194 0.000929313 0.000668889 0.981198
0 0.000296255 0.000215548 6.77631e-05 0.0344883 0.962015 0.000301011 0.00261647
22 0.901159 0.0814467 0.000414508 6.25351e-05 0.0163454 0.000225342 0.000346591
22 0.852653 0.0953735 0.00315998 0.0331249 0.00621022 0.00448897 0.00498895
19 0.00480926 0.00474328 0.000671655 0.0205168 0.00307692 0.00212695 0.964055
4 0.00849802 0.0341768 0.000856003 0.935963 0.0068185 0.0112045 0.00248284
11 0.000482536 0.00058668 0.02435 0.00713334 0.00287643 0.963296 0.00127487
13 0.00105105 0.00379479 0.93081 0.0153145 0.00679462 0.0283003 0.0139345
19 0.0010125 0.00154391 0.00329109 0.00280605 0.00971544 0.026264 0.955367
5 0.115801 0.809896 0.017543 0.0102298 0.0387393 0.0045908 0.00320064
11 0.000851379 0.00220605 0.00680534 0.0152576 0.000443064 0.941705 0.0327313
11 0.00167387 0.00194125 0.0164589 0.0202245 0.00632207 0.940801 0.0125786
19 0.00562599 0.00876674 0.0118688 0.011077 0.0118192 0.0447785 0.906064
5 0.0676711 0.845915 0.0228776 0.00506158 0.0516432 0.00484318 0.00198878
19 0.000473838 0.00119678 0.0023233 0.000929173 0.00217014 0.0129513 0.979955
19 0.000760862 0.00329995 0.000402019 0.000483802 0.000665524 0.00562568 0.988762
11 0.00346011 0.000503673 0.0285612 0.00803431 0.00645645 0.914592 0.0383926
13 0.00397777 0.00247134 0.941177 0.014262 0.00223353 0.0323365 0.00354194
0 0.0275724 0.0499806 0.00292317 0.0134567 0.904156 0.000957612 0.00095354
5 0.079716 0.793614 0.0444092 0.012333 0.0581729 0.00750306 0.00425184
5 0.0683237 0.639953 0.0136955 0.0945436 0.151337 0.00938711 0.0227599
4 0.00489971 0.00944871 0.012678 0.901462 0.0335581 0.0167724 0.0211814
13 0.0104953 0.0082625 0.933042 0.0110983 0.00272609 0.0333271 0.00104831
5 0.139203 0.79513 0.0396339 0.00157284 0.0205713 0.00289691 0.000991779
19 0.00412795 0.00338086 0.00267257 0.00915015 0.0195557 0.00279845 0.958314
13 0.00444003 0.0118228 0.960084 0.00154915 0.0135951 0.004484 0.00402532
13 0.0212137 0.0207974 0.938256 0.00304839 0.00765864 0.0039376 0.00508791
13 0.00027159 0.000138355 0.994424 6.16814e-05 0.000349445 0.00337176 0.00138365
4 0.0053329 0.00744577 0.00931767 0.942919 0.00570011 0.017746 0.0115384
13 0.00633904 0.00292269 0.945309 0.0014939 0.00826822 0.0296492 0.00601766
22 0.843859 0.0787192 0.00734843 0.0134262 0.0461444 0.0071902 0.00331291
22 0.885234 0.111828 8.14183e-05 6.5159e-05 0.00203577 0.000436507 0.000318975
13 0.00784595 0.00918827 0.926606 0.00921845 0.0121146 0.03349 0.00153679
22 0.970353 0.0215696 0.000324376 0.00135838 0.0054577 0.000331488 0.000605415
11 0.000295053 0.000476127 0.0243682 0.000720249 0.00222082 0.970977 0.000943023
22 0.930799 0.0503636 0.000353227 0.000458593 0.0164044 0.000915976 0.000705096
0 0.121297 0.0551112 0.000696077 0.00196245 0.819482 0.000707296 0.000743812
19 0.00163409 0.0011025 0.000164525 0.00737303 0.00135689 0.000407603 0.987961
13 0.00672361 0.00533548 0.973905 0.0024809 0.00331726 0.00483391 0.0034038
19 0.0032999 0.00742932 0.00859054 0.00659948 0.013919 0.0439647 0.916197
22 0.988687 0.00825768 0.00026679 0.000558883 0.00124291 0.00038699 0.000599315
0 0.000434084 0.000330884 0.0097797 0.00541377 0.94732 0.0109245 0.0257975
13 0.000213943 0.000310519 0.950381 0.00127851 0.002898 0.0328528 0.0120657
5 0.0497076 0.943575 0.00322203 0.00037289 0.00265403 0.000205926 0.000262851
22 0.931884 0.0621416 2.91105e-05 3.02224e-05 0.00575754 2.89167e-05 0.000128317
0 0.0285473 0.0529342 0.00152602 0.00632332 0.909209 0.000812824 0.000647659
5 0.238915 0.672839 0.0319098 0.00211318 0.0464861 0.00551512 0.0022219
0 0.0215821 0.0448926 0.0218628 0.0202749 0.866054 0.0154444 0.00988908
19 0.000680579 0.000293594 6.15523e-05 0.00509467 0.00266764 0.00272499 0.988477
5 0.10283 0.857202 0.0241816 0.000853846 0.0126905 0.00105675 0.00118503
5 0.0333638 0.859805 0.0122482 0.0103824 0.0787177 0.00374153 0.00174127
13 0.00347312 0.00127268 0.953665 0.00103566 0.00525589 0.0304678 0.00483014
4 0.00149568 0.00443842 0.00462756 0.945615 0.0118397 0.00603649 0.0259474
11 0.000985497 0.0019234 0.00657102 0.0088777 0.00322398 0.966678 0.0117404
13 0.000932698 0.00097981 0.970388 0.0027371 0.00779492 0.00998728 0.00718
13 0.000294115 0.000198679 0.936282 0.00425489 0.0083105 0.0336564 0.0170029
22 0.813289 0.140972 0.00234037 0.00207078 0.0372284 0.00292256 0.00117741
22 0.94784 0.049838 0.000483201 1.11557e-05 0.00159214 6.73325e-05 0.000167978
22 0.858939 0.11012 0.000684806 0.00742216 0.0172511 0.00304889 0.00253391
22 0.839151 0.0666054 0.00780279 0.0325665 0.0425021 0.00491277 0.00645941
5 0.118404 0.876576 5.93348e-05 0.000476549 0.00400141 0.00014711 0.000335034
22 0.861128 0.0678169 0.00843709 0.0120147 0.0432509 0.00452475 0.00282735
22 0.891578 0.0402026 0.0040779 0.0177818 0.0387224 0.00352726 0.0041105
5 0.110501 0.840535 0.0103878 0.0104294 0.0125147 0.0128872 0.00274532
0 0.00778973 0.0857363 0.0145022 0.00174411 0.876625 0.0113598 0.00224259
11 0.00336191 0.0118312 0.0249027 0.00187719 0.00974741 0.946466 0.00181373
11 0.00324062 0.0100967 0.0036587 0.0171678 0.00107649 0.959029 0.00573075
22 0.862855 0.110059 0.00188554 0.00867984 0.0110086 0.0020423 0.00346939
22 0.92011 0.0658947 0.0016765 0.00468576 0.00462539 0.00158089 0.00142673
22 0.884868 0.111806 0.000163064 1.41867e-05 0.0028082 7.93034e-05 0.000260694
13 0.00823704 0.0180837 0.945022 0.0108386 0.0129597 0.00333308 0.00152603
11 0.00570935 0.0106608 0.00703169 0.0202108 0.00774379 0.932131 0.0165123
0 0.002112 0.00125612 0.00265203 0.0161867 0.960098 0.00116451 0.0165309
0 0.0244689 0.0820762 0.00739937 0.000821138 0.884805 0.000276929 0.000152578
13 0.00327723 0.00651811 0.926803 0.00731534 0.00670678 0.0449854 0.00439422
19 0.000442684 0.000221709 6.40588e-05 0.0012311 0.00127499 0.00310098 0.993664
11 0.000351098 0.000560116 0.0243745 0.000925471 0.00343849 0.96804 0.00231047
22 0.963563 0.0185445 0.000492699 0.000122066 0.0170991 0.000105102 7.34324e-05
19 0.00228975 0.00415165 0.00486455 0.0201637 0.00681126 0.00657204 0.955147
11 0.00374974 0.00847648 0.00495541 0.0179096 0.00275651 0.955428 0.00672456
0 0.00108314 0.00279506 0.000201027 0.00527974 0.989929 0.000383305 0.000328438
5 0.115368 0.821146 0.0124074 0.00255278 0.0408162 0.00385164 0.00385835
4 0.00570347 0.0067298 0.00300735 0.94131 0.0369182 0.00304279 0.0032882
0 0.0161387 0.0602908 0.0175535 0.0157718 0.884677 0.00396536 0.00160254
19 0.00149703 0.00407286 0.000407128 0.00679211 0.00122388 0.00441684 0.98159
0 0.0126755 0.024615 8.18157e-05 0.000633329 0.961785 0.000130133 7.94628e-05
5 0.0697096 0.822249 0.0219764 0.0286394 0.0499401 0.00586595 0.00161918
5 0.101164 0.779182 0.01408 0.0178052 0.077588 0.00573375 0.00444733
22 0.927686 0.0416944 3.41771e-05 0.000394719 0.029632 0.000244692 0.00031437
19 0.000454213 0.000830219 5.78848e-05 0.00154425 0.000300074 0.00127726 0.995536
0 0.00360483 0.0129154 0.00956276 0.000877092 0.96579 0.00693969 0.000310429
22 0.875788 0.105597 0.000199808 0.000622652 0.0153641 0.000759269 0.00166935
22 0.954285 0.00353538 0.00120906 0.00150543 0.0336563 0.00216053 0.00364854
22 0.854309 0.108812 0.00641395 0.00163428 0.0278303 0.000508374 0.000492492
19 0.00525129 0.00566797 0.0250549 0.0100392 0.0239518 0.0178376 0.912197
22 0.847491 0.103869 0.00191347 0.00178363 0.0371737 0.00367077 0.00409791
13 0.000494807 0.000759101 0.989703 0.0013114 0.000771848 0.00632491 0.000635027
4 0.00848065 0.0145799 0.00392663 0.937321 0.00819946 0.00627039 0.0212223
19 0.000806722 0.00210961 0.00470192 0.0130525 0.00385209 0.032069 0.943408
4 0.0124768 0.0106526 0.000671798 0.941165 0.0131632 0.0156421 0.00622876
19 0.00387031 0.00884055 0.00251931 0.018099 0.00114869 0.00734342 0.958179
22 0.866101 0.104225 0.00585979 0.000899326 0.0201152 0.00161509 0.00118477
5 0.0571971 0.777189 0.00829583 0.0368854 0.103637 0.0122972 0.00449874
22 0.642674 0.335904 0.000968292 0.00135931 0.0176009 0.000497521 0.000996395
5 0.108754 0.853767 0.00579523 0.000857421 0.0281112 0.00183172 0.000883526
4 0.00615618 0.0155641 0.00797652 0.919236 0.0476219 0.00239103 0.00105451
4 0.00824729 0.00314117 0.00930428 0.944522 0.00285783 0.0178958 0.0140312
5 0.115916 0.793072 0.0233421 0.0103878 0.0471815 0.00594215 0.00415887
19 0.00129265 0.00117387 0.00762961 0.00440816 0.00256044 0.0435036 0.939432
22 0.895394 0.0982797 0.000391956 0.000174601 0.00492007 0.000376526 0.000463414
22 0.964099 0.0311101 0.000258816 0.00103567 0.00180282 0.00069828 0.000995473
5 0.405466 0.549534 0.000423568 0.00974595 0.0325281 0.000763454 0.00153873
22 0.916212 0.0662614 0.000896297 0.00439501 0.0109432 0.000804571 0.000487366
5 0.0101877 0.929314 0.000290247 0.00673104 0.0456695 0.00336024 0.00444762
11 0.00041485 0.000577077 0.0230787 0.00962969 0.00192354 0.919979 0.0443972
11 0.00114513 0.00103838 0.00382662 0.0145865 0.004471 0.951848 0.0230844
11 0.000454942 0.00200163 0.0245732 0.00119208 0.001444 0.966862 0.00347177
22 0.977667 0.00344281 0.00243927 0.00555256 0.0086357 0.00120725 0.00105582
11 0.000217156 7.20135e-05 0.0215852 0.00118828 0.00277456 0.928854 0.0453088
4 0.0106003 0.020246 0.0126197 0.920205 0.023693 0.0106265 0.00200939
13 0.00509134 0.00663616 0.956451 0.0121052 0.00501869 0.0116099 0.00308785
13 0.00445405 0.0203821 0.937299 0.0125837 0.0107618 0.0140745 0.00044434
11 0.000353937 0.000401143 0.0101539 0.000688656 0.000548233 0.951566 0.0362885
5 0.0941326 0.761334 0.0222442 0.0258191 0.0801724 0.0111971 0.00510114
0 0.00860696 0.0861234 0.00246659 0.00321067 0.897431 0.00147545 0.000686344
11 0.00241472 0.000802581 0.0250167 0.00233078 0.00478821 0.921242 0.0434051
4 0.00230361 0.0041465 0.0074866 0.950587 0.0128907 0.0164824 0.00610308
22 0.938667 0.05662 0.00116178 0.000171083 0.00254456 0.000604185 0.000231511
0 0.00952875 0.035566 0.0240385 0.0216924 0.87942 0.0179034 0.0118506
22 0.486195 0.472442 0.0111553 0.00511488 0.0207895 0.00260497 0.00169892
11 0.00169161 0.000816633 0.0244766 0.000153307 0.0026828 0.969383 0.000795947
22 0.873453 0.0673866 0.00692962 0.00233087 0.0441278 0.00379983 0.0019727
22 0.909467 0.0224523 0.0222447 0.0135985 0.0252114 0.00450032 0.00252573
19 0.00290476 0.00672523 0.00199437 0.0199894 0.00471818 0.0109376 0.952731
11 0.00108428 0.00173128 0.0284548 0.00594853 0.000735124 0.929514 0.0325318
5 0.0211168 0.974271 0.000389889 0.000151728 0.00298456 0.000314946 0.000771384
22 0.867616 0.0822086 0.00223081 0.00970163 0.0338737 0.00288583 0.00148383
4 0.0188764 0.0318086 0.00518029 0.928992 0.012093 0.0027477 0.00030244
19 0.00441353 0.00727708 0.0111825 0.0153159 0.0120745 0.016881 0.932856
11 0.00180904 0.00816764 0.0263258 0.00849659 0.0106721 0.919869 0.0246602
0 0.0245147 0.0450409 0.00109233 0.0158525 0.911579 0.000930549 0.000989796
11 0.000172554 0.000207863 0.00770409 0.00163004 0.000408851 0.985372 0.0045049
5 0.115861 0.804919 0.00528292 0.00445727 0.0643189 0.00349161 0.00166904
13 0.000233009 0.000345189 0.95406 0.000237362 0.00124379 0.0326992 0.0111811
22 0.856214 0.0653794 0.0318194 0.0016708 0.0388166 0.00298979 0.00310998
0 0.0244116 0.0437016 0.00408409 0.0251175 0.897185 0.00461963 0.000880977
19 0.00453007 0.00632887 0.00564806 0.0260729 0.0117129 0.033101 0.912606
19 0.00476387 0.00665931 0.0125034 0.0185465 0.0221726 0.0425323 0.892822
0 0.0276673 0.051203 0.0014733 0.00335546 0.914574 0.0011563 0.000570619
13 0.000197359 0.000454615 0.951099 0.00150206 0.0107255 0.0318997 0.00412137
19 0.00457081 0.00372488 0.00722559 0.0250736 0.00785404 0.0362372 0.915314
13 0.00360265 0.000624253 0.964182 0.00555673 0.00904787 0.00984122 0.00714553
19 0.00464145 0.00634384 0.00708107 0.022843 0.00325912 0.0186765 0.937155
11 0.00446212 0.00982314 0.0253841 0.0119399 0.00380125 0.942321 0.00226852
0 0.00932457 0.0532528 0.00732499 0.0428203 0.873886 0.00421707 0.00917427
22 0.850816 0.105026 0.00470207 0.00112142 0.0357489 0.00119641 0.00138877
0 0.0191671 0.0394131 0.00105041 0.0226922 0.915685 0.00122541 0.000767388
4 0.000957447 0.00150536 0.000727999 0.973232 0.00377287 0.00193018 0.0178745
19 0.00447495 0.00720794 0.0272941 0.00672778 0.0234888 0.0357814 0.895025
22 0.8779 0.111428 3.66324e-05 0.000103176 0.0100468 0.000124521 0.000360744
22 0.934473 0.0388326 0.00104298 0.00400406 0.0197458 0.000662718 0.00123932
19 0.00448527 0.00621489 0.0147792 0.00849358 0.00515349 0.0449472 0.915926
22 0.773451 0.174008 0.00229457 0.00175537 0.0472398 0.000729131 0.000522118
11 0.00641117 0.00645182 0.024889 0.00721021 0.00952282 0.944443 0.00107179
13 0.00240849 0.000369409 0.952123 0.00349721 0.00787485 0.0328413 0.000885302
0 0.000886394 0.00300173 0.00160772 0.0351453 0.949118 0.00597063 0.00427064
19 0.000521476 0.000376177 0.000617486 0.011709 0.00119655 0.00981844 0.975761
0 0.0243219 0.035578 0.00204014 0.00294289 0.931768 0.00259932 0.000749214
0 0.0108186 0.0548312 0.0231728 0.036484 0.840884 0.010431 0.0233785
22 0.900047 0.0884541 0.00035205 0.000376635 0.00974184 0.000500884 0.000527019
22 0.866561 0.0808401 0.00755681 0.0199873 0.0188267 0.00279938 0.00342829
11 0.00517855 0.00683399 0.00969024 0.0127113 0.0240505 0.924968 0.0165674
22 0.879386 0.108765 0.000369472 0.00105185 0.00999566 0.0001235 0.000309059
22 0.7328 0.240371 0.005821 0.00591608 0.00661277 0.00521867 0.00325999
11 0.00222549 0.00144925 0.0143923 0.0058194 0.00668472 0.923577 0.0458521
22 0.823484 0.0975151 0.0210592 0.011527 0.0285923 0.0143165 0.00350619
4 0.004889 0.00635794 0.0156179 0.915173 0.0197871 0.0123281 0.0258467
13 0.00784054 0.0116514 0.921427 0.00574653 0.00809784 0.0296108 0.0156258
11 0.000244925 0.00101281 0.0033392 0.00317218 0.00058481 0.978414 0.0132316
22 0.95139 0.0136806 0.00036383 0.0194111 0.0124273 0.000380104 0.00234695
11 0.00328531 0.0031901 0.0244975 0.00346043 0.00788393 0.913525 0.0441574
11 0.000170533 0.000128207 0.0201705 0.000527747 0.00725428 0.925795 0.0459538
0 0.0196264 0.0741353 0.0205783 0.0124484 0.850513 0.0198284 0.00286985
5 0.20324 0.739971 0.000811345 0.0118263 0.0405598 0.00109553 0.0024961
22 0.988458 0.00830453 0.000976245 0.00158175 0.000354421 8.29139e-05 0.000241684
22 0.851709 0.0665787 0.00320532 0.0223279 0.0461791 0.00312371 0.00687598
13 0.00229035 0.00284844 0.927832 0.00905103 0.0110198 0.0334408 0.0135175
11 0.0030062 0.0123151 0.0105227 0.0207833 0.00651997 0.926149 0.0207034
0 0.0292182 0.0525692 0.00179668 0.0110226 0.897161 0.00625601 0.00197636
19 0.004765 0.00851887 0.00893031 0.00817053 0.0106485 0.0443133 0.914653
13 0.00302613 0.0189862 0.919471 0.0191587 0.00815116 0.028271 0.00293545
5 0.0622231 0.932522 0.00181247 3.53875e-05 0.00291587 0.000131179 0.00036013
22 0.861194 0.0977027 0.00466687 0.0109299 0.0202962 0.00318583 0.0020243
5 0.116333 0.791162 0.0149107 0.0135483 0.0565634 0.00395459 0.00352804
22 0.875457 0.110888 0.00335208 0.00109199 0.00646146 0.00161314 0.00113606
0 0.00407865 0.0186744 0.00875481 0.00271842 0.952603 0.0123009 0.000869612
13 0.000252266 0.000158422 0.952639 0.000195091 0.00280304 0.0327808 0.0111709
13 0.00420367 0.00151413 0.991477 0.000621887 0.000761461 0.0010104 0.000411022
5 0.0858273 0.911275 0.000511571 0.000162199 0.00190893 0.000183011 0.000132534
11 0.000330637 0.000764658 0.0280552 0.00207759 0.00489561 0.934213 0.0296632
0 0.0146409 0.0862565 0.0144542 0.00970461 0.864751 0.00684842 0.00334474
4 0.00855387 0.0223323 0.00834403 0.906234 0.0182416 0.0221672 0.0141267
4 0.00975001 0.0306234 0.00494687 0.916006 0.0121086 0.0211148 0.00545045
0 0.0435854 0.0977795 0.0215541 0.0194425 0.80692 0.00658439 0.0041343
13 0.000711776 0.0112296 0.954589 0.0039637 0.0143052 0.0127974 0.00240329
11 0.00164364 0.00765652 0.00915446 0.00432542 0.0152047 0.954583 0.00743223
11 0.000404179 0.000327126 0.00531088 0.0125523 0.0134555 0.958259 0.00969125
0 0.0207143 0.0822718 0.00452833 0.0206343 0.863277 0.00450842 0.0040662
13 0.00237446 0.000706907 0.979301 0.00188677 0.00498247 0.00255304 0.00819511
19 0.00328189 0.00249449 0.000499129 0.00647086 0.000447284 0.000559286 0.986247
0 0.0083689 0.0884909 0.00945785 0.00877707 0.882102 0.00109688 0.00170645
22 0.867752 0.110465 0.00110194 0.00231011 0.0173708 0.000623083 0.000377035
13 0.000403839 0.00105533 0.964588 0.00198369 0.00905424 0.0153989 0.00751594
0 0.0307722 0.0573082 0.0149895 0.0010817 0.892483 0.0016695 0.00169555
22 0.907506 0.0420791 0.00154961 0.00712122 0.0386354 0.000966177 0.00214289
11 0.000807614 0.00366408 0.00394206 0.00176269 0.00198341 0.986493 0.00134725
19 0.00226626 0.00102039 0.00296904 0.0120303 0.000837407 0.039857 0.94102
22 0.629586 0.214312 0.0267852 0.0323057 0.0854285 0.00604637 0.00553613
19 0.000400407 6.42307e-05 3.90477e-06 0.000147884 5.76008e-05 2.78574e-05 0.999298
19 0.0042706 0.00293647 0.000365182 0.00971471 0.00639879 0.00955534 0.966759
22 0.934255 0.0272571 6.47744e-05 0.00200563 0.0357176 0.000199631 0.000500037
22 0.968911 0.0296151 3.78683e-05 1.15999e-05 0.00134532 9.23146e-06 7.00908e-05
5 0.118163 0.874849 5.41672e-05 0.00034042 0.00633142 3.07192e-05 0.000230892
4 0.0095152 0.00924338 0.0110335 0.936812 0.012924 0.0178261 0.00264627
11 0.000210346 0.000686136 0.0226125 0.000158484 0.00145071 0.969393 0.00548844
5 0.116925 0.86181 0.00465402 0.000642786 0.0125815 0.00204337 0.0013428
4 0.0190426 0.0292068 0.000391018 0.936191 0.0132762 0.000503364 0.00138907
11 0.00287242 0.00323077 0.0133699 0.0204794 0.00574573 0.912117 0.042185
19 0.000692692 0.000905863 8.37857e-05 0.000882636 8.25521e-05 2.79656e-05 0.997325
22 0.926418 0.0495474 0.00489897 0.0107765 0.00441233 0.00289725 0.0010496
4 0.00152404 0.0033611 0.00834264 0.925939 0.015452 0.0183576 0.0270232
0 0.00101099 0.00366889 0.0107353 0.0147932 0.93481 0.0089383 0.026043
5 0.11645 0.808636 0.0192376 0.0104021 0.0400288 0.00254451 0.00270103
4 0.0035369 0.00910662 0.0131118 0.908534 0.0372574 0.0095894 0.0188643
22 0.937123 0.0597399 0.00025327 0.000721152 0.00106332 0.000243885 0.000855414
11 0.000189878 0.000453148 0.0245052 0.00104643 0.00616855 0.923773 0.0438635
22 0.937845 0.0357511 0.000475165 0.000423825 0.0246659 0.000401029 0.000437811
11 0.0066721 0.00818873 0.026115 0.010628 0.0150906 0.928219 0.00508618
4 0.0153956 0.0140814 0.00414203 0.911044 0.0366038 0.00240693 0.0163262
22 0.970767 0.0241245 2.80211e-05 0.00016382 0.00417742 0.000159798 0.000579451
19 0.00533335 0.00224442 0.00114616 0.0200893 0.00163616 0.00354256 0.966008
19 0.00432549 0.012376 0.0100462 0.00341036 0.0121016 0.024227 0.933513
22 0.973372 0.0252028 5.48082e-06 2.82298e-05 0.00116871 3.13068e-05 0.000190946
4 0.00128783 0.0034184 0.00172551 0.944712 0.0122645 0.0152869 0.0213052
22 0.9398 0.0516711 0.00225496 0.000172357 0.00530945 0.000683986 0.000107662
13 0.00186393 0.00832645 0.972243 0.000664385 0.00300894 0.0109271 0.00296641
22 0.879243 0.109627 0.000110477 0.000272218 0.0103572 9.34558e-05 0.000296877
0 0.000538523 0.00510048 0.000324872 0.00049094 0.993281 0.000176445 8.72665e-05
4 0.00828587 0.00383213 0.00582201 0.945484 0.0179428 0.0111603 0.00747328
5 0.117874 0.872464 0.000202783 0.000106589 0.00807228 0.000552089 0.000728437
0 0.00952019 0.0217765 0.014166 0.0241201 0.912301 0.00877553 0.00934095
22 0.857209 0.11004 0.000588841 0.00335768 0.0230017 0.00360612 0.00219672
0 0.0151038 0.0489941 0.000763968 0.0041009 0.929947 0.000501402 0.000589147
5 0.00705289 0.89822 0.020331 0.0020232 0.0707151 0.000974488 0.000683324
11 0.000451309 0.000354269 0.00266439 0.00264334 0.00037779 0.986539 0.00696987
22 0.84949 0.104517 0.0233066 0.00257865 0.00883581 0.00801851 0.0032535
11 0.00329932 0.0114658 0.00693204 0.0198321 0.00992672 0.92719 0.0213536
4 0.0183831 0.0336393 0.00207614 0.917609 0.018219 0.00795077 0.00212302
11 0.00169729 0.000663443 0.0217245 0.00598466 0.00283538 0.960192 0.00690288
5 0.0889969 0.795254 0.0123315 0.00364419 0.0937624 0.00106283 0.00494801
22 0.965047 0.00743463 0.00196112 0.00965982 0.0130543 0.00146876 0.00137481
22 0.591713 0.383714 0.000133353 0.000230684 0.0218729 0.000919525 0.00141641
22 0.8704 0.109964 0.00357489 0.00168474 0.00727274 0.00411498 0.00298846
19 0.00174365 0.00184615 0.00019509 0.0196027 0.000300605 0.00185827 0.974454
13 0.0156724 0.00826834 0.953921 0.00311226 0.00488848 0.00954201 0.00459591
13 0.000503141 0.000417286 0.965735 0.00947427 0.0102117 0.00928443 0.0043737
13 0.00895505 0.00903827 0.795915 0.0318564 0.00819563 0.137958 0.00808157
5 0.117253 0.83687 0.000639784 0.00242126 0.0397693 0.00102666 0.00202039
4 0.016187 0.0214095 0.00447846 0.945797 0.00840354 0.00261116 0.0011136
22 0.964321 0.0292182 3.29053e-05 0.000468466 0.00575095 3.42745e-05 0.000173991
0 0.00211045 0.00126731 0.000569056 0.0345614 0.95881 0.000681968 0.00199966
5 0.0547344 0.84074 0.00442047 0.0012626 0.0948823 0.00288891 0.00107124
5 0.123513 0.8217 0.000596277 0.00105317 0.0513576 0.000644166 0.00113637
0 0.015482 0.00494507 0.0161556 0.000115871 0.962592 0.000478946 0.0002302
22 0.882637 0.111211 0.000120103 0.000216741 0.00435569 0.000774223 0.000684912
11 0.00110926 0.00282538 0.019831 0.00950218 0.0103621 0.952633 0.00373709
22 0.890562 0.0687969 0.0120579 0.0012657 0.0247926 0.00110594 0.00141872
5 0.0657517 0.846399 0.000787879 0.000353351 0.0854663 0.000717372 0.000524283
13 0.00301819 0.00112977 0.949961 0.00508026 0.00642449 0.0320823 0.00230345
22 0.913129 0.081329 2.2576e-05 5.72741e-05 0.00499477 0.00021003 0.000257028
0 0.00388571 0.00473336 0.00488851 0.0138485 0.970824 0.00100736 0.000812755
11 0.00343318 0.00141712 0.027831 0.00577307 0.00426892 0.928904 0.028373
19 0.00322101 0.00473275 0.0013336 0.00668027 0.00145335 0.00700416 0.975575
19 0.000506659 0.000944966 7.17798e-05 0.00709917 0.00126695 0.00180062 0.98831
4 0.00989972 0.0220524 0.010487 0.912791 0.0378726 0.00592681 0.00097042
22 0.858202 0.10594 0.0001317 4.53765e-05 0.0354793 6.64828e-05 0.000135573
11 0.000610415 0.00066317 0.0106665 0.00519111 0.00593657 0.931398 0.0455347
13 0.00348322 0.000621764 0.994461 3.97869e-05 0.000255325 0.000930472 0.000208681
4 0.00481482 0.0396526 0.00113901 0.918904 0.0253499 0.00879817 0.0013413
5 0.00429927 0.991184 0.000525557 0.000151514 0.00316003 0.000438104 0.000241456
22 0.974871 0.00724281 0.00556858 0.00481585 0.00467244 0.00171999 0.00110943
0 0.00148023 0.00135297 0.0156499 0.0302322 0.941789 0.00134912 0.0081463
0 0.0304582 0.0756551 0.0033946 0.0033564 0.884158 0.00059351 0.00238378
5 0.0410314 0.817855 0.0454243 0.0174948 0.0645199 0.00972078 0.00395368
11 0.000702718 0.000740562 0.00614098 0.00135053 0.00125484 0.949482 0.0403285
22 0.875728 0.111167 0.000324961 0.000481339 0.0107787 0.000585971 0.000934029
4 0.01037 0.0266374 0.0029432 0.908392 0.0241807 0.0184764 0.00899999
11 0.000608605 0.000518128 0.028633 0.00135675 0.00828871 0.925004 0.0355907
11 0.00487777 0.0100173 0.0225655 0.0215252 0.00689655 0.921046 0.013072
11 0.00225514 0.00604753 0.00552098 0.00371418 0.0111499 0.968868 0.00244398
11 0.00152022 0.0035316 0.0245117 0.00388203 0.00406412 0.960372 0.00211862
11 0.00381873 0.0116543 0.0251096 0.00368661 0.00932422 0.94227 0.00413653
13 0.00325509 0.00165993 0.969339 0.0014707 0.00421977 0.0101936 0.00986211
11 0.000636611 0.000851758 0.00216403 0.0171577 0.00051418 0.968471 0.0102047
19 0.00519132 0.00775388 0.00260611 0.0211718 0.00450329 0.010021 0.948753
5 0.116822 0.85551 0.000611246 0.00423424 0.0211205 0.000620245 0.00108109
5 0.117308 0.863336 0.000541009 0.00037629 0.0158909 0.00163728 0.000909983
0 0.00176705 0.0123441 0.00216073 0.000847242 0.981882 0.000639455 0.00035921
22 0.836875 0.10393 0.00734404 0.00651938 0.0364623 0.00550077 0.00336859
22 0.884618 0.0994848 0.00011155 0.0127481 0.000882074 0.00141077 0.000744551
5 0.117289 0.85987 0.000327759 0.000214737 0.0218501 0.000236666 0.000212303
22 0.863292 0.109982 0.00407788 0.0106252 0.00432962 0.00508652 0.0026069
5 0.105233 0.786395 0.0317661 0.0102369 0.0528145 0.00777864 0.00577624
13 0.00175565 0.00449513 0.93745 0.00768216 0.00434548 0.0328365 0.011435
5 0.11725 0.840642 0.000899722 0.00243901 0.0366389 0.00108283 0.00104769
22 0.969812 0.0278219 0.00020589 6.35907e-05 0.00125255 0.000107056 0.000736881
13 0.00996135 0.00517399 0.944465 0.00162874 0.00151998 0.032733 0.00451779
13 0.0161832 0.0259132 0.917394 0.00491053 0.0131671 0.0188998 0.00353258
11 0.0010511 0.00515944 0.000750996 0.000759146 0.00102539 0.990486 0.000767456
5 0.0291275 0.943496 0.00115713 0.000776882 0.0228505 0.00131328 0.00127836
13 0.0171577 0.02421 0.938706 0.00491679 0.00777739 0.00685853 0.000373713
22 0.860606 0.051823 0.0049663 0.0258227 0.0416534 0.00404816 0.0110806
19 0.000945849 0.00166621 0.00040264 0.00475871 0.00372112 0.0320048 0.956501
22 0.8703 0.110023 0.000688074 0.000969304 0.0162614 0.000784167 0.000973363
22 0.858036 0.106353 7.01079e-05 0.000126403 0.0347716 9.02726e-05 0.000552819
22 0.88323 0.111608 0.00119374 0.000248345 0.00302718 0.000208793 0.000484154
11 0.00169686 0.00217306 0.028536 0.00371519 0.0110086 0.921435 0.0314348
13 0.00747427 0.00851053 0.957183 0.00448707 0.0129863 0.00599516 0.00336347
0 0.00205947 0.0159873 0.00722886 0.0287619 0.902055 0.0284563 0.0154508
19 0.00439542 0.00441188 0.00786461 0.0207229 0.0253262 0.0365077 0.900771
19 0.00458477 0.00766231 0.00681535 0.0182935 0.0127074 0.0451631 0.904774
0 0.0272476 0.0456428 0.00165525 0.00277792 0.921195 0.000882059 0.000599714
0 0.00900854 0.00245848 0.0164552 0.0192092 0.945862 0.00290712 0.00409913
0 0.0196051 0.0182129 0.00494211 0.0095004 0.945038 0.00118861 0.00151282
4 0.000752628 0.000662236 0.000496505 0.992097 0.000902202 0.00096835 0.00412157
4 0.00199233 0.0060267 0.00146154 0.971429 0.00238583 0.00854547 0.00815885
13 0.00756283 0.00709582 0.962176 0.00363112 0.0128458 0.00601503 0.000673178
22 0.882429 0.111521 0.0012455 0.000504554 0.00300032 0.000751055 0.000548803
0 0.00325224 0.0886452 0.0005877 0.00177022 0.894811 0.00931948 0.00161375
0 0.00547199 0.035608 0.0207709 0.0379678 0.858282 0.0130201 0.0288793
13 0.00727663 0.0108372 0.95207 0.00368257 0.0136232 0.01003 0.00248071
11 0.00372591 0.000920625 0.0211632 0.00677172 0.00699691 0.914512 0.04591
5 0.0888585 0.826343 0.00822065 0.0362904 0.0231517 0.0133856 0.00375025
5 0.0614503 0.906829 0.0223244 0.00178277 0.00439278 0.00218448 0.0010367
22 0.938495 0.0160968 0.0072837 0.00537648 0.0239237 0.00432553 0.00449886
22 0.870961 0.110787 0.0055203 0.00168263 0.00674379 0.00299875 0.00130621
13 0.00187764 0.00785763 0.976107 0.00111412 0.00832392 0.00382372 0.000896036
0 0.0317598 0.0721047 0.000363354 0.0011413 0.893552 0.000694451 0.000384542
13 0.00376463 0.00147636 0.943397 0.00214082 0.00386937 0.0329597 0.0123919
13 0.00222117 0.00325464 0.962149 0.0086503 0.00243324 0.014614 0.00667755
11 0.000184973 0.000332959 0.00116574 5.08511e-05 0.00137812 0.996185 0.000702784
13 0.0145451 0.0139028 0.922123 0.00706562 0.0160249 0.0242115 0.00212751
13 0.00210044 0.0059752 0.937089 0.00765063 0.00378482 0.0329982 0.0104018
4 0.00771341 0.0199724 0.00244213 0.914114 0.0387264 0.00190863 0.0151228
13 0.0032377 0.00157476 0.947381 0.00119165 0.0105903 0.0310081 0.00501625
13 0.0100721 0.0119702 0.928181 0.0113737 0.00361714 0.0337822 0.00100348
22 0.874072 0.110945 0.000423179 0.00680608 0.00476551 0.00237229 0.000616241
5 0.0617997 0.802747 0.0441684 0.0144555 0.0550474 0.0149006 0.00688158
22 0.96491 0.0304517 7.1199e-05 0.000378019 0.00386703 0.00012032 0.000202047
22 0.822329 0.167458 0.000776348 0.00132547 0.00484358 0.00233889 0.000929227
22 0.997325 0.00216638 1.19986e-05 0.000106669 5.68219e-05 5.17529e-05 0.000281698
22 0.902699 0.0866606 0.000174764 0.000384844 0.00892232 0.000402907 0.000755092
4 0.0128617 0.00841831 0.000245459 0.970154 0.00369014 0.00276372 0.0018671
13 0.000205672 0.000166258 0.995305 0.00012271 0.000577802 0.00294679 0.000675556
13 0.00579217 0.0123486 0.908604 0.00463651 0.0130872 0.0323453 0.0231861
22 0.926463 0.0505443 0.00215946 0.0085249 0.00646788 0.00380177 0.002039
13 0.0028769 0.0185707 0.938362 0.00352147 0.00361642 0.032332 0.000719999
22 0.847132 0.107862 0.00151504 0.0152697 0.0204014 0.00315368 0.00466613
22 0.924566 0.0638045 0.00149504 0.000395956 0.00758202 0.00103535 0.00112066
0 0.000717531 0.00198201 0.00165852 0.00382637 0.991259 0.000136646 0.000419876
5 0.110978 0.800173 0.00663831 0.0284464 0.0375383 0.0137337 0.00249253
5 0.116465 0.823405 0.00152241 0.0126357 0.0414032 0.00225435 0.00231432
5 0.116437 0.829497 0.00139772 0.0129545 0.0357432 0.00210917 0.00186185
5 0.0714139 0.91433 0.000698246 0.000221942 0.012887 0.000225126 0.000223972
13 0.000379912 0.000458637 0.941977 0.016733 0.00589122 0.0306198 0.00394044
4 0.000622131 0.00190968 0.00126235 0.960669 0.0012101 0.00812294 0.0262041
11 0.00080909 0.00566828 0.0251917 0.0122192 0.00384515 0.948756 0.0035106
19 0.00405532 0.0024392 0.0115919 0.00779927 0.00765994 0.0741366 0.892318
11 9.70972e-05 0.000196453 0.0124803 0.000140033 0.000281534 0.98539 0.00141483
11 0.000199627 0.000153358 0.00553146 0.0042877 0.00124022 0.970142 0.0184454
0 0.0124954 0.03237 0.00473414 0.037573 0.899206 0.00812509 0.00549677
4 0.00325412 0.0137795 0.0134819 0.940112 0.0198603 0.00785605 0.00165573
19 0.000778686 0.00115161 0.000129225 0.00258993 0.000584207 0.00103152 0.993735
22 0.879764 0.110527 0.000196527 0.00059285 0.00700569 0.000579209 0.00133511
13 0.000576592 0.000436932 0.976222 0.000849688 0.00920261 0.00459678 0.00811534
0 0.0806867 0.0529112 0.0120012 0.0119056 0.838346 0.0022563 0.0018934
19 0.00165515 0.00135759 0.000656637 0.016022 0.00418157 0.00658447 0.969543
5 0.0851263 0.797536 0.00314227 0.0168406 0.0954955 0.00105403 0.000805291
22 0.863014 0.0639846 0.00764801 0.0128394 0.0435614 0.00443665 0.00451604
22 0.870401 0.097412 0.00155387 0.000309056 0.029569 0.000240085 0.000515073
5 0.116467 0.849456 0.00092838 0.0013179 0.0230189 0.00641079 0.00240077
22 0.859587 0.109967 0.0052315 0.00473228 0.018373 0.000887611 0.00122121
5 0.0565749 0.824374 0.00851309 0.0112566 0.0946861 0.00251545 0.00208027
11 0.000391602 0.000355101 0.0239953 0.00149101 0.00707985 0.93683 0.0298571
11 0.00605216 0.00980939 0.0256919 0.0116375 0.0097511 0.932583 0.00447504
11 0.000893777 0.00177117 0.00603395 0.0108152 0.00613329 0.935631 0.0387212
5 0.00337922 0.972787 0.011751 0.00117681 0.00523582 0.00419441 0.00147585
13 0.000300026 0.000394025 0.946921 0.0065791 0.00294295 0.0328395 0.0100232
19 0.000472899 0.000205186 0.000227486 0.016535 0.000266504 0.0393542 0.942939
22 0.956622 0.0218052 0.000461792 0.00298777 0.0169151 0.000443861 0.000764026
22 0.982869 0.00720198 0.000707441 0.00461303 0.00324688 0.000419497 0.000941777
5 0.00256259 0.990186 0.000232609 0.000168404 0.00545502 0.000318561 0.00107658
11 0.00503214 0.012405 0.00239626 0.0189456 0.011319 0.942335 0.00756734
13 0.000789533 0.00326854 0.955217 0.000808232 0.000637709 0.0328073 0.00647142
0 0.0185995 0.0844709 0.00727528 0.000668187 0.88757 0.000909498 0.000506305
4 0.0150804 0.0262843 0.0104436 0.917058 0.00795106 0.0167605 0.00642202
22 0.920814 0.0784146 6.77651e-05 8.53586e-05 0.000546483 1.31466e-05 5.91579e-05
22 0.836143 0.086628 0.00913709 0.0170878 0.0455655 0.00173946 0.00369917
0 0.0183832 0.0609905 0.0276744 0.00576693 0.867638 0.00928778 0.0102588
11 0.00319781 0.00253655 0.0265251 0.00107901 0.00489869 0.937496 0.0242669
11 0.00919149 0.0122767 0.025853 0.0111774 0.00589658 0.934973 0.000631849
22 0.906348 0.0725259 0.0074874 0.00138167 0.0072757 0.00294646 0.00203524
11 0.00708266 0.0103077 0.0156644 0.0166258 0.00247214 0.947132 0.000715539
11 0.000266847 0.00028263 0.00983989 0.00280285 0.00048363 0.943543 0.0427809
4 0.00194845 0.00827312 0.00499495 0.944452 0.00282384 0.0163145 0.0211936
13 0.0200375 0.0127542 0.940851 0.00845429 0.015275 0.00212801 0.000499531
19 0.00450891 0.00575987 0.0115802 0.0189232 0.00956561 0.0441802 0.905482
13 0.0102656 0.0196716 0.944787 0.00739513 0.010182 0.00649092 0.00120751
19 0.00131758 0.00340189 0.00739143 0.00576752 0.0184625 0.0270386 0.93662
11 0.00569358 0.010121 0.0265547 0.00791955 0.00987476 0.899464 0.0403726
5 0.111599 0.781875 0.0101812 0.0185059 0.0625021 0.0112526 0.00408446
0 0.00086003 0.00704242 0.00120574 0.0194243 0.941627 0.00387932 0.0259611
22 0.944309 0.0170152 0.00278465 0.0118726 0.0167119 0.00422519 0.00308124
22 0.806456 0.132797 0.0243722 0.00752038 0.0207569 0.00490068 0.00319672
22 0.512737 0.403899 0.0455027 0.0081556 0.0260205 0.00203779 0.00164705
19 0.0030571 0.00234027 0.0256218 0.00959966 0.0103335 0.0306222 0.918425
