labels 22 5 13 4 0 11 19
22 0.944546 0.0458376 0.00044421 0.000213629 0.00768312 0.000149458 0.00112589
22 0.961276 0.0243768 0.000202254 0.00320202 0.00955742 0.000291756 0.00109413
11 0.0003608 0.00100764 0.001892 0.00114648 0.000644483 0.923397 0.0715518
19 0.0031532 0.00318064 0.0109667 0.0409931 0.0498148 0.105084 0.786807
22 0.413286 0.0354094 0.0330183 0.119524 0.348591 0.0156042 0.0345667
0 0.00147246 0.00262816 0.000813641 0.145126 0.8156 0.00376307 0.0305971
11 0.00869603 0.0202547 0.155227 0.15968 0.0591346 0.457968 0.139039
19 0.0012702 0.00311943 0.00193738 0.0079213 0.0243538 0.0554563 0.905942
5 0.36294 0.50806 0.0534636 0.0170409 0.0387948 0.0139847 0.0057165
11 0.00070692 0.00223242 0.0166014 0.00424593 0.00573045 0.933933 0.0365496
0 0.00274851 0.00409226 0.0216026 0.0149674 0.497093 0.0653375 0.394159
5 0.258335 0.714933 0.0101251 0.000630837 0.013474 0.00117479 0.00132726
11 0.00170584 0.00370319 0.0161744 0.0142497 0.0117525 0.912318 0.0400959
11 0.00227184 0.00378594 0.0715927 0.0069538 0.0270275 0.504068 0.3843
0 0.00234911 0.00653601 0.000342304 0.00851111 0.979725 0.000753791 0.00178221
4 0.0329896 0.00708496 0.0111739 0.859173 0.0661295 0.00875294 0.0146965
22 0.573177 0.0173528 0.00554207 0.0119906 0.37315 0.00438144 0.0144061
19 0.00373066 0.00472416 0.0740994 0.0234039 0.185844 0.157355 0.550843
11 0.00200707 0.0105663 0.266885 0.014583 0.0161075 0.57771 0.112141
0 0.0405025 0.082887 0.00466969 0.0490869 0.815453 0.00586452 0.00153635
22 0.715529 0.0434531 0.000924271 0.200309 0.0346641 0.000972257 0.00414843
22 0.684579 0.0633945 0.0038295 0.0565083 0.176704 0.00387865 0.0111061
11 0.00123817 0.00121196 0.309014 0.000719958 0.0178649 0.580158 0.0897935
11 0.000723324 0.00214534 0.0297419 0.00120485 0.00274219 0.852432 0.11101
5 0.0271642 0.700958 0.0290418 0.00393414 0.235416 0.0023363 0.00114933
11 0.000991151 0.00211045 0.0188347 0.00393835 0.000820403 0.861842 0.111463
11 0.00207274 0.00134856 0.0168858 0.010482 0.00318382 0.907485 0.0585422
0 0.00662631 0.00549085 0.00320588 0.311846 0.630479 0.00353295 0.0388189
0 0.0024182 0.00417479 0.0119379 0.11594 0.814353 0.00349816 0.0476779
11 0.00178384 0.00521068 0.13253 0.004513 0.00580997 0.823657 0.0264963
0 0.298708 0.0884466 0.00867959 0.179696 0.366754 0.00647117 0.0512454
22 0.667433 0.303852 0.00118554 0.00126148 0.0241544 0.000685718 0.00142826
0 0.0115787 0.0083034 0.00213645 0.0122148 0.963429 0.000660984 0.00167672
22 0.630673 0.0377285 0.0257965 0.0342655 0.244527 0.0106914 0.0163177
13 0.00271443 0.00355106 0.883177 0.00394498 0.0380091 0.0553034 0.0133002
22 0.71776 0.219358 0.000997819 0.0290119 0.0212123 0.00226337 0.00939675
0 0.228317 0.321958 0.00418838 0.0291423 0.412785 0.00192637 0.00168237
19 0.00889271 0.0186415 0.0100187 0.11889 0.255501 0.0159217 0.572134
