labels 22 5 13 4 0 11 19
13 0.0359747 0.0212271 0.71559 0.0275993 0.143336 0.0488836 0.0073899
19 0.0107477 0.0119198 0.137836 0.180249 0.163575 0.0549051 0.440767
13 0.0212209 0.0150551 0.329843 0.0168951 0.226025 0.118126 0.272835
19 0.00589153 0.00297912 0.0172152 0.0166678 0.0583063 0.0135842 0.885356
5 0.269343 0.679657 0.0217224 0.00516395 0.0193819 0.00334173 0.00139037
13 0.000851754 0.000201488 0.989458 0.000339709 0.000289386 0.00760003 0.00125965
22 0.840796 0.133655 0.00349888 0.00251718 0.0156799 0.00252356 0.0013297
22 0.764561 0.227667 0.000493928 0.000240902 0.00575092 0.000569238 0.000717368
19 0.000249289 0.000370865 0.00238779 0.00795274 0.000746797 0.0486327 0.93966
4 0.180209 0.223696 0.0135719 0.504674 0.0571144 0.0124607 0.00827395
5 0.304866 0.535208 0.0775028 0.0245771 0.0368924 0.0148682 0.00608566
11 0.00325864 0.000691341 0.0922801 0.0156943 0.0036077 0.750564 0.133904
13 0.00385678 0.00138586 0.983416 0.000801072 0.00334531 0.00453255 0.00266247
13 0.00134716 0.000590825 0.972356 0.000360526 0.000480177 0.0117975 0.0130674
13 0.00427087 0.000898525 0.914237 0.00236047 0.00125278 0.0683309 0.00864934
5 0.385598 0.558799 0.0157446 0.00101692 0.0311232 0.00602138 0.00169723
13 0.231746 0.0638872 0.269239 0.0844241 0.258013 0.0609731 0.0317181
13 0.00266609 0.000423022 0.936281 0.000552254 0.00137787 0.0546739 0.00402611
22 0.623128 0.0481594 0.0415409 0.1463 0.114266 0.0149159 0.0116899
13 0.0255826 0.157001 0.55696 0.0105065 0.155309 0.0829683 0.0116725
5 0.181487 0.634829 0.0495567 0.0292173 0.0666272 0.0259293 0.0123544
22 0.589449 0.389512 0.00189494 0.00210183 0.0152808 0.000774948 0.000986263
11 0.000878416 0.000698064 0.0223149 0.00740653 0.00172859 0.798638 0.168335
19 0.000808027 0.000640793 0.0738437 0.00438833 0.0020172 0.325813 0.592489
11 0.00082325 0.000370672 0.00801601 0.000908206 0.00127108 0.951625 0.0369862
0 0.00883291 0.113154 0.0102264 0.0040732 0.856518 0.00565676 0.00153927
13 0.0252759 0.0119568 0.774652 0.0220604 0.0727874 0.0470125 0.0462546
5 0.135012 0.800067 0.004215 0.00667458 0.0483164 0.00369086 0.00202336
13 0.000636142 0.000409231 0.915915 0.000383194 0.000740041 0.0619656 0.019951
11 0.00203766 0.00170002 0.129542 0.0135434 0.00275009 0.511913 0.338514
19 0.000621264 0.000544807 0.00209516 0.00313241 0.00103933 0.00896407 0.983603
5 0.384739 0.540218 0.0136253 0.0225465 0.018931 0.0146841 0.00525533
13 0.0314727 0.0135222 0.900341 0.00725104 0.00699767 0.0191937 0.0212221
19 0.00700028 0.00736172 0.031386 0.00298305 0.00913458 0.0949064 0.847228
5 0.261605 0.679893 0.00648616 0.00958018 0.0356595 0.00418259 0.00259285
22 0.62825 0.349061 0.00144258 0.00560594 0.0141111 0.000887382 0.000641938
19 0.00238618 0.00143254 0.00836271 0.0264335 0.00189666 0.132163 0.827325
19 0.00604477 0.00479002 0.0574676 0.125491 0.00451895 0.270819 0.530869
19 0.00917651 0.00539996 0.0372504 0.0273914 0.0531113 0.0219026 0.845768
5 0.109023 0.640619 0.0300826 0.00991307 0.196623 0.00349165 0.0102476
13 0.00289789 0.000432359 0.995084 0.000116419 0.000123854 0.00108537 0.00026027
22 0.866924 0.0836839 0.000498605 0.0402411 0.00472182 0.00260919 0.00132157
13 0.267695 0.18811 0.337981 0.041673 0.108251 0.0358336 0.0204562
13 0.0277367 0.0137585 0.672349 0.0380916 0.148833 0.0172656 0.0819662
11 0.00565286 0.00141157 0.0769128 0.0133362 0.00635192 0.477895 0.41844
13 0.0625912 0.284658 0.446691 0.0519082 0.0514627 0.0877413 0.0149483
5 0.327423 0.650946 0.000639192 0.00664707 0.0111844 0.00199054 0.00116977
13 1.16187e-05 1.0387e-05 0.9938 8.24819e-05 4.973e-05 0.0048417 0.00120435
11 0.00211254 0.000891366 0.0196643 0.00534647 0.00324276 0.562635 0.406108
13 0.0129234 0.0106745 0.546672 0.375674 0.0250695 0.0237995 0.00518704
19 0.000901248 0.000716514 0.000950717 0.0104846 0.000949327 0.0398639 0.946134
22 0.649126 0.104959 0.0869305 0.0681736 0.0723088 0.0106524 0.00784924
0 0.182783 0.112179 0.21185 0.0199895 0.401805 0.0391226 0.0322707
11 0.00143985 0.0015277 0.0237395 0.00331639 0.00415654 0.836049 0.129771
19 0.00605616 0.00534697 0.204512 0.0227834 0.0241877 0.232083 0.505031
