labels 22 5 13 4 0 11 19
4 0.00743 0.0137551 0.00204144 0.924233 0.00246174 0.0415202 0.00855857
11 0.0162225 0.0147164 0.0227594 0.194077 0.0250539 0.6976 0.0295714
19 0.0126568 0.0174816 0.0140028 0.290529 0.255992 0.0637219 0.345616
19 0.0101377 0.011628 0.00329432 0.192531 0.0716065 0.0542681 0.656534
4 0.00373508 0.00335909 0.00066293 0.699236 0.0177261 0.0117615 0.263519
4 0.0855566 0.105071 0.00133704 0.76212 0.0163638 0.0254779 0.00407447
11 0.00692 0.0050796 0.0249947 0.422759 0.045883 0.480303 0.0140599
22 0.93887 0.0199727 0.00089744 0.00957003 0.0276468 0.00169937 0.00134416
22 0.949378 0.046629 0.000148674 0.000304613 0.0020549 0.000378879 0.00110622
22 0.990936 0.00599583 5.30101e-05 0.000228062 0.0017975 0.000261504 0.000727892
22 0.978122 0.01355 3.90532e-05 0.00092175 0.0064966 0.000167818 0.000703025
22 0.988104 0.010168 1.7765e-05 0.000198116 0.000841819 6.06255e-05 0.000610079
22 0.863819 0.0289295 0.00065932 0.00532809 0.100043 0.000434714 0.000786995
19 0.00165419 0.00165396 0.00073283 0.0892551 0.0398014 0.0181953 0.848707
19 0.00114826 0.00125789 0.000410006 0.0171645 0.0306044 0.0377157 0.911699
11 0.00994595 0.0224658 0.0232274 0.273958 0.0090121 0.65147 0.00992106
0 0.0820965 0.0861239 0.00035357 0.00277806 0.827553 0.000431039 0.000663488
22 0.995724 0.00260183 1.83481e-05 0.000304952 0.000901971 5.74673e-05 0.00039105
22 0.978322 0.0160045 3.71299e-05 0.00121491 0.00276246 0.000456296 0.0012025
4 0.0413298 0.0146178 0.0227944 0.697674 0.0131767 0.190548 0.0198599
22 0.985446 0.00629292 7.24199e-05 0.00409486 0.00325008 0.000351 0.000492596
5 0.18775 0.705226 0.00134305 0.0261296 0.0648419 0.00416992 0.0105397
11 0.00447383 0.00463514 0.0121929 0.165676 0.0295912 0.734912 0.0485182
4 0.0712518 0.0434128 0.0108177 0.806932 0.0488019 0.0161056 0.00267852
4 0.0270284 0.0407731 0.0683512 0.656588 0.0425496 0.158159 0.00655061
5 0.360628 0.61957 0.00116596 0.00187309 0.0116783 0.00101057 0.00407327
22 0.77479 0.0232303 0.000627204 0.020167 0.179282 0.000596788 0.00130741
4 0.00129265 0.00508639 0.00192931 0.869447 0.0625538 0.0298669 0.0298236
0 0.416923 0.0476009 0.00139862 0.0524463 0.477747 0.00202594 0.0018584
22 0.977473 0.0186391 2.04694e-05 0.000366861 0.00299231 9.9457e-05 0.000409141
11 0.113226 0.0514567 0.135291 0.0687861 0.056515 0.562524 0.0122008
13 0.0292251 0.0242265 0.715483 0.0348451 0.142789 0.0461577 0.00727456
22 0.994605 0.00374439 3.89562e-05 0.000352972 0.000711253 0.000104446 0.000442721
0 0.0071005 0.0433166 0.0156245 0.102598 0.807372 0.0143351 0.00965357
22 0.941134 0.03977 8.18337e-05 0.00771387 0.010297 0.000284925 0.000718359
22 0.693572 0.0464956 0.00118814 0.0185681 0.234954 0.00388926 0.00133332
4 0.110811 0.191314 0.00732988 0.571687 0.0249536 0.087409 0.00649565
19 0.00183811 0.00112266 0.000130676 0.0112938 0.00445802 0.0054591 0.975698
19 0.00691748 0.00820959 0.00184635 0.201821 0.0930811 0.0500856 0.638039
22 0.971678 0.00503247 0.000126929 0.00791653 0.0141577 0.000221738 0.000866578
4 0.0637395 0.029018 0.0263208 0.830405 0.0197229 0.027246 0.00354801
11 0.121195 0.0851256 0.0593347 0.117236 0.212457 0.388076 0.0165755
22 0.995435 0.00248931 1.06672e-05 0.000183382 0.000869503 9.94281e-05 0.000912418
22 0.88665 0.108775 0.000276299 0.000274625 0.00167272 0.000907051 0.00144356
11 0.00808823 0.0383557 0.00939972 0.33561 0.0284845 0.548817 0.0312445
11 0.0476965 0.0352171 0.133637 0.29993 0.0420041 0.431618 0.00989815
22 0.873518 0.116005 0.000151092 0.00138575 0.00617585 0.00059157 0.00217295
22 0.992371 0.00447849 2.7399e-05 0.00131269 0.00142242 4.43906e-05 0.000343193
22 0.895934 0.0923384 3.72342e-05 0.000474234 0.0103027 0.000139237 0.000773928
22 0.870703 0.116277 0.000361658 0.0015306 0.00761636 0.000903715 0.00260805
11 0.0117464 0.0180415 0.0595836 0.215732 0.111843 0.560718 0.0223346
4 0.0662866 0.170529 0.0137805 0.551288 0.181214 0.011722 0.00517934
11 0.003151 0.00407908 0.00874854 0.0104982 0.00928369 0.877796 0.0864438
4 0.0199 0.0315281 0.00185666 0.898686 0.0244616 0.019448 0.00411959
11 0.00488379 0.013681 0.0125791 0.0230368 0.0274803 0.908979 0.0093603
11 0.00309242 0.0054786 0.00616626 0.268224 0.00290649 0.679189 0.0349435
22 0.708494 0.269925 0.000514616 0.00592781 0.0132313 0.000523124 0.00138372
22 0.744209 0.240879 0.000299319 0.00334413 0.00937209 0.000685086 0.00121115
19 0.00284247 0.00729087 0.00238423 0.10548 0.076017 0.116249 0.689737
22 0.945383 0.0393949 0.000132054 0.000619545 0.0134823 0.000104149 0.000884109
4 0.00462242 0.00310343 0.00232263 0.976982 0.00484733 0.00442557 0.00369646
22 0.733396 0.062265 0.000217453 0.00233786 0.199473 0.000973605 0.00133716
13 0.177753 0.219584 0.232552 0.0356417 0.224871 0.0955858 0.0140132
13 0.0978438 0.180512 0.302838 0.159513 0.0533007 0.197084 0.00890858
22 0.996314 0.00199991 1.94209e-05 0.000849073 0.000154014 8.88376e-05 0.000574754
22 0.797432 0.178228 0.00025294 0.00709961 0.0152783 0.00063311 0.00107557
11 0.00272104 0.00318193 0.0203833 0.0532054 0.0257611 0.814473 0.0802743
22 0.65033 0.320994 0.00081051 0.00245821 0.0193647 0.00226842 0.00377368
4 0.0312313 0.100776 0.00389868 0.61115 0.0567179 0.186457 0.00976898
4 0.146378 0.126571 0.0807286 0.424794 0.025846 0.183181 0.0125019
22 0.272401 0.249921 0.149944 0.0441211 0.251361 0.0222824 0.00996882
