labels 22 5 13 4 0 11 19
22 0.928761 0.0529623 0.00575976 0.000819366 0.00927774 0.00155804 0.000861342
22 0.959515 0.0337996 0.000627889 0.000456326 0.00401114 0.000812476 0.000777965
5 0.0491512 0.904026 0.00208502 0.00749171 0.0356382 0.00106785 0.000539936
13 0.00505852 0.00947535 0.963012 0.00596067 0.0077366 0.00773289 0.00102408
4 0.00148372 0.0123731 0.00656642 0.964733 0.00778652 0.00446836 0.00258858
13 0.000747151 0.000886282 0.990722 0.000760236 0.00226714 0.00334258 0.00127414
0 0.0117972 0.041278 0.00823951 0.0071727 0.923988 0.00381598 0.00370833
11 0.0042932 0.00625606 0.00715246 0.00706359 0.00358926 0.968878 0.00276751
4 0.00206505 0.00990687 0.00333423 0.969781 0.0113521 0.00292651 0.000634066
0 0.00927713 0.0458632 0.00110578 0.00113138 0.940301 0.00118452 0.00113714
13 0.00823416 0.0162952 0.961798 0.00626924 0.00532055 0.00118676 0.000896266
13 0.000514089 0.00614744 0.976286 0.00168993 0.0038393 0.00746543 0.00405767
0 0.00728575 0.0369402 0.00613762 0.00432753 0.937792 0.00688272 0.000634528
5 0.0124925 0.982388 0.000823675 0.0002277 0.00347325 0.00016566 0.000429037
11 3.34416e-06 3.64445e-06 1.30686e-05 7.24756e-06 3.9488e-06 0.99823 0.00173882
19 0.00291666 0.00265822 0.00681351 0.00233299 0.00798819 0.0407441 0.936546
4 0.000475185 0.00357212 0.000582238 0.986595 0.000488661 0.00510669 0.00317992
4 0.00333376 0.0123237 0.00445107 0.962758 0.0104684 0.00299033 0.00367516
4 0.00131147 0.00935893 0.00280789 0.968085 0.010902 0.00609302 0.00144142
11 0.00310807 0.00213095 0.00698961 0.0091454 0.00566782 0.964292 0.00866607
11 0.000892637 0.00031846 0.0103211 0.00113894 0.00205435 0.950049 0.0352259
11 0.00240853 0.00451214 0.00621485 0.00478434 0.00436779 0.973767 0.00394527
13 0.00253408 0.00182831 0.983247 0.00230611 0.0018045 0.00730967 0.000970224
4 0.00344993 0.0128671 0.00165365 0.97195 0.00227566 0.00705295 0.00075097
0 0.00870108 0.0473483 4.04152e-05 0.00353338 0.939473 0.000284495 0.000619159
4 0.000443449 0.0155498 0.000401649 0.97351 0.0026225 0.0055971 0.00187549
0 0.0022089 0.0241704 0.00859082 0.00759702 0.944539 0.00679164 0.00610177
0 0.0129453 0.0335851 0.00525485 0.00570584 0.940018 0.00159516 0.00089559
22 0.940402 0.0514562 0.00022615 0.000187065 0.00726525 9.44708e-05 0.000368502
22 0.937624 0.0471935 0.000238689 0.00238913 0.0117014 0.000320738 0.000532711
0 0.00102707 0.00706395 0.00221068 0.00792073 0.974672 0.00482458 0.00228145
5 0.0309918 0.897046 0.006788 0.00415394 0.0558874 0.00283194 0.00230064
11 0.000508546 0.000361534 0.00447797 0.0021009 0.000655217 0.954 0.0378957
11 0.00124505 0.00140332 0.00247617 0.00706188 0.00118971 0.98113 0.00549359
13 0.000329279 0.0001905 0.996183 0.000315543 0.000500195 0.000721094 0.00176062
22 0.944225 0.0532689 0.000270512 4.97972e-05 0.00176006 0.000244768 0.000181164
11 0.00245376 0.0018764 0.0117632 0.00645167 0.00249681 0.943422 0.0315357
11 0.00207194 0.00197169 0.00766177 0.0106244 0.00419686 0.939009 0.0344644
5 0.0399682 0.877235 0.00777511 0.0290898 0.0346731 0.00846453 0.00279397
19 0.0028052 0.00339859 0.00169485 0.0137942 0.0145895 0.0195437 0.944174
0 0.0108202 0.0448596 0.000768964 0.00970528 0.933 0.000570775 0.000274995
13 0.00438359 0.0202903 0.955759 0.00720348 0.00528967 0.00502685 0.00204754
11 0.000262295 0.000546463 0.00682918 0.00427595 0.00125697 0.978642 0.00818715
22 0.942108 0.0530261 0.000629231 0.00038908 0.00257488 0.000604577 0.000667684
19 0.00166318 0.00292442 0.000517186 0.00319527 0.00419768 0.00227956 0.985223
0 0.010781 0.0463201 0.000449776 0.00648762 0.933316 0.00119924 0.00144584
19 0.00306068 0.00352104 0.000698062 0.0143362 0.0103046 0.0274372 0.940642
4 0.00542266 0.00210322 0.000927088 0.974827 0.0097561 0.00109401 0.00586945
19 0.00424915 0.00133803 0.00960677 0.013144 0.00985759 0.0330776 0.928727
4 0.000896504 0.00579145 0.00349156 0.97414 0.00494689 0.00548775 0.00524579
13 0.00355141 0.00679893 0.955981 0.00777533 0.0076577 0.0102381 0.00799785
22 0.948537 0.017884 0.00451319 0.00383334 0.0201687 0.00249591 0.00256746
22 0.935624 0.0163064 0.00700741 0.0102433 0.0213819 0.00448459 0.00495255
5 0.0528567 0.915407 0.000629911 0.000596526 0.0289292 0.000399232 0.00118147
22 0.918384 0.0508014 0.00451424 0.00300604 0.0200576 0.0026239 0.000612945
19 0.000888403 0.000782902 0.00036223 0.00118887 0.00180451 0.00271603 0.992257
19 0.00321104 0.00453593 0.00105921 0.010465 0.011399 0.00506836 0.964261
0 0.000177186 0.000456083 9.24021e-05 0.0118053 0.983421 0.000520287 0.00352808
22 0.927335 0.0519176 0.00121277 0.000160261 0.0182478 0.000469819 0.000657056
19 0.00297558 0.00342958 0.00104158 0.0102895 0.0106542 0.0124561 0.959153
4 0.00360874 0.0168615 0.000208229 0.970563 0.0030949 0.00444969 0.00121424
11 0.00156828 0.00215726 0.00566885 0.00393785 0.00432613 0.980386 0.00195537
13 0.00178447 0.0033373 0.963279 0.0105238 0.00492683 0.00851234 0.00763602
19 0.000900471 0.000929135 0.00604015 0.0030101 0.016295 0.0405839 0.932241
13 0.00150582 0.00243851 0.972877 0.00836749 0.00151981 0.00849553 0.00479586
11 0.00106158 0.00222773 0.00489094 0.0100656 0.00157483 0.957254 0.0229254
11 0.000870396 0.000594528 0.00454472 0.00863993 0.00393625 0.975256 0.00615809
19 0.00414272 0.00469777 0.00746069 0.00830494 0.007447 0.0403888 0.927558
5 0.040858 0.906467 0.00468027 0.00254441 0.0430988 0.0016492 0.000701936
19 0.000460145 0.00144645 0.000642235 0.000504929 0.00388379 0.00338512 0.989677
19 0.000637724 0.00175953 0.000373433 0.000295694 0.00292303 0.00415907 0.989852
13 0.00194519 0.00192246 0.974271 0.00798236 0.00194796 0.00810068 0.00383042
0 0.00930984 0.0263052 0.000851037 0.00486334 0.957741 0.000421139 0.000508391
5 0.0517932 0.884793 0.0162516 0.00838511 0.0312841 0.00471977 0.00277289
5 0.0167683 0.898964 0.00432415 0.0271932 0.0429032 0.00281463 0.00703247
4 0.00119444 0.00367639 0.00309053 0.969373 0.0105944 0.00432061 0.00775078
13 0.00570322 0.00583682 0.969391 0.00774197 0.00090191 0.00871416 0.00171125
5 0.0469748 0.90257 0.0211407 0.00407638 0.0183108 0.00482786 0.00209934
19 0.0031794 0.00393442 0.00139255 0.0115932 0.0202531 0.00342575 0.956222
13 0.0108676 0.0159802 0.960971 0.00351189 0.00421119 0.00296401 0.00149454
4 0.0020254 0.00406812 0.0036542 0.976163 0.00286882 0.00601826 0.00520184
22 0.914616 0.0439326 0.00318471 0.00822614 0.0240933 0.00411331 0.00183388
22 0.94313 0.0531438 0.000147927 0.000117801 0.00200151 0.000645969 0.000813448
13 0.0030078 0.00618411 0.969048 0.00742767 0.00493722 0.00853001 0.000864919
11 0.00183499 0.00171946 0.00760892 0.00255012 0.0059277 0.96644 0.0139191
22 0.946921 0.0413875 0.000897013 0.00255687 0.00700701 0.000483407 0.000747203
11 0.000619627 0.000399862 0.00600735 0.00131518 0.0022229 0.982471 0.00696392
22 0.958986 0.0268792 0.000187986 0.000179899 0.0120343 0.000864736 0.0008679
0 0.00953389 0.0269548 0.000316818 0.00155768 0.960737 0.000407529 0.000492565
19 0.00217465 0.00164855 0.0014168 0.0058794 0.0102848 0.00232009 0.976276
13 0.0049869 0.00386585 0.985022 0.0016012 0.00123757 0.00223742 0.00104929
19 0.00274546 0.00489427 0.00507086 0.00626353 0.0141192 0.0412708 0.925636
22 0.98774 0.0103835 0.000108112 0.000451526 0.000661797 0.00031285 0.000342704
0 0.000333663 0.00028772 0.00330287 0.00316939 0.977516 0.00466078 0.0107294
13 0.000103738 0.000204245 0.980262 0.00231165 0.000854155 0.00788679 0.00837731
5 0.0214087 0.973077 0.00220881 0.000649027 0.00212718 0.000186576 0.000342842
19 0.0030354 0.00201215 0.00714009 0.00284822 0.00843538 0.0408341 0.935695
22 0.934269 0.0532147 6.99063e-05 5.87685e-05 0.0117191 0.000138424 0.000529697
0 0.011146 0.0295747 0.000543247 0.00403722 0.953773 0.000563193 0.000362871
19 0.000383151 0.000394869 8.41076e-05 0.00318947 0.00215443 0.00514378 0.98865
5 0.0513521 0.921226 0.00458788 0.000790215 0.0201693 0.000832294 0.00104223
5 0.0196224 0.918725 0.00591071 0.00899417 0.0418555 0.00280608 0.00208572
4 0.000394922 0.00213546 0.00264919 0.971722 0.00850206 0.00647694 0.00811967
11 0.00165212 0.00090668 0.00407349 0.00402996 0.00275372 0.971105 0.015479
13 0.000746813 0.00106929 0.979243 0.00212634 0.00503039 0.00770383 0.00408035
13 0.000361717 0.00072524 0.970425 0.00333615 0.00394904 0.00874398 0.0124587
22 0.925775 0.053054 0.00215103 0.00120173 0.0143179 0.00279052 0.000710156
22 0.968318 0.0270385 0.00116323 3.90709e-05 0.00283627 0.000244287 0.000360435
22 0.921564 0.0529947 0.00117736 0.00503568 0.0138106 0.00321777 0.00219987
5 0.0505484 0.944985 0.000210938 0.000450284 0.00291072 0.000261188 0.0006333
22 0.921901 0.0387525 0.00521051 0.00523612 0.0244232 0.00316849 0.00130786
22 0.925311 0.030011 0.00343648 0.0123462 0.0231902 0.00288752 0.00281762
5 0.0495268 0.914372 0.0074815 0.00643423 0.0120461 0.00754741 0.00259189
11 0.00231812 0.00495318 0.00585915 0.00132669 0.00500119 0.97904 0.00150178
11 0.00333991 0.00456824 0.00229626 0.00912004 0.00259717 0.968575 0.00950333
22 0.920449 0.0531308 0.00447014 0.00486221 0.0122549 0.00269154 0.00214186
22 0.934803 0.0484991 0.00233908 0.00513936 0.00564912 0.00227294 0.00129719
22 0.941301 0.0531424 0.0002602 5.12076e-05 0.00433674 0.000228699 0.000679692
13 0.0041619 0.0113525 0.964119 0.00777744 0.00819342 0.00369138 0.000704044
11 0.00413224 0.00576356 0.00367777 0.00948934 0.00471108 0.959103 0.0131228
0 0.00121819 0.00076213 0.00307363 0.0114647 0.971522 0.00293913 0.00902028
0 0.0118691 0.0436732 0.00404143 0.00071757 0.938794 0.000675804 0.000228465
13 0.00131137 0.00456856 0.971962 0.00656045 0.00431311 0.00771451 0.00356988
5 0.0249037 0.901629 0.00506858 0.0074229 0.0540552 0.00336725 0.00355337
19 0.000385698 0.000333038 0.000173987 0.0025865 0.00156152 0.0103145 0.984645
11 0.000295081 0.000132236 0.00555066 0.000361886 0.00086578 0.991108 0.00168633
22 0.962832 0.0177 0.000334683 0.000239223 0.018518 0.00020379 0.000172312
19 0.00186841 0.0020855 0.00400903 0.0116433 0.00785549 0.0163898 0.956149
11 0.00203103 0.00237733 0.00207021 0.0079456 0.00418809 0.97877 0.00261806
0 0.00340792 0.00692894 0.000393262 0.00864127 0.978139 0.00104099 0.00144839
5 0.0513374 0.912234 0.00754302 0.0017758 0.0205683 0.00386501 0.00267682
4 0.00265149 0.00381282 0.0038037 0.971774 0.011034 0.00251923 0.004405
0 0.00684086 0.0413721 0.00721708 0.00519473 0.935437 0.00244808 0.00149019
19 0.00122825 0.0037141 0.00103855 0.00636808 0.00542175 0.00737003 0.974859
0 0.00945185 0.032313 0.00022231 0.000828686 0.956569 0.000343828 0.000271502
5 0.0244373 0.902646 0.0141893 0.0253131 0.0273904 0.00451017 0.00151388
22 0.967896 0.0149779 5.33596e-05 0.000196694 0.0161572 0.000281542 0.000437227
19 0.000338722 0.00074639 8.79571e-05 0.000497105 0.000625696 0.001179 0.996525
0 0.00883475 0.0463965 0.00463367 0.00112707 0.932829 0.00483029 0.00134902
22 0.933729 0.0526426 0.000131163 0.000726056 0.0100629 0.00117902 0.00152899
22 0.958328 0.00813304 0.00295725 0.00570246 0.0186633 0.00309582 0.00311985
22 0.924641 0.0528692 0.00459605 0.00186075 0.0148701 0.000540598 0.000622265
19 0.00331279 0.00248089 0.018792 0.00652214 0.0139927 0.0285608 0.926339
22 0.921681 0.0500109 0.00102153 0.000880452 0.0210849 0.00304844 0.00227312
13 0.000993954 0.00226356 0.984655 0.00161542 0.00156894 0.00720264 0.00170008
4 0.00398279 0.00745334 0.0021863 0.963055 0.00990461 0.00445459 0.00896354
19 0.000552755 0.000839778 0.00248261 0.00995478 0.00333737 0.0373036 0.945529
4 0.00452197 0.00833446 0.000270952 0.974496 0.0038898 0.00600397 0.00248315
19 0.00345804 0.00519348 0.00494876 0.0102179 0.00792965 0.0103823 0.95787
22 0.92089 0.0511852 0.00486599 0.000925026 0.0186122 0.0024787 0.00104332
5 0.0275585 0.886536 0.00430067 0.0205833 0.0533489 0.00468913 0.00298353
5 0.0519043 0.91036 0.00242358 0.000723894 0.032305 0.00140171 0.000881877
4 0.00203532 0.0091168 0.00447876 0.9698 0.0115206 0.00172825 0.00132048
4 0.000929436 0.00134068 0.00359806 0.981801 0.00228677 0.00553021 0.00451362
22 0.922398 0.0530264 0.0079496 0.00421883 0.00749193 0.00305326 0.0018623
5 0.0522349 0.893872 0.0156844 0.0065852 0.0238636 0.00505221 0.0027077
19 0.00104153 0.000624535 0.00575503 0.0062748 0.004195 0.040526 0.941583
22 0.942766 0.053164 0.000445025 0.00019629 0.00220233 0.000548821 0.000677897
22 0.941956 0.0531101 0.000369646 0.00150202 0.00129836 0.000843571 0.00092043
5 0.0277915 0.88578 0.0171813 0.0061463 0.0554877 0.0044097 0.00320359
5 0.0520072 0.908545 0.000549754 0.00868261 0.0275684 0.000905061 0.0017421
22 0.923965 0.0529394 0.00167622 0.005026 0.0142776 0.00159727 0.000518421
5 0.0120793 0.940902 0.000404777 0.00772798 0.0327928 0.00274299 0.00335033
11 0.00105993 0.000555121 0.0045705 0.0128069 0.00157113 0.950602 0.028834
11 0.000463102 0.00030312 0.00575141 0.000710553 0.00137008 0.988069 0.00333314
22 0.990848 0.0018811 0.00111242 0.00220157 0.00261278 0.000691613 0.000652785
4 0.00514237 0.00806615 0.00377353 0.966929 0.0101747 0.00498258 0.000931329
13 0.00505397 0.0125373 0.953995 0.0121339 0.00728971 0.00708437 0.00190568
13 0.00231523 0.0176394 0.956625 0.00758705 0.00651478 0.00890922 0.000409347
5 0.0276292 0.893483 0.00713423 0.00751569 0.0549771 0.00720659 0.00205383
5 0.0467033 0.873323 0.00812777 0.0135764 0.0499193 0.00561392 0.00273587
11 0.00222897 0.000457784 0.0108217 0.00249381 0.00255844 0.944324 0.0371158
4 0.00104131 0.00288749 0.0030139 0.981169 0.00410976 0.00531884 0.00245974
22 0.979883 0.0152432 0.000794885 0.000210725 0.00216546 0.00135411 0.00034888
22 0.982995 0.0129311 0.00124169 0.000157609 0.00171099 0.000473449 0.000490261
5 0.0513841 0.904168 0.00956573 0.00515937 0.0238901 0.00359668 0.00223603
11 0.0026159 0.000529435 0.00561443 0.000272041 0.00172179 0.987624 0.00162199
22 0.940659 0.0295287 0.00333856 0.00130635 0.0216881 0.00245466 0.00102432
22 0.924435 0.0285318 0.0172759 0.0074931 0.0166642 0.0038263 0.001774
19 0.00235789 0.00400452 0.00160263 0.0113024 0.00549776 0.0124439 0.962791
11 0.00120775 0.00112256 0.0114518 0.00235134 0.00151443 0.951532 0.0308201
5 0.0320715 0.959063 0.000511526 0.000714789 0.00597057 0.000469869 0.00119914
22 0.922685 0.0512711 0.000955524 0.00406059 0.0182916 0.00189499 0.0008411
4 0.00719 0.0137479 0.00215525 0.970997 0.00397814 0.00119474 0.00073725
19 0.00356536 0.00325991 0.0087371 0.0139861 0.00577393 0.0358205 0.928857
11 0.00237344 0.00291554 0.00827927 0.00458799 0.00735897 0.952378 0.0221072
0 0.00837558 0.0247029 0.000394201 0.00488524 0.96071 0.000394887 0.000537274
11 0.00012878 7.57617e-05 0.00558688 0.000643788 0.000347636 0.991166 0.00205102
22 0.926777 0.0308117 0.0135622 0.000647673 0.0232035 0.00311467 0.00188356
0 0.0123215 0.0377789 0.00280708 0.012045 0.930389 0.00395105 0.000707509
19 0.00279431 0.00383293 0.00393076 0.0153122 0.010345 0.0300389 0.933746
19 0.00302057 0.00377145 0.0140674 0.0129434 0.0197564 0.0355842 0.910857
0 0.0133041 0.0359136 0.000555694 0.000812989 0.948834 0.000410662 0.000168975
13 0.000144378 0.000304345 0.983673 0.00119435 0.00296016 0.00734274 0.00438107
19 0.00287542 0.00302071 0.00505834 0.0115908 0.0088351 0.0150477 0.953572
13 0.00195115 0.00116723 0.975501 0.00476147 0.00402964 0.0063192 0.00627051
19 0.00301891 0.00373095 0.00561791 0.0149374 0.0122363 0.027846 0.932612
11 0.00367511 0.00454027 0.00724199 0.0071849 0.00264037 0.966109 0.0086085
0 0.00420442 0.0278784 0.00516764 0.0166098 0.938417 0.00313995 0.00458294
22 0.926254 0.0512931 0.00148868 0.000799813 0.0181948 0.00103354 0.000936186
0 0.00967797 0.0261466 0.000464896 0.00761897 0.955049 0.000572764 0.000470028
4 0.000250147 0.000374553 0.000120215 0.991007 0.00133344 0.000619895 0.00629504
19 0.00288218 0.00373881 0.0198694 0.00361558 0.0149912 0.0331616 0.921741
22 0.934748 0.0533579 4.13606e-05 0.000108765 0.0111363 0.000169428 0.00043832
19 0.00036655 0.000398099 7.4467e-05 0.00215099 0.0015634 0.00323029 0.992216
22 0.959785 0.0191388 0.000428214 0.00305087 0.0164779 0.000474335 0.000644804
22 0.920851 0.0491254 0.00333467 0.00326833 0.0216204 0.00101861 0.000781678
11 0.000743246 0.000624774 0.00495076 0.00969896 0.00218471 0.944435 0.0373625
11 0.00384121 0.00259697 0.00605496 0.00518845 0.00509301 0.976265 0.000960201
13 0.00281307 0.0044057 0.972667 0.00473941 0.00509803 0.00805556 0.00222156
0 0.00155285 0.013779 0.00377334 0.0136737 0.956483 0.00563082 0.00510676
0 0.0138027 0.038424 0.00284224 0.00318279 0.938073 0.00292752 0.000748215
0 0.00593316 0.0313033 0.00570492 0.0180818 0.926925 0.00415454 0.00789739
22 0.968372 0.0274647 0.000180521 0.000204776 0.0028045 0.000452268 0.000521281
22 0.922255 0.0426049 0.00391188 0.0144696 0.0114862 0.00296899 0.00230362
11 0.0032302 0.00434295 0.00451035 0.00875459 0.0160785 0.94711 0.0159737
22 0.971535 0.0248191 7.01202e-05 0.000404093 0.00249902 0.000151206 0.00052156
11 0.00215235 0.000657367 0.00463936 0.00285694 0.0035571 0.945171 0.0409657
22 0.910485 0.0507994 0.0084594 0.00612668 0.0147634 0.00738127 0.00198476
4 0.00167772 0.0034682 0.00427446 0.965546 0.00941686 0.00565452 0.00996224
11 0.000204817 0.00056221 0.00196333 0.00185608 0.000800448 0.985648 0.00896536
22 0.944442 0.0200848 0.00106645 0.01485 0.0150115 0.00143353 0.00311199
11 0.000636514 0.000192629 0.003967 0.00130546 0.00461307 0.948201 0.0410839
0 0.01227 0.0397587 0.00769927 0.0060989 0.922394 0.0092853 0.00249347
0 0.00688164 0.0436335 0.0100856 0.00726288 0.927295 0.00235699 0.00248421
5 0.0520562 0.907161 0.000499842 0.00774628 0.0290943 0.00106711 0.00237528
22 0.991932 0.0031332 0.00172338 0.00202715 0.00049182 0.000221123 0.000471296
22 0.934886 0.0223064 0.00291128 0.0110072 0.0216569 0.00331992 0.00391265
13 0.00202618 0.00389596 0.96566 0.00637713 0.00402579 0.00872658 0.00928838
11 0.00236799 0.00518301 0.00578171 0.0107969 0.00578391 0.951868 0.0182189
0 0.0123376 0.0315278 0.00101565 0.00599969 0.945385 0.00285615 0.000878199
13 0.00374625 0.00618516 0.977191 0.00267866 0.000818222 0.00784316 0.00153709
19 0.00321147 0.00454735 0.0059187 0.00601912 0.0100391 0.0406734 0.929591
13 0.00189558 0.0159711 0.957547 0.00909243 0.00410792 0.0102844 0.00110172
5 0.0493449 0.944434 0.00171083 7.75601e-05 0.00379776 0.000184512 0.000450581
22 0.924493 0.0530728 0.00128589 0.00586849 0.0127821 0.00169286 0.000805118
22 0.93678 0.0528755 0.00242382 0.000842749 0.00512549 0.0013263 0.000626185
0 0.00187246 0.0196926 0.00286411 0.00120106 0.967842 0.00594897 0.000579221
13 0.000137311 0.000116954 0.983869 0.000125184 0.00105314 0.00735682 0.00734148
13 0.00643751 0.00223319 0.988176 0.000704507 0.000579779 0.00153256 0.000336216
5 0.0505678 0.943861 0.000485179 0.000288761 0.00438813 0.000175974 0.000232684
11 0.000683919 0.00158726 0.0109304 0.00273595 0.00516066 0.950789 0.0281123
0 0.0102313 0.0452984 0.00564142 0.00482567 0.927947 0.00337697 0.00267918
4 0.00317615 0.0089718 0.00350457 0.964735 0.0101352 0.00688518 0.00259193
4 0.00352294 0.0139905 0.00197168 0.9669 0.00402412 0.00759571 0.00199496
0 0.0125 0.0376479 0.00568379 0.00642262 0.93493 0.00209798 0.000717813
13 0.00183109 0.00944468 0.963501 0.00504368 0.00815418 0.00666844 0.00535672
11 0.00247326 0.00449516 0.00987688 0.0100335 0.00857644 0.941884 0.0226606
11 0.000926793 0.00090458 0.00681201 0.00949804 0.00768861 0.941164 0.0330056
0 0.00553956 0.0467015 0.00112304 0.00895189 0.93313 0.0022313 0.0023226
19 0.00331378 0.00256593 0.00529471 0.00798885 0.00718114 0.0406403 0.933015
13 0.00145511 0.000303367 0.983227 0.00274166 0.00423828 0.00210846 0.0059263
19 0.00315184 0.00377763 0.00205122 0.0106986 0.0158872 0.0042632 0.96017
22 0.970964 0.0120688 0.00764143 0.000657493 0.00200163 0.00455341 0.00211307
0 0.00382111 0.0482637 0.00356601 0.00354331 0.935985 0.00217091 0.00265011
13 0.000331484 0.00166855 0.979466 0.00114451 0.00481536 0.00761849 0.00495517
0 0.0100564 0.0212247 0.00604231 0.000948239 0.956675 0.00288205 0.00217138
22 0.95402 0.0194324 0.00159853 0.00277972 0.0202251 0.000926963 0.00101693
11 0.000417965 0.000814711 0.00179014 0.00118309 0.00113467 0.992556 0.00210346
22 0.911488 0.0522715 0.00625127 0.00935241 0.0149437 0.00328389 0.00240965
19 0.000815776 0.000482758 5.2988e-05 0.000953515 0.00195359 0.00105517 0.994686
19 0.00266709 0.00347059 0.000558079 0.0121174 0.0136858 0.0117077 0.955793
22 0.930906 0.0384939 0.000257492 0.00425002 0.0240991 0.000761036 0.00123232
22 0.949081 0.0476101 0.000159965 5.27395e-05 0.00255884 8.31289e-05 0.0004542
5 0.0508188 0.927278 0.000418084 0.000896696 0.0194683 0.000244758 0.000875793
4 0.00273185 0.0088749 0.00637661 0.968396 0.00574133 0.00677881 0.00110002
11 0.000489789 0.000689619 0.0116324 0.000862843 0.00176556 0.952127 0.0324329
5 0.0503446 0.928632 0.00429953 0.0005555 0.0130791 0.00202259 0.00106713
4 0.00672486 0.0113083 0.000152093 0.975525 0.00524899 0.000270049 0.000770358
19 0.00279008 0.00299774 0.000795943 0.00804889 0.00723259 0.0029795 0.975155
22 0.954214 0.0275338 0.00296784 0.00713684 0.00454039 0.00273343 0.000873366
4 0.000399507 0.000626339 0.00335358 0.976783 0.00493698 0.00614041 0.0077605
5 0.0516857 0.902413 0.0103437 0.00703513 0.0252735 0.00174565 0.00150362
4 0.00127402 0.0045522 0.00400827 0.969531 0.0109803 0.00332187 0.00633196
13 0.00492374 0.0119875 0.960268 0.00370611 0.00524254 0.00910712 0.00476536
22 0.942352 0.053136 0.000259741 0.00076682 0.00220622 0.000363659 0.000915062
13 0.00512198 0.00964171 0.963856 0.0037935 0.00486215 0.00892986 0.00379453
11 0.000307206 0.000217802 0.00863142 0.0025339 0.00131476 0.947404 0.0395909
22 0.940337 0.0394061 0.000635103 0.000825772 0.0177937 0.000498207 0.000504276
11 0.00355667 0.00511466 0.00768077 0.00775585 0.00723253 0.96541 0.00324931
4 0.00530397 0.00376669 0.00338886 0.968435 0.0107682 0.00187842 0.006459
22 0.949943 0.039062 0.000113968 0.00035306 0.00865121 0.000616376 0.00126026
19 0.00318471 0.00149247 0.00142128 0.00984622 0.00820377 0.00803368 0.967818
19 0.00296977 0.00581101 0.00647467 0.00283305 0.0099678 0.0165119 0.955432
22 0.957398 0.0310141 0.000140447 0.000337999 0.00971951 0.000270323 0.00111932
4 0.000391797 0.00127243 0.000503853 0.98156 0.00387508 0.00539476 0.00700174
22 0.957935 0.0330036 0.00102549 0.000176514 0.00647319 0.00120695 0.000179608
13 0.00132006 0.00684194 0.979345 0.000773653 0.00143048 0.00737472 0.00291451
22 0.94078 0.0528277 0.000193301 0.000330202 0.00523408 0.00021522 0.00041906
0 0.000705832 0.00416881 0.000641033 0.000666713 0.993228 0.000366887 0.000222584
5 0.0304584 0.881764 0.0219952 0.00874619 0.050943 0.00428917 0.00180451
4 0.00457086 0.00230314 0.00514698 0.968468 0.00729364 0.00524576 0.00697189
22 0.913079 0.0514731 0.0127835 0.00220355 0.0157674 0.0028387 0.00185433
5 0.0504846 0.943726 0.000357143 0.000238028 0.00350396 0.000620692 0.00106919
0 0.00596779 0.00919572 0.00527197 0.0117185 0.959391 0.0041799 0.00427526
22 0.925134 0.0531599 0.000437181 0.00352726 0.013555 0.00276078 0.0014261
0 0.0122602 0.0426247 0.000180279 0.00167226 0.942715 0.000188513 0.000359373
5 0.00932987 0.91799 0.0144559 0.00231771 0.0519371 0.00244751 0.00152154
11 0.000925017 0.000876387 0.00707335 0.00287276 0.00096729 0.95188 0.0354051
22 0.909056 0.0441228 0.019211 0.00336629 0.0144893 0.00767346 0.00208148
11 0.00176555 0.00427158 0.00292824 0.00968786 0.00316144 0.965272 0.012913
4 0.00706576 0.012857 0.00226021 0.966009 0.00698348 0.00401577 0.000808376
11 0.00186209 0.000628462 0.00926606 0.00576663 0.00271281 0.95559 0.0241742
22 0.970751 0.00943138 0.00147685 0.00449998 0.0123398 0.000810676 0.000690677
22 0.931448 0.053159 0.000632854 0.000678983 0.00985944 0.0025154 0.00170607
22 0.921306 0.036616 0.00743575 0.00457482 0.0242573 0.00361728 0.00219311
22 0.937862 0.0530625 0.00201974 0.000791241 0.00215955 0.00258202 0.00152306
19 0.00198028 0.00229203 0.000821155 0.0094829 0.0038188 0.00342305 0.978182
13 0.00558777 0.00357239 0.977415 0.00410459 0.00317796 0.00422463 0.00191789
13 0.000616315 0.000551318 0.974537 0.00499506 0.00540614 0.00821022 0.0056842
13 0.00368445 0.00642575 0.964212 0.00957284 0.00307718 0.00881607 0.00421175
22 0.941567 0.0507773 0.00103182 4.10657e-05 0.00566787 0.000538808 0.000376108
5 0.0510914 0.919298 0.000316878 0.00250697 0.0243567 0.000623452 0.00180707
4 0.00620241 0.0102548 0.0023431 0.975736 0.002757 0.0019311 0.000775173
22 0.928814 0.0518569 0.000169629 0.000822676 0.0178289 0.000132628 0.000374939
0 0.0022537 0.0024274 0.0011541 0.0125386 0.972412 0.00276941 0.00644478
5 0.0317058 0.903479 0.00435799 0.00101052 0.0560438 0.00235579 0.00104687
5 0.05347 0.904231 0.000221346 0.000756092 0.039692 0.000432035 0.00119786
0 0.00450957 0.00299355 0.00412386 0.000205468 0.987086 0.000696633 0.000384721
22 0.937597 0.0528749 0.000372059 0.0005696 0.00460056 0.00200672 0.00197866
11 0.00193804 0.00199196 0.00812909 0.0116193 0.00716018 0.952852 0.0163091
22 0.918212 0.0501407 0.0103614 0.00112979 0.0181368 0.00103526 0.000983913
5 0.0454229 0.89865 0.000840586 0.000299169 0.0537015 0.000484494 0.000601737
19 0.00387989 0.00239085 0.0148048 0.00930545 0.00731831 0.038269 0.924032
22 0.978427 0.0137219 0.00340665 0.000721239 0.00185267 0.00109326 0.000777769
13 0.00205975 0.00145694 0.975465 0.00494266 0.00165328 0.00762087 0.00680104
22 0.9315 0.053195 0.000215205 0.000500336 0.0123882 0.000874891 0.00132619
0 0.00559543 0.0209603 0.00492551 0.0090184 0.954707 0.00275762 0.00203548
11 0.0026045 0.000581123 0.00769523 0.0041888 0.00240474 0.961747 0.0207782
19 0.00307465 0.00410146 0.00339655 0.00796172 0.0073277 0.0191148 0.955023
19 0.000803059 0.00151163 0.000271757 0.00606167 0.00692506 0.00575578 0.978671
4 0.00396551 0.0127326 0.00243611 0.967923 0.0107238 0.00175472 0.000464131
22 0.927077 0.0510874 0.000564478 0.000153641 0.0197074 0.000389622 0.00102091
11 0.00106356 0.000394202 0.00276499 0.00240415 0.00380897 0.948462 0.0411023
4 0.00177206 0.0181176 0.000374045 0.967631 0.00854953 0.00205865 0.00149699
5 0.00270068 0.994565 0.000429968 0.000114807 0.00166534 0.000247366 0.000276694
22 0.988232 0.00224257 0.00392177 0.00180317 0.00184089 0.00144603 0.000513246
0 0.000932142 0.0013847 0.0048443 0.0113228 0.972112 0.00152025 0.00788413
0 0.0134148 0.036314 0.000799987 0.00296562 0.945121 0.000284516 0.00110058
5 0.0193742 0.905901 0.0225749 0.00792796 0.0355293 0.00676121 0.00193161
11 0.000687334 0.000311583 0.00249415 0.00222008 0.000646211 0.953544 0.0400965
22 0.938075 0.0531946 0.000384625 0.000375909 0.00670965 0.000527604 0.000732165
4 0.00333139 0.0138401 0.000838066 0.964129 0.00911905 0.00599476 0.00274786
11 0.00113318 0.000670178 0.00878146 0.0026256 0.004913 0.942377 0.0395
11 0.00341913 0.00447695 0.00720026 0.00968767 0.00572012 0.959949 0.00954709
11 0.00155232 0.00118327 0.00274861 0.00690898 0.00278511 0.978738 0.00608376
11 0.000571388 0.000217499 0.0116375 0.00126914 0.000841642 0.95206 0.0334033
11 0.00219461 0.00225767 0.00617322 0.00199122 0.00596885 0.972309 0.00910518
11 0.00267104 0.00585539 0.00643423 0.00384234 0.00587696 0.971517 0.00380306
13 0.0017786 0.00183031 0.980043 0.00117524 0.00165021 0.00661312 0.00690962
11 0.000629882 0.000717334 0.00167531 0.010225 0.000663062 0.97114 0.0149491
19 0.00327865 0.00385786 0.00216907 0.0101765 0.00424353 0.00753554 0.968739
5 0.0502572 0.934393 0.000504973 0.00258845 0.0104524 0.000435241 0.00136866
13 0.00102191 0.00498133 0.989713 0.000518904 0.00111408 0.00163589 0.00101497
5 0.0508709 0.911353 0.00294114 0.00253915 0.0258364 0.00432354 0.00213628
0 0.00192399 0.0118119 0.0016673 0.000701034 0.982811 0.000691991 0.000392333
22 0.915739 0.0524881 0.00499048 0.0045467 0.0168707 0.00375175 0.00161314
5 0.0513323 0.919862 0.000895252 0.000463968 0.0262891 0.000414843 0.000742205
0 0.0107997 0.0450838 0.00272177 0.000613981 0.939244 0.00117752 0.000359285
22 0.927123 0.0528759 0.00379384 0.00761833 0.00289409 0.00384194 0.00185333
13 0.00122372 0.00128306 0.974125 0.00510805 0.00148949 0.00802199 0.00874915
5 0.0514361 0.918058 0.000509041 0.00208885 0.0264191 0.000722845 0.00076635
22 0.939282 0.0523078 0.00071223 0.000350585 0.00590977 0.000474947 0.000963065
13 0.00506551 0.00499828 0.978805 0.00105409 0.000631584 0.00764773 0.00179816
13 0.00607967 0.0204316 0.959455 0.0025574 0.00532579 0.00526225 0.000888579
11 0.00256562 0.0044276 0.00413861 0.00288594 0.00394443 0.96918 0.0128579
5 0.052068 0.91458 0.000732021 0.00119792 0.0287996 0.00133508 0.00128698
13 0.00843583 0.0202135 0.960524 0.00373655 0.00355334 0.00316766 0.000369074
22 0.926932 0.0236489 0.00338974 0.0158329 0.0203711 0.00295426 0.0068708
19 0.000597741 0.00135072 0.000507233 0.00535906 0.00354425 0.0393361 0.949305
22 0.938224 0.0531518 0.000215764 0.000598336 0.00637304 0.000740462 0.000696148
22 0.929298 0.0534109 0.00017393 0.000296566 0.0157816 0.000226861 0.000812626
5 0.0174587 0.907425 0.00553904 0.00938743 0.0542986 0.00315017 0.00274113
22 0.937404 0.0527985 0.00174355 0.000683169 0.00569517 0.000777391 0.000898518
11 0.00146237 0.00128284 0.011486 0.00328579 0.00796406 0.943852 0.030667
13 0.00421992 0.00624381 0.972704 0.00464041 0.00665517 0.00325887 0.00227774
0 0.00124395 0.011651 0.00302671 0.00978354 0.955367 0.0121737 0.006754
19 0.00275033 0.00226947 0.00566803 0.0167341 0.0165407 0.0328007 0.923237
19 0.00286407 0.00442324 0.00448262 0.0136404 0.0115297 0.0342432 0.928817
0 0.013484 0.0382249 0.00150772 0.00330855 0.942257 0.000738673 0.000478809
0 0.00953755 0.0149779 0.00386538 0.00864735 0.958813 0.00202787 0.00213047
4 0.000758743 0.00160688 0.000702946 0.990207 0.0028709 0.0017822 0.00207106
4 0.000506326 0.00204239 0.000932082 0.986995 0.00132945 0.00355572 0.00463923
13 0.00427191 0.0062583 0.970154 0.00610805 0.00810813 0.00451887 0.000580742
19 0.00296559 0.00345446 0.00660245 0.0128775 0.00717055 0.0393063 0.927623
22 0.941831 0.0531326 0.00127827 0.000627811 0.0013385 0.0011551 0.00063652
0 0.00296831 0.0482363 0.000192834 0.00174538 0.942055 0.00352463 0.00127808
0 0.00346375 0.0178476 0.00580133 0.0151555 0.936458 0.00710271 0.0141709
13 0.00491515 0.00763424 0.964611 0.00426313 0.00715412 0.00873255 0.00268952
22 0.974781 0.0121099 0.00182392 0.00413981 0.00510895 0.00132167 0.000715171
5 0.0437993 0.907164 0.00646303 0.0237082 0.00875099 0.00773509 0.00237967
5 0.0481853 0.902958 0.0189587 0.00913688 0.0123563 0.00581758 0.00258679
22 0.936776 0.0179346 0.00814318 0.00929155 0.0203902 0.00384765 0.00361684
22 0.930242 0.0530771 0.00333743 0.0020835 0.00653011 0.00282156 0.0019079
13 0.00254548 0.0147277 0.969752 0.00112828 0.00661693 0.00446146 0.000768072
0 0.0134806 0.0398254 0.000173921 0.000953121 0.944685 0.00057263 0.000309295
13 0.00277314 0.00259814 0.971015 0.00374589 0.00333052 0.00821806 0.00831901
22 0.914728 0.050899 0.00333848 0.00615322 0.0200776 0.00267496 0.00212923
13 0.0025707 0.00993194 0.962897 0.00867129 0.00224136 0.00948778 0.0042004
11 0.000569745 0.000407521 0.00182616 0.000578473 0.00201322 0.988298 0.00630727
13 0.00185016 0.0057054 0.965149 0.00656879 0.00424994 0.00845162 0.00802484
13 0.00869743 0.0090984 0.956903 0.00515381 0.00841759 0.0091341 0.00259561
13 0.00202059 0.00625428 0.964767 0.00663704 0.0045212 0.00833147 0.00746873
4 0.00291177 0.00823185 0.000843386 0.970953 0.0109072 0.000844462 0.00530852
13 0.00252443 0.000899155 0.980389 0.0017559 0.00239879 0.00742275 0.00460975
13 0.00505106 0.0083758 0.966597 0.00756743 0.00299004 0.00854368 0.000874919
22 0.93069 0.0529668 0.00378822 0.00265208 0.00852025 0.000586087 0.000796424
22 0.934091 0.0529298 0.000319756 0.0045397 0.00519539 0.00238191 0.000542066
22 0.958029 0.0155941 0.00529969 0.00178226 0.0151184 0.00286468 0.00131218
22 0.978495 0.0158527 0.000197669 0.000553797 0.00415693 0.000351108 0.000393129
22 0.9931 0.00546731 6.39943e-05 0.000492832 0.00022653 0.000180374 0.000469368
22 0.935659 0.0531033 0.000627431 0.00113021 0.006903 0.00112287 0.00145424
4 0.00523307 0.0127993 0.000319336 0.965048 0.00983832 0.0049618 0.00180042
13 0.00244193 0.00522036 0.962406 0.00388265 0.00400346 0.00930847 0.0127373
22 0.931012 0.0528999 0.001964 0.00555251 0.00378831 0.00278765 0.00199537
13 0.00337096 0.0156402 0.961391 0.00399427 0.00441361 0.00993008 0.00126009
22 0.921364 0.051992 0.000371458 0.00825895 0.0132923 0.00163104 0.00309022
22 0.927524 0.0531254 0.00210357 0.00105139 0.013663 0.00143972 0.0010931
0 0.00207633 0.00322004 0.00385681 0.0020953 0.985179 0.000703169 0.0028695
5 0.0433744 0.868324 0.0185552 0.0120048 0.0494865 0.00470547 0.00354998
5 0.0506517 0.896703 0.0036405 0.0141728 0.0247081 0.00740768 0.00271586
5 0.0515202 0.909653 0.00122686 0.00717695 0.0267784 0.00147981 0.00216425
5 0.0513219 0.907869 0.00215063 0.00750103 0.0263439 0.00244152 0.00237217
5 0.0508976 0.925511 0.00226865 0.000707638 0.0189364 0.000733489 0.000944991
13 0.000342044 0.000593555 0.975007 0.00780474 0.0018166 0.00818003 0.00625593
4 0.000187039 0.000421558 0.00102652 0.982433 0.00169659 0.00453722 0.0096979
11 0.00102617 0.00278333 0.00691968 0.00653104 0.00463541 0.971433 0.00667092
13 0.00173855 0.00695067 0.972907 0.003737 0.00251504 0.00614859 0.00600316
11 0.00040236 0.00111325 0.00816485 0.00121792 0.00252068 0.962842 0.0237391
11 0.000329229 0.000333226 0.00578252 0.00319936 0.00250419 0.949547 0.0383041
0 0.00392053 0.0175508 0.00168552 0.0140793 0.956435 0.00398919 0.00233975
11 0.00140231 0.00171538 0.00840059 0.00687891 0.00200199 0.958982 0.0206185
13 0.00492362 0.007355 0.951979 0.011717 0.00507491 0.0103065 0.00864367
19 0.000737932 0.00125472 0.000195878 0.00139514 0.0016371 0.00160993 0.993169
19 0.00171313 0.00312011 0.00623736 0.00645987 0.00294265 0.0405854 0.938942
22 0.932515 0.0529794 0.000956014 0.00138978 0.00907402 0.00153413 0.00155194
13 0.00203071 0.00262646 0.984952 0.00178767 0.000898771 0.00517247 0.0025322
13 0.000714237 0.000495708 0.982414 0.00107337 0.0017486 0.00581829 0.00773582
0 0.0123052 0.0314373 0.0037656 0.00495494 0.944416 0.00220407 0.000916853
19 0.000811155 0.00073111 0.000555796 0.0102621 0.00391624 0.00955845 0.974165
5 0.0285614 0.902867 0.00207179 0.00891604 0.0555659 0.000778838 0.00123887
22 0.930637 0.0300784 0.00479815 0.00730009 0.0218548 0.00296712 0.00236402
22 0.928017 0.05115 0.00112662 0.000405878 0.0184046 0.000350165 0.000545758
5 0.0514197 0.909691 0.00171256 0.00253388 0.0264255 0.00545367 0.00276382
0 0.00953292 0.0412341 0.00174271 0.0107103 0.931166 0.00290474 0.00270936
22 0.92208 0.0529985 0.00317258 0.00392075 0.0141586 0.00157685 0.00209277
22 0.972344 0.0217601 0.000351322 0.000391618 0.00417996 0.000494765 0.000478275
5 0.0431051 0.891337 0.00219556 0.00585049 0.0547699 0.00157957 0.00116292
11 0.00142484 0.00040796 0.0115826 0.00222786 0.00612447 0.944216 0.0340164
11 0.00325024 0.00379937 0.00649614 0.00565141 0.00481854 0.972598 0.00338657
22 0.916915 0.0484421 0.00493548 0.00286812 0.0222827 0.00257752 0.00197897
11 0.00117705 0.00244641 0.00432048 0.0114167 0.00575965 0.939729 0.0351509
5 0.00308486 0.981312 0.0062272 0.00124612 0.00280971 0.00371178 0.00160829
5 0.0276839 0.88693 0.0059421 0.0130625 0.0539082 0.00982241 0.00265109
13 0.000115007 0.000228705 0.980147 0.00367853 0.00186667 0.00723707 0.00672733
22 0.925191 0.0535808 0.00161944 0.00259085 0.0152431 0.000689179 0.00108518
22 0.984365 0.00823379 0.00079034 0.00228775 0.00298243 0.000362745 0.000977514
5 0.00278359 0.993788 0.000204592 0.000203216 0.00169628 0.000269404 0.00105494
11 0.00296701 0.00431418 0.0013363 0.00843275 0.00685533 0.971606 0.00448889
13 0.00186127 0.00435618 0.981387 0.000835588 0.0013124 0.00729762 0.00295038
0 0.0124782 0.0434031 0.00329573 0.00172998 0.937146 0.00129567 0.000651325
4 0.0051674 0.00700398 0.00582443 0.969449 0.00301799 0.00651498 0.0030222
22 0.94374 0.0530654 0.00043884 0.000363317 0.00185516 0.000123759 0.00041395
13 0.00264244 0.0119083 0.956139 0.00771706 0.00649422 0.0104698 0.00462895
11 0.00273835 0.000963316 0.00694775 0.0014688 0.00148988 0.965311 0.0210806
11 0.00347215 0.004837 0.00677633 0.00605692 0.00355962 0.972656 0.00264239
22 0.93434 0.0530093 0.00452191 0.00122578 0.00283001 0.00287124 0.00120148
11 0.00309365 0.00385942 0.00655261 0.00725818 0.00237806 0.976288 0.000570185
4 0.000509361 0.00383295 0.00322211 0.980194 0.00189118 0.00549123 0.00485905
13 0.00960211 0.010924 0.962553 0.0059437 0.00858833 0.00207023 0.000318345
19 0.00286685 0.00195086 0.00718346 0.00626725 0.00760651 0.0407008 0.933424
13 0.00627528 0.015248 0.951664 0.00923138 0.00587768 0.00918539 0.00251787
19 0.00241668 0.00297724 0.00449466 0.00824237 0.0196162 0.0180576 0.944195
11 0.0033371 0.00443193 0.0112294 0.00751709 0.00448715 0.941369 0.0276281
11 0.00205034 0.000695648 0.0114986 0.0048789 0.00403352 0.946646 0.0301974
5 0.0527033 0.886803 0.00604449 0.0101698 0.0348422 0.00672367 0.00271381
0 0.00136863 0.0135564 0.00240015 0.00748648 0.95823 0.00406846 0.0128902
22 0.936793 0.0334999 0.00264083 0.00946354 0.0123472 0.0033181 0.00193718
22 0.915217 0.0524472 0.0108803 0.00366601 0.0121463 0.00366039 0.0019825
5 0.0517596 0.90245 0.0112603 0.00729642 0.0246703 0.00124875 0.00131449
