labels 22 5 13 4 0 11 19
22 0.92301 0.0703017 0.00430717 9.72667e-05 0.00187714 0.000251949 0.000155185
5 0.0875539 0.873479 0.00222238 0.00727396 0.0281354 0.000947929 0.000387488
13 0.00504995 0.00742944 0.95034 0.00754726 0.0208206 0.00821197 0.000601061
4 0.00296432 0.0195727 0.026706 0.922838 0.0102509 0.0132023 0.00446523
13 0.000556422 0.000960465 0.982773 0.000683393 0.00329961 0.00746147 0.00426604
0 0.00827539 0.0674594 0.00825609 0.0104062 0.89798 0.00430043 0.00332265
11 0.00853765 0.0128453 0.0556512 0.0176628 0.00592596 0.894586 0.00479074
0 0.00961917 0.0686876 0.00108624 0.00140935 0.915743 0.00172341 0.00173098
13 0.0255625 0.0237441 0.921539 0.0145281 0.00982459 0.0025067 0.00229482
0 0.0076007 0.0180416 0.0718716 0.010808 0.878742 0.00936322 0.00357326
5 0.0102513 0.989324 4.58816e-05 3.58478e-05 0.000226606 4.11728e-05 7.54939e-05
4 0.0051944 0.00638793 0.0211958 0.475813 0.298942 0.0329887 0.159478
11 0.000773586 0.000595017 0.00799284 0.000760328 0.00298178 0.904757 0.0821396
0 0.00141263 0.00129515 0.0171204 0.00278862 0.918452 0.0152593 0.0436717
4 0.00104121 0.00348212 0.000771855 0.979753 0.000252309 0.00612058 0.00857888
4 0.00597124 0.0144073 0.0050177 0.949249 0.0149625 0.00393673 0.00645553
11 0.00420297 0.00299001 0.0096467 0.0141894 0.00231952 0.955127 0.0115245
0 0.000938609 0.00151689 0.003455 0.0175063 0.892157 0.00954201 0.0748845
11 0.000914792 0.000511089 0.0143396 0.00200964 0.00402543 0.922007 0.0561923
11 0.00335129 0.0178916 0.118193 0.00986842 0.00451259 0.841425 0.00475834
13 0.00145452 0.000570059 0.977308 0.00427979 0.00270372 0.0107182 0.00296581
4 0.00799113 0.0160556 0.00220766 0.961339 0.00188184 0.00890452 0.00162042
4 0.000756976 0.0165874 0.00077633 0.966249 0.00571694 0.00814503 0.00176874
0 0.000847268 0.00998198 0.0152136 0.0066201 0.956284 0.00694912 0.00410344
0 0.0524449 0.0508087 0.00996264 0.00779338 0.874334 0.00283619 0.00182013
22 0.974857 0.0180489 0.000524404 7.30751e-05 0.00623661 3.79191e-05 0.000222317
22 0.97807 0.0136574 0.000188922 0.000945211 0.00637058 0.000167621 0.000600653
22 0.837164 0.1468 0.00450034 0.00132026 0.00858303 0.000999949 0.000631958
13 0.00083474 0.000275078 0.991478 0.000715244 0.00102901 0.00413202 0.00153586
5 0.0271873 0.867021 0.00785776 0.00424211 0.0887205 0.00266871 0.00230253
22 0.915113 0.0700672 0.00208633 0.000827207 0.00877479 0.00135848 0.00177269
11 0.000423235 0.000636394 0.00755079 0.00145256 0.000510933 0.947149 0.0422776
11 0.00175629 0.00357492 0.00605065 0.0107764 0.000494372 0.959481 0.0178659
13 0.000738571 0.000292865 0.992105 0.000553395 0.00129378 0.00112253 0.00389434
22 0.959338 0.0388721 0.000151564 2.66809e-05 0.00136358 8.17312e-05 0.00016603
11 0.0023669 0.00187517 0.0113672 0.00433506 0.00115081 0.938721 0.0401843
11 0.00103486 0.00145119 0.00859013 0.0123555 0.00355986 0.940135 0.0328738
5 0.0367875 0.856063 0.0132809 0.0418714 0.0338333 0.0136444 0.00451957
19 0.00422827 0.00513931 0.00174771 0.0124908 0.0133947 0.013001 0.949998
0 0.0117055 0.0672529 0.00359997 0.0178775 0.89764 0.00133951 0.000584355
13 0.00598719 0.020111 0.94908 0.0102882 0.00631325 0.0061093 0.00211091
11 0.0002607 0.000929966 0.00730421 0.00348281 0.00110007 0.977229 0.00969306
19 0.00146305 0.00274785 8.41689e-05 0.00445091 0.00179929 0.0013936 0.988061
22 0.796783 0.19729 0.000800148 0.000162402 0.00387019 0.000309169 0.000784772
0 0.0384828 0.17918 0.00206828 0.0109391 0.763902 0.00284941 0.00257915
19 0.00418896 0.00418957 0.00093058 0.0157606 0.00662645 0.0174046 0.950899
4 0.00734157 0.000972659 0.000867614 0.971224 0.0138879 0.00103987 0.00466635
19 0.00488931 0.00175854 0.0110506 0.0131917 0.0173265 0.0198186 0.931965
4 0.00227218 0.0131372 0.00918542 0.760221 0.0263891 0.178444 0.0103505
13 0.00702874 0.00667163 0.715534 0.0437413 0.0375535 0.164795 0.0246753
22 0.926868 0.025957 0.00646569 0.00254283 0.0328816 0.00163731 0.00364802
22 0.846036 0.0258384 0.0120664 0.0307733 0.0737408 0.00473246 0.00681307
22 0.858165 0.0642445 0.0059577 0.00412866 0.0653891 0.00146625 0.000649333
19 0.000629354 0.000563491 7.03106e-05 0.000566467 0.000480943 0.000801407 0.996888
19 0.000188039 0.00021268 0.000298248 0.00146052 0.00100813 0.0232272 0.973605
19 0.0020013 0.00680117 0.000533497 0.00244858 0.000916977 0.000352529 0.986946
0 0.000249361 0.000256423 0.000158892 0.0228471 0.973273 0.000311795 0.00290376
22 0.852614 0.0988948 0.00445602 0.0286068 0.00672942 0.0040574 0.00464153
19 0.00436505 0.00390963 0.000486755 0.0131667 0.00333445 0.00300329 0.971734
4 0.0087756 0.0198023 0.000660642 0.954709 0.0067101 0.00707115 0.00227077
11 0.000370535 0.00152982 0.0355393 0.00318643 0.00111265 0.956768 0.00149377
13 0.00123096 0.00430536 0.896441 0.0193055 0.00625889 0.0616398 0.010818
19 0.00109904 0.00144322 0.00587175 0.000835602 0.014811 0.0244628 0.951477
5 0.393995 0.557445 0.0180164 0.00676881 0.0159886 0.00396157 0.00382426
13 0.00244224 0.00249714 0.966379 0.0116046 0.00275493 0.0114513 0.00287104
11 0.00124121 0.00085924 0.00412429 0.01409 0.00265664 0.968354 0.00867488
19 0.00616296 0.00638925 0.00916669 0.00913777 0.00816822 0.0534565 0.907519
5 0.0407637 0.925883 0.00906252 0.0021589 0.0185281 0.00237648 0.00122723
19 0.000531707 0.0023734 0.00266813 0.000964626 0.00566114 0.023284 0.964517
11 0.00273705 0.000372487 0.0131857 0.00549152 0.00366976 0.925944 0.0485996
13 0.00356529 0.00314489 0.85606 0.0193261 0.00347878 0.109445 0.00498019
0 0.0307942 0.0490958 0.00119509 0.00811953 0.909357 0.000632569 0.000805429
5 0.0511489 0.885236 0.0151353 0.00812702 0.0313157 0.00460053 0.00443649
0 0.0357716 0.314168 0.00329661 0.202275 0.43313 0.0023145 0.00904442
13 0.00600177 0.00428965 0.958981 0.0147315 0.00208403 0.0130167 0.000895
5 0.411176 0.462294 0.0875692 0.0046672 0.0227891 0.00805742 0.00344733
19 0.00405195 0.00415649 0.00145416 0.00827145 0.0201144 0.0029653 0.958986
13 0.00294896 0.00297929 0.971455 0.00163562 0.0143967 0.00233591 0.00424889
13 0.0115893 0.0304006 0.943133 0.0035388 0.00510166 0.0048472 0.0013894
13 0.000708385 0.000429834 0.981679 0.000310305 0.00118489 0.00590488 0.00978254
4 0.00741213 0.00610076 0.0470413 0.716565 0.00528347 0.193195 0.0244029
13 0.0037079 0.00120769 0.970761 0.00179198 0.00445629 0.0104185 0.00765643
22 0.877888 0.0515697 0.00744853 0.0187966 0.0367894 0.00500389 0.00250389
22 0.924689 0.069949 6.6185e-05 9.97665e-05 0.00455769 0.000332049 0.000306635
13 0.0181647 0.00715223 0.902192 0.0145569 0.014685 0.0415943 0.00165487
11 0.00254556 0.00339019 0.0164297 0.00162972 0.00622896 0.963308 0.00646814
22 0.973843 0.0141113 0.000956438 0.00183979 0.00848773 0.00030331 0.000458251
11 0.000324013 0.000415814 0.00583333 0.000862923 0.00243042 0.984807 0.00532684
22 0.972441 0.010851 0.000103422 0.000175605 0.0155463 0.000450309 0.000432517
22 0.667173 0.15402 0.000587206 0.00222169 0.174246 0.000845854 0.000906155
19 0.0025097 0.001968 0.000374435 0.00469364 0.00487166 0.00142156 0.984161
13 0.00607363 0.00333971 0.978827 0.00202922 0.00232745 0.00483032 0.00257249
19 0.00307448 0.00590721 0.0059108 0.00811032 0.00938859 0.054387 0.913222
22 0.949116 0.0438262 0.000521316 0.00193918 0.0037392 0.000443986 0.000414509
0 0.000646911 0.000388165 0.00845323 0.00333375 0.926859 0.0131822 0.0471362
13 0.000609773 0.000629987 0.878974 0.00376809 0.00840471 0.0789265 0.0286872
5 0.0280677 0.969078 0.000640204 0.000185138 0.00172384 8.14174e-05 0.000223994
19 0.00240384 0.00117006 0.00841943 0.00127103 0.00588637 0.191921 0.788928
22 0.971699 0.0274031 1.08036e-05 1.62326e-05 0.000763735 2.65063e-05 8.06584e-05
0 0.181692 0.135228 0.000955573 0.00642374 0.674053 0.00103692 0.000611525
5 0.252109 0.678261 0.0159476 0.000793984 0.0476987 0.00339119 0.00179902
0 0.0938195 0.048285 0.0400062 0.0319242 0.756698 0.0189045 0.0103626
19 0.000466144 0.000255078 5.62662e-05 0.00226486 0.00297247 0.00178869 0.992196
5 0.0476478 0.930708 0.00483659 0.000250647 0.0153838 0.000452398 0.000720628
5 0.0137079 0.923199 0.00668128 0.00969622 0.0421464 0.00313456 0.0014342
13 0.000960595 0.000336328 0.987231 0.000568627 0.00294206 0.00612732 0.00183398
4 0.00157511 0.00395624 0.00469505 0.950168 0.00477934 0.00570668 0.0291196
11 0.00181182 0.00151543 0.00961102 0.0073389 0.00327874 0.943761 0.0326829
13 0.00115837 0.00128754 0.958547 0.00312035 0.00800616 0.0170621 0.0108181
11 0.0033455 0.00302628 0.376778 0.00686242 0.0284389 0.43996 0.141589
22 0.934804 0.0545548 0.00251813 3.35819e-05 0.00778808 0.000141783 0.000159407
5 0.462728 0.516524 0.00066648 0.00629766 0.010489 0.00178988 0.00150497
22 0.912006 0.0121967 0.00714915 0.0260404 0.0337829 0.00388851 0.0049362
5 0.0653894 0.932202 8.06496e-05 0.000477473 0.00135697 0.000132642 0.000360972
22 0.820493 0.098055 0.00965955 0.0110536 0.0537031 0.0047622 0.00227337
22 0.669234 0.0394937 0.00388754 0.0527606 0.22891 0.00261658 0.00309809
0 0.006699 0.187534 0.0398128 0.00182316 0.743214 0.0181294 0.00278778
11 0.00320004 0.00779992 0.00385635 0.0154691 0.0008387 0.957315 0.0115214
22 0.876555 0.0956774 0.00494474 0.0081669 0.00989925 0.00218355 0.00257269
22 0.966534 0.0173708 0.00179951 0.00734987 0.0040647 0.00177387 0.00110745
22 0.926497 0.0705901 9.8609e-05 1.74794e-05 0.00249426 0.000125349 0.00017752
13 0.00445189 0.0104492 0.958523 0.0114058 0.0116873 0.00277462 0.00070827
11 0.00490332 0.00974305 0.0133667 0.0677829 0.00585639 0.877875 0.0204732
0 0.00161109 0.000997575 0.00174073 0.0100574 0.973256 0.00137791 0.0109594
0 0.0304822 0.0507071 0.00392768 0.0011168 0.912771 0.000561656 0.000433982
13 0.00216003 0.00900782 0.760874 0.0118061 0.00762526 0.203672 0.00485446
0 0.0129965 0.196905 0.0015417 0.00855314 0.7771 0.00140653 0.00149655
19 0.000375958 0.000230386 5.48178e-05 0.00114967 0.0022481 0.00258303 0.993358
22 0.98119 0.0108323 0.000175405 8.11142e-05 0.00758411 7.42514e-05 6.25337e-05
11 0.00400686 0.00628362 0.00620248 0.0149468 0.00210345 0.958294 0.00816269
0 0.00386783 0.0116909 0.000400097 0.00963834 0.971025 0.00123393 0.00214374
4 0.00501415 0.00251542 0.00557046 0.912665 0.0652645 0.00293622 0.0060346
0 0.0356649 0.0776054 0.0172448 0.0118686 0.85357 0.00220001 0.00184635
19 0.00107519 0.00401757 0.000340488 0.00571209 0.00142861 0.00411518 0.983311
0 0.00493387 0.0613701 6.92924e-05 0.00116526 0.932205 0.000199904 5.63488e-05
5 0.0203365 0.903367 0.0107619 0.0152273 0.0462021 0.00348409 0.000621404
5 0.0800663 0.775943 0.00742709 0.0101809 0.117149 0.00429519 0.00493809
22 0.967657 0.0180374 2.41877e-05 0.000325273 0.0135571 0.000168397 0.000230458
19 0.000332728 0.00081702 1.58636e-05 0.000776505 0.000328356 0.00141792 0.996312
0 0.00344699 0.0685115 0.00667565 0.000649691 0.914568 0.00552832 0.000619744
22 0.884955 0.107716 0.00010865 0.000623782 0.00488187 0.000824266 0.000890037
22 0.955242 0.00366848 0.00245839 0.00261363 0.0303625 0.00135745 0.00429721
22 0.753185 0.209065 0.00626403 0.00280093 0.0277488 0.000564274 0.000371129
19 0.00406878 0.00352198 0.0189163 0.0062512 0.0216884 0.0231868 0.922367
13 0.000989013 0.00158934 0.983213 0.00221376 0.000793358 0.0104286 0.000772565
4 0.0104384 0.0105446 0.003647 0.94731 0.00776387 0.0066338 0.0136625
4 0.0098585 0.0152807 0.000365522 0.941875 0.00546905 0.0227728 0.0043783
19 0.00317486 0.00620675 0.00136489 0.0132492 0.00141854 0.00314701 0.971439
22 0.977755 0.0128298 0.00126003 0.000444676 0.00608168 0.000716128 0.000912953
0 0.064739 0.351665 0.00701857 0.0740359 0.486224 0.0115193 0.00479901
22 0.704219 0.270969 0.00142186 0.00173744 0.0202296 0.000460063 0.000962922
5 0.0432938 0.946867 0.00153879 0.000402925 0.00509972 0.00172695 0.00107125
4 0.00510936 0.0165122 0.019878 0.666845 0.28694 0.00350213 0.00121375
4 0.00543207 0.00383002 0.00449911 0.969223 0.0014094 0.00754559 0.00806085
5 0.302245 0.563485 0.0636746 0.0192272 0.0401957 0.00636669 0.00480518
19 0.000979314 0.000648567 0.00491094 0.00677698 0.00300416 0.242673 0.741007
22 0.909879 0.0700941 0.00118598 0.00368974 0.0128272 0.00153265 0.00079121
5 0.0369729 0.742282 0.0500073 0.00798192 0.152555 0.00519567 0.00500583
22 0.66835 0.302942 0.000253953 0.00642612 0.0199966 0.000855107 0.00117676
22 0.955416 0.0328326 0.000729647 0.00392447 0.00549507 0.00104081 0.000561066
5 0.0197168 0.942083 0.000313817 0.00793502 0.0212138 0.00396347 0.00477431
11 0.000481056 0.000368703 0.00742285 0.00628922 0.00156843 0.933278 0.0505914
11 0.00112015 0.000847512 0.00627379 0.0176953 0.00290684 0.934462 0.0366941
22 0.932117 0.0314665 0.00263734 0.00857727 0.0230242 0.00126367 0.000913574
11 0.000201999 0.000100472 0.00764208 0.000812559 0.00400478 0.876172 0.111066
4 0.00927752 0.0134639 0.00684915 0.947733 0.0127815 0.00766867 0.00222616
13 0.00371883 0.00647446 0.95186 0.0178469 0.00613851 0.0107962 0.00316508
13 0.00294758 0.012811 0.955428 0.0116854 0.00784813 0.00898434 0.000295796
11 0.000301416 0.000259397 0.00694788 0.000454796 0.000586991 0.979682 0.0117674
5 0.0299511 0.88448 0.00777729 0.00739997 0.0596309 0.00789571 0.00286467
0 0.151407 0.317833 0.0612864 0.0473106 0.396407 0.0197619 0.00599405
0 0.00503636 0.0682744 0.00466473 0.00209668 0.918076 0.00136133 0.000490018
11 0.00255511 0.000515993 0.0285823 0.00191943 0.00307159 0.891452 0.0719039
4 0.00349488 0.00613809 0.0117881 0.930093 0.00497042 0.0382872 0.00522843
22 0.983377 0.0144302 0.000316492 0.000104661 0.00118924 0.000327528 0.000254801
22 0.966288 0.0244325 0.00266329 0.00034578 0.00485662 0.000515046 0.000898856
0 0.00828586 0.0217192 0.134734 0.0222557 0.772625 0.0227018 0.017678
11 0.00136199 0.000531329 0.0978753 0.000326685 0.001759 0.897575 0.000570861
22 0.928006 0.0299664 0.00460065 0.00128104 0.033111 0.00198732 0.00104742
22 0.925876 0.0167347 0.0212536 0.0102795 0.0202049 0.00376646 0.00188491
11 0.000952065 0.00185868 0.0213165 0.00238943 0.000655542 0.938541 0.0342865
5 0.0432051 0.952767 0.000378273 0.000333437 0.00215343 0.000259413 0.000903788
22 0.830879 0.126257 0.00236012 0.00902636 0.0260883 0.00401738 0.00137167
4 0.139853 0.0855301 0.00641883 0.755545 0.00943345 0.00244973 0.000770273
19 0.00363213 0.00390326 0.00891119 0.0141686 0.0108386 0.0182188 0.940327
11 0.00269698 0.00629235 0.0329823 0.00629927 0.00819112 0.916496 0.0270415
0 0.0975265 0.0379284 0.000437977 0.0101307 0.852764 0.000533629 0.000678819
5 0.242689 0.722649 0.00249321 0.0035093 0.0253181 0.00220649 0.00113526
13 0.000173172 0.000234417 0.977265 0.000125589 0.00174581 0.0106769 0.00977902
0 0.0148355 0.0644516 0.00176371 0.0155446 0.898856 0.00368932 0.000859521
19 0.00377138 0.00552901 0.00580347 0.0787786 0.020509 0.0378484 0.84776
19 0.00400532 0.00532374 0.0160558 0.0217986 0.0309218 0.0476631 0.874232
0 0.041123 0.132863 0.00125274 0.00305851 0.820233 0.000947229 0.0005234
13 0.000369155 0.000593277 0.931619 0.00336749 0.010716 0.041796 0.0115395
19 0.0041999 0.00270249 0.00299182 0.0146179 0.00769168 0.0188901 0.948906
13 0.00182686 0.000601606 0.953857 0.00809096 0.00903829 0.0126865 0.0138985
11 0.00487729 0.00754427 0.0116612 0.0100378 0.00434286 0.953819 0.00771767
0 0.0117181 0.0540533 0.0106372 0.0472529 0.866186 0.00435081 0.00580179
22 0.898043 0.0631628 0.00160298 0.000757222 0.0346317 0.000578817 0.00122324
0 0.0200063 0.0438563 0.000994952 0.0189155 0.912951 0.0023414 0.000934718
4 0.000555103 0.000637651 0.000242259 0.982855 0.00276376 0.000892324 0.0120536
22 0.922143 0.0701097 1.06344e-05 0.000129884 0.00724518 0.000121118 0.000240493
19 0.000253788 0.000205272 8.53642e-06 0.00156304 0.000516092 0.00100411 0.996449
22 0.92361 0.0352446 0.00145143 0.0102696 0.02774 0.000586177 0.00109836
19 0.00271875 0.0034004 0.0724714 0.00922023 0.00489925 0.403087 0.504203
5 0.456439 0.479052 0.0030861 0.00176367 0.0584898 0.00081844 0.00035069
11 0.00100313 0.00113353 0.00539579 0.0171384 0.00260105 0.927676 0.0450524
11 0.00427603 0.00504457 0.0115376 0.0078116 0.00273176 0.967642 0.000956555
13 0.0029483 0.00161462 0.962626 0.0108716 0.0066588 0.0122274 0.00305373
19 0.000453564 0.000300144 0.000153556 0.00132102 0.000723665 0.0116601 0.985388
0 0.00966917 0.0278685 0.026232 0.068224 0.830958 0.00975896 0.0272892
22 0.96751 0.0275263 0.00016541 0.000251166 0.00392581 0.000241194 0.000380142
22 0.890056 0.0599715 0.00545885 0.017933 0.0211677 0.00316257 0.00225009
11 0.00823996 0.0095542 0.0375272 0.0534205 0.111509 0.730355 0.049394
22 0.942001 0.0546931 8.77651e-05 0.000619866 0.00227468 0.000115283 0.000208843
22 0.708475 0.263189 0.006217 0.00675533 0.00748098 0.00461699 0.00326664
11 0.00202904 0.000709934 0.00743694 0.00507283 0.00312567 0.931446 0.0501799
22 0.593052 0.248214 0.0429562 0.038882 0.0312346 0.0404874 0.0051742
4 0.00398605 0.00341695 0.00594283 0.955118 0.00909771 0.00780245 0.0146357
13 0.00631089 0.00469078 0.951995 0.00492634 0.0083069 0.0128451 0.0109249
11 0.000294453 0.00138597 0.00469725 0.00350497 0.000312261 0.970923 0.0188821
22 0.968511 0.00749481 0.000144312 0.0168452 0.0050255 0.000317286 0.00166169
11 0.00373995 0.00365604 0.0152771 0.00444655 0.00662224 0.77253 0.193728
11 0.000214859 9.10293e-05 0.0059453 0.000599806 0.00380183 0.890192 0.0991549
0 0.0757511 0.154767 0.0203564 0.0137343 0.713991 0.0167758 0.00462496
0 0.0130349 0.0906459 0.0349647 0.0209074 0.83476 0.00274483 0.0029421
22 0.698652 0.279675 0.000136844 0.00550206 0.0139972 0.00072508 0.00131226
22 0.973159 0.0201343 0.00265162 0.00195399 0.00170846 0.00016909 0.000223871
22 0.897604 0.0423365 0.00311809 0.0124923 0.0361855 0.00265813 0.00560585
11 0.00288798 0.0118487 0.01468 0.0693638 0.0050497 0.87067 0.0255002
0 0.131372 0.209188 0.00204161 0.00919195 0.635952 0.0109787 0.00127445
13 0.00390224 0.00335903 0.980064 0.00383346 0.00130249 0.00560454 0.00193469
19 0.00358995 0.00536256 0.00601722 0.00752343 0.00810241 0.164777 0.804627
13 0.00216459 0.0134514 0.951168 0.0125474 0.00432414 0.0138275 0.00251672
5 0.0305349 0.967184 0.000906145 1.92061e-05 0.000984445 9.29384e-05 0.000278536
22 0.888719 0.06926 0.00267968 0.0105349 0.0249695 0.00243668 0.00140026
5 0.179261 0.7774 0.00502102 0.00459057 0.0273988 0.00356484 0.0027634
22 0.897894 0.085315 0.00434625 0.00237692 0.00816487 0.0010145 0.000888383
13 0.000325541 0.000128457 0.893145 0.000143039 0.00609744 0.0880463 0.0121144
13 0.00658011 0.000839824 0.988429 0.000934038 0.0010527 0.00159919 0.000565162
5 0.090029 0.906906 0.000386853 0.000121413 0.0022158 0.00018244 0.000158283
11 0.000370132 0.00179746 0.0262748 0.00257457 0.00414381 0.929907 0.0349317
0 0.0185872 0.145883 0.0100051 0.010358 0.806878 0.00457864 0.0037101
4 0.021121 0.0352534 0.00559366 0.896004 0.00874109 0.0302469 0.00303955
5 0.0950781 0.549533 0.0499248 0.0315741 0.265895 0.00526629 0.00272835
11 0.00304049 0.00661817 0.0122442 0.00820274 0.0122416 0.950558 0.00709506
11 0.000556162 0.00070087 0.00722688 0.012767 0.00789116 0.946092 0.0247659
19 0.00382563 0.00171317 0.00119057 0.00392989 0.00298262 0.0235795 0.962779
13 0.00128397 0.000381096 0.975298 0.00287662 0.00885617 0.00267917 0.00862457
19 0.00296761 0.00262627 0.000247062 0.00653978 0.000534062 0.00042783 0.986657
22 0.926735 0.0474526 0.0104425 0.00155145 0.00515934 0.00518745 0.00347147
0 0.00446749 0.357305 0.0073625 0.00442108 0.623103 0.00131902 0.00202233
22 0.77316 0.206194 0.00102545 0.00250727 0.0159666 0.000722809 0.000424131
13 0.000341749 0.00103591 0.972085 0.00153886 0.00568729 0.0112561 0.00805484
0 0.0114736 0.0199131 0.00609756 0.000272765 0.96095 0.000836547 0.000456852
22 0.921709 0.0385156 0.00186465 0.00296764 0.033032 0.000807889 0.00110333
19 0.00162624 0.000595217 0.000864094 0.00420005 0.000557805 0.0231447 0.969012
22 0.504259 0.231051 0.0422801 0.0681337 0.142893 0.00648539 0.00489804
19 0.00036484 6.36211e-05 3.34435e-06 0.000177403 9.31391e-05 3.10345e-05 0.999267
19 0.00411179 0.00433472 0.000969614 0.0160687 0.010839 0.0147822 0.948894
22 0.940584 0.0337022 3.28177e-05 0.00270869 0.0223922 0.00018477 0.000394882
22 0.928357 0.0705984 6.24387e-05 1.93967e-05 0.000858306 3.29894e-05 7.10009e-05
5 0.168769 0.828414 2.44075e-05 0.000179925 0.00239321 2.30603e-05 0.000195941
4 0.00939288 0.00839032 0.00651386 0.960466 0.00404706 0.00844817 0.00274187
11 0.000382877 0.000877079 0.0142617 0.000441547 0.00113657 0.954401 0.0284989
4 0.0371984 0.0175966 0.000155685 0.937869 0.00577633 0.000377064 0.00102654
11 0.00363906 0.00269007 0.0119247 0.0962308 0.00415819 0.696587 0.18477
19 0.000635765 0.00091138 2.908e-05 0.00137687 9.10914e-05 2.67971e-05 0.996929
22 0.942447 0.0253918 0.00751159 0.0104352 0.00966581 0.00340687 0.00114181
0 0.001266 0.00141651 0.00578592 0.011232 0.91656 0.00725063 0.0564886
4 0.00432257 0.0106182 0.0382062 0.696713 0.169051 0.0400013 0.0410881
13 0.00630537 0.00942166 0.964486 0.00182893 0.00443322 0.00699899 0.00652577
22 0.951877 0.0441312 0.000219738 0.000946458 0.0019789 0.000228108 0.000618313
13 0.00450168 0.00681952 0.966803 0.00269525 0.00422213 0.011391 0.00356719
11 0.000233396 0.00037725 0.0150687 0.00118499 0.0047555 0.932104 0.046276
22 0.87018 0.100329 0.00107025 0.000596885 0.0272223 0.000357172 0.00024419
11 0.00599686 0.00874432 0.0140385 0.0131165 0.00840013 0.945227 0.00447696
4 0.0206264 0.00677047 0.0049404 0.863055 0.0906575 0.00320738 0.0107431
22 0.987412 0.00988696 8.4458e-06 0.000117946 0.0020301 0.000203138 0.000341512
19 0.00369504 0.00776779 0.00770298 0.00367691 0.0108701 0.0243808 0.941906
22 0.925161 0.0702606 4.16725e-05 0.000160317 0.00420665 6.41364e-05 0.000105881
22 0.959862 0.0327853 0.000733498 9.56298e-05 0.00601044 0.000374174 0.00013868
13 0.00119947 0.0031073 0.980798 0.000493225 0.00159212 0.00958769 0.00322265
22 0.92637 0.0704397 7.52324e-05 0.000310497 0.0025291 8.159e-05 0.000194362
5 0.0122264 0.916944 0.0159599 0.00775893 0.0434161 0.00300168 0.000692774
4 0.00663387 0.00259773 0.00664746 0.955781 0.0130294 0.00730157 0.00800916
22 0.722583 0.198764 0.0410524 0.00449755 0.0268105 0.00312649 0.00316676
5 0.12892 0.862315 0.000126311 0.000147694 0.0071801 0.000472774 0.000838165
0 0.0100649 0.0169044 0.00826798 0.0168851 0.936049 0.00678932 0.005039
22 0.553294 0.409504 0.000655599 0.00582494 0.0268571 0.00248158 0.00138281
0 0.0162624 0.0646526 0.000437629 0.00556863 0.911697 0.00067595 0.00070599
5 0.0082792 0.93534 0.00904389 0.000909186 0.0449455 0.000933135 0.000549475
11 0.000626625 0.000790958 0.00787341 0.0031242 0.000291859 0.943379 0.0439142
22 0.828817 0.059326 0.0696775 0.00413587 0.0265507 0.00840993 0.00308305
11 0.00209609 0.00772375 0.00418174 0.0154875 0.00487547 0.94912 0.0165157
4 0.109846 0.0505073 0.00379537 0.813092 0.00936037 0.0107709 0.00262823
11 0.00254154 0.000907301 0.0163916 0.00934746 0.00198135 0.927238 0.0415923
5 0.0806881 0.848607 0.00647306 0.00357415 0.0545445 0.00121733 0.00489609
22 0.933526 0.0300393 0.0034893 0.0109671 0.0198422 0.00112688 0.00100964
22 0.885202 0.051365 0.0122473 0.00592809 0.0379746 0.00416439 0.00311842
19 0.00148999 0.00161836 7.86183e-05 0.00684318 0.000245816 0.00173861 0.987985
13 0.011262 0.0024857 0.963165 0.0051394 0.00313859 0.011754 0.00305483
13 0.000737429 0.000519266 0.961063 0.00743075 0.00980971 0.0109641 0.00947605
13 0.0109049 0.00910786 0.646947 0.0724861 0.00808225 0.245532 0.00693988
22 0.922561 0.0702431 0.00125254 2.7591e-05 0.00513934 0.000376149 0.000400026
5 0.418809 0.564099 0.00011753 0.0011024 0.0136358 0.000523307 0.00171298
4 0.0560114 0.0399482 0.00443289 0.889716 0.00456282 0.00344043 0.00188807
22 0.971049 0.0263066 1.86713e-05 0.000350266 0.00209042 4.36633e-05 0.00014089
0 0.00116383 0.000809185 0.000304577 0.0544244 0.939784 0.00096328 0.00255031
5 0.0528374 0.87212 0.00241416 0.000937828 0.0685625 0.00207737 0.00105028
5 0.26867 0.705923 9.33718e-05 0.000473083 0.023584 0.000423107 0.000833509
0 0.0066188 0.00303435 0.00510448 0.000108323 0.984854 0.000184531 9.50762e-05
22 0.905503 0.0832882 0.000279061 0.000426294 0.00857829 0.001382 0.000543557
11 0.00208977 0.00261117 0.0129105 0.0157009 0.00529436 0.944739 0.0166545
22 0.891545 0.0685469 0.00845186 0.00181972 0.0276809 0.000644167 0.00131175
5 0.0362881 0.912592 0.00113918 0.000298384 0.0482639 0.000857527 0.000561181
19 0.00438079 0.00218188 0.0171106 0.0144842 0.00799772 0.104898 0.848947
22 0.962297 0.0314332 0.00257291 0.000446855 0.00199053 0.00052439 0.000735224
13 0.00606173 0.0022938 0.876807 0.00870048 0.0054889 0.0930708 0.0075774
22 0.971475 0.023128 4.32429e-05 0.000227893 0.0046408 0.000231018 0.000254448
19 0.00313893 0.00460371 0.00155544 0.00313917 0.00281836 0.00366136 0.981083
4 0.00927879 0.0357665 0.00610942 0.904184 0.0379224 0.00578628 0.000952831
22 0.906231 0.0704319 0.000135117 5.31953e-05 0.0229918 6.11335e-05 9.6239e-05
11 0.00153254 0.00177895 0.00665143 0.00272354 0.00406053 0.66001 0.323243
13 0.00650116 0.00106265 0.989783 0.000150897 0.000623889 0.00146647 0.000411941
4 0.00478075 0.0590046 0.00143394 0.896767 0.0291578 0.00714979 0.00170649
5 0.0128855 0.980105 0.000546133 0.000123924 0.00570999 0.000309245 0.000320338
22 0.968556 0.0124614 0.005934 0.00331314 0.00736736 0.00168967 0.000678454
0 0.000627371 0.000807547 0.00609678 0.0144855 0.969767 0.00131103 0.00690495
0 0.0308738 0.0553312 0.00186597 0.00652716 0.901379 0.000728881 0.00329361
5 0.0274121 0.620238 0.244889 0.0119132 0.0860063 0.00786336 0.00167795
11 0.00047076 0.000377246 0.00273127 0.000993947 0.000546903 0.977822 0.0170582
22 0.741758 0.239661 0.00123589 0.00103306 0.0148932 0.000717266 0.000702156
4 0.00669011 0.0145605 0.0032324 0.948038 0.0103404 0.010107 0.00703124
11 0.000453028 0.000707693 0.0116835 0.00192939 0.00493342 0.92786 0.0524334
11 0.00589792 0.0135743 0.0386243 0.0787397 0.00486258 0.844363 0.0139382
11 0.00221139 0.0022808 0.00998946 0.00707932 0.00584689 0.970509 0.0020831
11 0.000231105 0.000196883 0.0108404 0.00102391 0.000738318 0.937187 0.0497821
11 0.00230941 0.00261002 0.111524 0.00440006 0.00418552 0.863597 0.0113747
11 0.00389402 0.0222165 0.0396257 0.00606821 0.00700966 0.912972 0.00821347
13 0.00142702 0.00102847 0.97034 0.00182498 0.0048657 0.0110558 0.00945857
11 0.000592892 0.000875045 0.00158248 0.0141563 0.000410819 0.972483 0.00989939
19 0.00432197 0.00578055 0.00178329 0.0146702 0.00793535 0.00985821 0.95565
5 0.417612 0.575587 8.70918e-05 0.0011579 0.00468951 0.000258815 0.000607191
13 0.00126665 0.00560313 0.98871 0.000299743 0.00128721 0.00235322 0.000480154
5 0.0718052 0.906855 0.000883499 0.00137408 0.0155122 0.0025146 0.00105557
0 0.000436397 0.00978963 0.00107355 0.000554176 0.987428 0.000500852 0.000217653
22 0.917479 0.070199 0.000108493 0.00957057 0.00115181 0.000933501 0.000557572
5 0.0872958 0.894906 0.000210212 0.000136511 0.017169 0.000122338 0.000160534
0 0.0079726 0.068694 0.0018015 0.00042358 0.919893 0.000955957 0.000259468
5 0.283242 0.424579 0.0773403 0.0108697 0.185936 0.00994422 0.0080887
13 0.00206033 0.00234865 0.890259 0.00783301 0.00340174 0.079684 0.0144131
5 0.0618038 0.926668 0.000133796 0.00136372 0.00899377 0.000483132 0.0005537
13 0.00640534 0.00205969 0.970264 0.00134731 0.00104458 0.0145568 0.00432204
13 0.0211606 0.0641557 0.892475 0.00407923 0.00883901 0.0082541 0.00103637
11 0.00150112 0.00717437 0.00654339 0.00197091 0.0011233 0.980344 0.00134254
5 0.010854 0.967711 0.000454791 0.000536575 0.0182043 0.000835506 0.00140392
13 0.338168 0.103065 0.530692 0.00618898 0.0117133 0.00813388 0.00203859
22 0.859947 0.0338016 0.00319279 0.0181051 0.07453 0.00189691 0.00852701
19 0.000851029 0.00209041 0.000882878 0.0053505 0.00616944 0.0232935 0.961362
22 0.655556 0.314783 0.000125064 0.000236991 0.0287174 0.000156572 0.000425473
5 0.0180878 0.842169 0.00459449 0.0107562 0.116509 0.00361207 0.00427086
22 0.923295 0.0698057 0.000316681 0.000243893 0.00554372 0.000240039 0.000555249
11 0.001554 0.00197567 0.0205202 0.00559625 0.00753723 0.922697 0.0401198
13 0.00534127 0.00537009 0.913686 0.0067366 0.0576612 0.00678488 0.00442022
19 0.0039912 0.00610167 0.00494433 0.0304711 0.0103328 0.0268051 0.917354
0 0.017602 0.0608027 0.00166427 0.00365449 0.915086 0.00075312 0.000437893
0 0.00458229 0.00348771 0.0156247 0.0150869 0.950165 0.00273166 0.0083216
0 0.00991892 0.0123539 0.00162977 0.00756882 0.966651 0.00073409 0.00114318
4 0.00153772 0.00117705 0.000672744 0.988267 0.001006 0.00319319 0.0041467
4 0.00210579 0.00422222 0.00212777 0.97256 0.00272545 0.00719083 0.009068
13 0.00565633 0.00629952 0.931082 0.0113303 0.0318567 0.0130402 0.000735409
19 0.00400047 0.00461882 0.00703428 0.0315813 0.0100842 0.157804 0.784877
22 0.925201 0.0704624 0.00165858 0.000539203 0.000836131 0.00092622 0.000376631
0 0.00609011 0.0255049 0.0261552 0.0300089 0.820096 0.0274035 0.0647413
13 0.00401347 0.00444931 0.971959 0.00292036 0.00852374 0.00646626 0.00166812
22 0.912691 0.0572105 0.00184795 0.00792121 0.018866 0.00101771 0.000445151
11 0.00382595 0.000622973 0.0107351 0.00469964 0.00467559 0.848177 0.127264
5 0.041973 0.925233 0.00502713 0.0154569 0.0029875 0.00715774 0.00216443
5 0.0433805 0.939498 0.0104871 0.00115966 0.00260217 0.0017844 0.00108784
22 0.943352 0.00621411 0.00583509 0.00634537 0.0307847 0.0034091 0.00405954
22 0.882471 0.100608 0.00156587 0.00191311 0.00977813 0.00225193 0.00141249
13 0.00306528 0.00956131 0.978581 0.0011412 0.00400797 0.00314673 0.000496326
0 0.0213552 0.0931175 0.000423013 0.00152553 0.880548 0.00267847 0.000352142
13 0.00318751 0.00103567 0.928973 0.00233249 0.00530746 0.0467415 0.012422
22 0.658334 0.0901273 0.00472535 0.0260292 0.214274 0.00327158 0.00323791
13 0.00463423 0.00549067 0.959351 0.00895219 0.00272287 0.012648 0.00620112
11 0.000139408 0.000126853 0.00205583 3.47659e-05 0.000453113 0.996977 0.000212603
13 0.00423208 0.00697484 0.868284 0.0109438 0.0108401 0.0886462 0.0100789
13 0.0144889 0.0202078 0.908734 0.0119758 0.0182956 0.0245501 0.00174785
4 0.00527807 0.0112651 0.00225499 0.88282 0.0838899 0.00209113 0.0124006
13 0.00430255 0.00180219 0.947191 0.00334792 0.0100337 0.0246181 0.00870412
13 0.00570056 0.00685197 0.953433 0.0116962 0.00276811 0.0190115 0.000538768
22 0.918023 0.0701042 0.00125459 0.00207712 0.00753157 0.000321523 0.000688062
22 0.920241 0.0659361 0.000163249 0.0056458 0.00627096 0.00116777 0.000575387
5 0.02806 0.778587 0.0917442 0.0154079 0.0565408 0.0248673 0.00479244
22 0.911275 0.0463524 0.00947522 0.0014087 0.0264412 0.00323696 0.00181025
22 0.98313 0.0141209 4.49286e-05 0.000282457 0.00206792 0.000153941 0.000199516
22 0.857212 0.135145 0.000574576 0.00171634 0.00329119 0.00113281 0.000928557
22 0.975101 0.0235224 4.78439e-05 0.000674407 0.000366722 0.000129888 0.000157874
22 0.933549 0.0497471 0.000344493 0.000506022 0.0146423 0.000495648 0.000714908
4 0.0100881 0.0157192 0.000349206 0.961849 0.00466861 0.00497246 0.00235335
13 0.000208727 0.000216421 0.990269 0.000294518 0.00103536 0.00618509 0.00179042
13 0.00294634 0.00397364 0.871878 0.0063507 0.0140928 0.0697842 0.0309746
22 0.904308 0.0697241 0.00380373 0.00918562 0.0084267 0.00314646 0.00140552
13 0.00272486 0.0225082 0.944952 0.00458708 0.00131511 0.0230572 0.000855863
22 0.883823 0.0692724 0.00079541 0.0121929 0.0275779 0.00165859 0.00467985
22 0.913913 0.0700261 0.00337763 0.000838873 0.0094231 0.00167012 0.000751604
0 0.00211577 0.00501584 0.00187884 0.000956485 0.989054 0.000183932 0.000795041
5 0.0407266 0.7335 0.0422129 0.0138939 0.158538 0.00575676 0.00537123
5 0.0675076 0.87776 0.00498326 0.0125555 0.0230394 0.0118593 0.00229529
22 0.625583 0.358478 0.000385754 0.00393195 0.00982825 0.000914236 0.000878899
5 0.13949 0.827638 0.000648502 0.00682995 0.0224454 0.00144955 0.00149855
5 0.0435948 0.941636 0.000549617 0.000249161 0.0135293 0.000223333 0.000217369
11 0.000974324 0.00527762 0.01322 0.00901095 0.00378445 0.96367 0.00406312
11 0.00223925 0.00137229 0.00973097 0.00444886 0.00722999 0.523153 0.451825
13 0.00216961 0.00660781 0.974765 0.00322882 0.00385495 0.00661113 0.0027626
11 0.000112745 0.00056084 0.00997061 0.000250666 0.000723677 0.983044 0.00533728
11 0.000383613 0.000424113 0.00507747 0.004761 0.000838734 0.93987 0.0486453
11 0.00237971 0.00528551 0.0674506 0.0141567 0.00398903 0.876442 0.0302966
13 0.00804392 0.00869799 0.904888 0.0217779 0.0140123 0.0213365 0.0212434
4 0.00364206 0.00734021 0.0398067 0.929241 0.010667 0.00762089 0.00168266
19 0.000740165 0.00163521 9.28814e-05 0.000558675 0.00124177 0.000998588 0.994733
19 0.0017348 0.00434269 0.00639229 0.0084005 0.00232785 0.131462 0.84534
13 0.00100178 0.0011681 0.988031 0.00128809 0.000931863 0.00689727 0.000682059
13 0.000541866 0.000319042 0.976872 0.000703473 0.00829159 0.00513677 0.00813488
0 0.409212 0.0567634 0.0127253 0.00771459 0.508695 0.00274272 0.00214787
5 0.0581411 0.843655 0.0026397 0.00954451 0.0841982 0.000842869 0.000978585
22 0.885357 0.0454903 0.00604359 0.0125447 0.0429806 0.00348007 0.00410356
22 0.895885 0.0826674 0.001494 0.000712085 0.018353 0.000376918 0.00051158
5 0.0585692 0.914058 0.00176671 0.00166275 0.0146374 0.00613499 0.00317132
0 0.0133368 0.0646413 0.00316899 0.0156572 0.895814 0.00446194 0.00291941
22 0.890364 0.0843998 0.00115057 0.00565669 0.0164647 0.000780641 0.00118373
22 0.927111 0.0636735 0.000609144 0.000336779 0.00702449 0.000446657 0.000798189
5 0.0756163 0.835287 0.00457593 0.0032306 0.0780408 0.00186003 0.00138979
11 0.000442441 0.000304246 0.0172232 0.000703465 0.00461042 0.927827 0.0488892
11 0.00599456 0.00606735 0.0235854 0.0105913 0.00689043 0.938383 0.00848845
22 0.885714 0.0654086 0.00919028 0.0032057 0.0324793 0.00172408 0.00227842
11 0.00106121 0.00268037 0.00527607 0.016731 0.00285913 0.928389 0.0430035
5 0.00307612 0.979441 0.00676955 0.00121026 0.00321297 0.00440497 0.00188559
5 0.0286278 0.812802 0.00740308 0.0396895 0.0936884 0.0135158 0.00427363
19 0.000363521 0.000121467 8.34775e-05 0.00260395 0.000188347 0.0228083 0.973831
22 0.931928 0.0421144 0.000573199 0.00616481 0.0178483 0.000691561 0.000679235
22 0.97657 0.00864214 0.00050024 0.00446704 0.00864784 0.000383438 0.000788849
11 0.00416943 0.0102172 0.00219993 0.0376186 0.00654532 0.93554 0.00370929
0 0.00707124 0.0693114 0.00512121 0.000996842 0.916299 0.00089561 0.000304366
4 0.011318 0.011069 0.0187451 0.940483 0.00508434 0.00926182 0.00403921
22 0.985986 0.0136458 4.49322e-05 5.67099e-05 0.00019338 1.52188e-05 5.79703e-05
13 0.00322661 0.00955314 0.95459 0.00911636 0.0095149 0.011995 0.00200407
22 0.877972 0.0596815 0.00839432 0.0139304 0.0349045 0.00222751 0.00288971
0 0.0278694 0.0454615 0.0231242 0.00924452 0.88057 0.0072969 0.00643374
11 0.00289791 0.00169366 0.0350787 0.00169985 0.00362148 0.923127 0.0318814
11 0.00627735 0.0104828 0.095294 0.0121977 0.00481195 0.869806 0.00113057
11 0.00724055 0.00838488 0.0117482 0.0127482 0.00184348 0.956906 0.00112826
11 0.000378249 0.000403242 0.00520765 0.00218089 0.000472551 0.940882 0.0504755
13 0.0371272 0.0240593 0.902042 0.0130991 0.0179539 0.00502297 0.000695905
19 0.00362775 0.00386538 0.00875947 0.00835041 0.0108448 0.126094 0.838458
13 0.0104176 0.0116611 0.951139 0.00926212 0.00884787 0.00706285 0.00160936
19 0.0013018 0.00237425 0.00414187 0.00803244 0.0138286 0.0224503 0.947871
11 0.00412631 0.00760107 0.0491766 0.00901547 0.00602194 0.869977 0.0540815
11 0.00343023 0.00219503 0.19751 0.00989984 0.00678486 0.686344 0.0938361
5 0.0446475 0.894245 0.00697524 0.0119535 0.0304222 0.0083695 0.00338661
0 0.000720248 0.00293569 0.000720339 0.0211473 0.956773 0.00426665 0.0134364
22 0.88111 0.0685009 0.00428543 0.0145984 0.0265032 0.00336109 0.00164123
22 0.597205 0.306632 0.0595492 0.00888491 0.0217869 0.00336155 0.00258046
19 0.00269827 0.00216486 0.0270639 0.00627543 0.0113452 0.0662152 0.884237
