labels 22 5 13 0 11 4 19
22 0.929324 0.0600438 0.0048692 0.00309644 0.00099518 0.000733717 0.000937574
22 0.965109 0.0306685 0.000657797 0.00187522 0.000396998 0.000569887 0.000722634
5 0.0492583 0.929669 0.000947378 0.0153829 0.000403904 0.00396512 0.000373368
13 0.00393875 0.0061142 0.972652 0.00771067 0.00520131 0.00379141 0.000591864
13 0.000978651 0.000977604 0.987173 0.00421393 0.00473082 0.000421602 0.00150465
0 0.00683191 0.0504129 0.00725034 0.923665 0.00291392 0.00558894 0.00333698
11 0.00642303 0.00641286 0.0129316 0.00449355 0.958842 0.0061373 0.00475995
4 0.00302287 0.0100097 0.00415471 0.00770985 0.0049141 0.96879 0.00139852
0 0.0126095 0.0485916 0.00131774 0.932797 0.00126103 0.0009077 0.00251513
13 0.00684012 0.0103091 0.970084 0.00487045 0.00100722 0.00468981 0.00219959
0 0.00554872 0.0168037 0.00706994 0.954539 0.00604058 0.00678432 0.00321325
13 0.000401712 0.00326027 0.971706 0.00183394 0.0160975 0.00103241 0.00566789
0 0.00717436 0.0391219 0.00707656 0.930716 0.00749273 0.0077244 0.000693626
4 0.00132432 0.00351272 0.00189195 0.00696956 0.00285887 0.976504 0.00693825
11 0.000241988 0.000421546 0.00274296 0.000224122 0.980847 0.00171068 0.0138118
19 0.0017211 0.0022705 0.0058355 0.00316324 0.414359 0.00056159 0.572089
0 0.000518666 0.00304858 0.00351486 0.977742 0.00481334 0.00123881 0.0091233
4 0.000748258 0.00376418 0.000561803 0.000271818 0.00607743 0.984307 0.00426933
4 0.00178922 0.00755904 0.00321071 0.00686557 0.00700714 0.972174 0.00139395
11 0.0035593 0.00280799 0.012103 0.00486029 0.944663 0.0116475 0.0203593
0 0.000328045 0.00308219 0.0012228 0.975371 0.0029766 0.00604965 0.0109693
11 0.000681942 0.000456933 0.0137224 0.00241658 0.930929 0.00118762 0.050606
11 0.00284857 0.00520811 0.0148607 0.00403118 0.957757 0.00462078 0.0106736
13 0.00304541 0.000840484 0.970003 0.00447522 0.0161697 0.00390288 0.00156372
4 0.00370867 0.0112246 0.00163886 0.00127059 0.00753026 0.973895 0.000731857
0 0.0135283 0.0476828 0.000128991 0.932036 0.000593912 0.0048392 0.00119113
0 0.0149312 0.040404 0.00500032 0.933026 0.00205729 0.00319948 0.00138146
22 0.968094 0.0290223 0.000177918 0.00231157 5.11612e-05 0.000123405 0.000219545
22 0.985801 0.0098711 6.36425e-05 0.00276819 0.000123029 0.00102127 0.000351502
0 0.00128092 0.00682306 0.00296038 0.972165 0.0061827 0.00832142 0.00226701
22 0.926697 0.0600038 0.00424611 0.00683033 0.000749872 0.000975465 0.000497785
13 0.000714527 0.000334667 0.985593 0.00231053 0.00944575 0.000506281 0.00109498
5 0.0235407 0.921899 0.00458144 0.0447366 0.00158838 0.00209717 0.00155679
22 0.930453 0.0600224 0.00146805 0.00548367 0.000896026 0.000786329 0.000890869
11 0.000471998 0.000635165 0.00495867 0.000463334 0.938424 0.00082937 0.0542176
11 0.00276384 0.00348147 0.00616235 0.000836434 0.964752 0.00709939 0.0149042
13 0.00043538 0.000319389 0.991871 0.00103833 0.00245116 0.000722895 0.00316231
22 0.958729 0.0395009 0.000250192 0.00119546 0.000114467 6.16218e-05 0.000148671
11 0.00315284 0.00251284 0.0201976 0.00167341 0.923768 0.00391503 0.0447805
19 0.00258071 0.00356043 0.001195 0.00683785 0.0388616 0.0180607 0.928904
13 0.004282 0.0123521 0.959118 0.00488503 0.0111643 0.00516421 0.0030343
22 0.934424 0.0601894 0.000822739 0.00237973 0.000615195 0.000875775 0.000693413
19 0.00207949 0.00414359 0.000419429 0.00773266 0.00728531 0.00549985 0.97284
22 0.935844 0.060372 0.000247609 0.00262119 0.000290573 9.58827e-05 0.000528985
0 0.0119528 0.0498686 0.00093871 0.927843 0.00166259 0.00534223 0.00239226
19 0.00274534 0.00360091 0.000745926 0.00465595 0.0364648 0.0167384 0.935049
4 0.00590742 0.00143758 0.000594472 0.00636644 0.000743266 0.981026 0.00392433
19 0.00325489 0.00214307 0.00470629 0.009651 0.0490387 0.0175169 0.913689
4 0.000984154 0.00525951 0.00223453 0.00502877 0.00669202 0.97582 0.00398116
22 0.948488 0.0239103 0.00478381 0.015797 0.00181472 0.00270815 0.00249817
22 0.935753 0.023822 0.00604146 0.0164572 0.00303976 0.0101973 0.00468903
5 0.0499957 0.925603 0.000395969 0.0219926 0.000377327 0.000567991 0.0010674
22 0.917904 0.0560221 0.00413918 0.0172686 0.00200142 0.00209329 0.000571078
19 0.000207987 0.000371571 0.000530874 0.000867997 0.0574033 0.00539228 0.935226
19 0.00301953 0.00524443 0.00108429 0.00347645 0.00858651 0.00511244 0.973476
0 0.00024429 0.000779397 8.60923e-05 0.9839 0.000527509 0.011336 0.00312709
22 0.929582 0.0590801 0.000971723 0.00922807 0.00035921 0.000137956 0.000641408
22 0.912835 0.0510631 0.00333362 0.0064632 0.00347334 0.0196032 0.00322888
19 0.00271824 0.00364073 0.00077706 0.00383974 0.0116333 0.01175 0.965641
4 0.00407382 0.0140846 0.000255185 0.00169528 0.00701228 0.970865 0.00201334
11 0.00135636 0.00151539 0.0130562 0.0040584 0.973162 0.00305833 0.00379286
13 0.00215614 0.00316619 0.951303 0.00512322 0.0170208 0.00943559 0.0117945
19 0.00076103 0.00109716 0.00264984 0.00457932 0.0577185 0.00256121 0.930633
5 0.0496202 0.912419 0.00601917 0.0212855 0.00278807 0.00518776 0.00268049
13 0.00194849 0.0027656 0.963897 0.00381662 0.0159831 0.00741168 0.00417745
11 0.00125665 0.00250794 0.0077099 0.00107568 0.940388 0.0127116 0.0343501
11 0.00199233 0.00137354 0.00817796 0.00437776 0.961802 0.00892878 0.0133479
19 0.00403961 0.00517273 0.00779544 0.00641304 0.0569349 0.00806703 0.911577
5 0.0337178 0.907233 0.00993243 0.0411639 0.00270804 0.00438019 0.000865011
19 0.0005236 0.00187275 0.000314476 0.000529544 0.012773 0.000641912 0.983345
11 0.00211019 0.000485217 0.0140808 0.00249841 0.922603 0.00428834 0.0539336
0 0.0115199 0.0296419 0.00146238 0.950162 0.000695294 0.00509802 0.0014208
5 0.0496211 0.902725 0.0128433 0.0226833 0.00377294 0.00545476 0.00289975
5 0.0165212 0.91433 0.00332374 0.0334548 0.00245162 0.023046 0.00687234
4 0.00244741 0.00457627 0.00269712 0.00549594 0.00576808 0.971421 0.00759463
5 0.0489221 0.914283 0.0140866 0.0168757 0.00340712 0.00127096 0.00115494
13 0.00279643 0.0034624 0.980333 0.00682132 0.0029079 0.00144883 0.00223004
13 0.0109808 0.0116351 0.956524 0.00554013 0.00605105 0.00507122 0.00419742
13 0.00066628 0.000438767 0.973896 0.00125877 0.0143903 0.00022624 0.00912413
4 0.00223017 0.00390854 0.00332414 0.00152434 0.00651521 0.978454 0.00404371
13 0.00243966 0.0016185 0.966207 0.00468187 0.0159087 0.00136511 0.00777883
22 0.910311 0.0517955 0.00370728 0.0197553 0.00302248 0.00946039 0.00194804
22 0.93652 0.0603836 0.000160619 0.00100248 0.000673636 0.000196921 0.001063
13 0.00345986 0.00379051 0.962726 0.0073318 0.0161555 0.00574462 0.000792075
11 0.00244664 0.00337654 0.0156489 0.00577372 0.95327 0.00205247 0.0174322
22 0.972051 0.018391 0.000886316 0.00318877 0.000684905 0.00399047 0.000807395
11 0.000530978 0.000685915 0.0131197 0.00207581 0.975877 0.00112284 0.0065876
22 0.942185 0.04488 0.000203383 0.0104149 0.000819344 0.00048046 0.00101647
0 0.0128175 0.0298883 0.000356133 0.952242 0.000543503 0.00348596 0.000666964
19 0.00233757 0.00182729 0.000945443 0.00296679 0.00555275 0.00655517 0.979815
13 0.00506527 0.00302451 0.978564 0.0026979 0.00557647 0.00358457 0.00148741
19 0.00238214 0.00478689 0.00458 0.00658196 0.0578468 0.00695383 0.916868
22 0.988523 0.0098711 7.97468e-05 0.000380259 0.000184608 0.000589513 0.00037208
0 0.000249038 0.000345648 0.00349692 0.974994 0.00508906 0.00457839 0.0112467
13 0.000145325 0.0002737 0.968077 0.00229111 0.0165098 0.0021676 0.0105354
5 0.0489333 0.943357 0.00357989 0.00304589 0.000247603 0.000387306 0.000449016
19 0.00225572 0.00267411 0.00614129 0.00385264 0.0580191 0.00125507 0.925802
22 0.933274 0.0600668 5.2715e-05 0.00580402 0.000105978 0.000100264 0.000596563
0 0.0123121 0.0312362 0.000954949 0.949435 0.000469639 0.00519263 0.00039918
5 0.0499734 0.921199 0.00363131 0.0213792 0.00203441 0.000758159 0.00102443
0 0.00977358 0.0265951 0.0102888 0.933775 0.00612057 0.00923663 0.00421069
19 0.000356923 0.000265008 3.92462e-05 0.00100803 0.00350633 0.00350388 0.991321
5 0.0490896 0.938607 0.00328452 0.00701194 0.000771874 0.000454807 0.000780718
5 0.0152121 0.923252 0.00502492 0.0436284 0.00261312 0.00850288 0.00176671
13 0.000890352 0.000660105 0.9741 0.00401415 0.0153766 0.00110658 0.00385195
11 0.00169224 0.00193115 0.00846949 0.00511844 0.957327 0.00478476 0.0206769
13 0.000399943 0.000261166 0.960631 0.00331265 0.0174986 0.00289434 0.015002
22 0.924689 0.0598755 0.00148662 0.0102509 0.00187531 0.00110223 0.000720043
22 0.932943 0.0593358 0.00168649 0.00531593 0.000219422 5.52745e-05 0.000444533
22 0.927539 0.0271547 0.00572764 0.0169157 0.00335954 0.0154487 0.00385435
22 0.924361 0.0390196 0.00410215 0.0195692 0.00233221 0.00900959 0.00160608
22 0.916955 0.0422764 0.00296614 0.0207509 0.00195757 0.0121617 0.00293208
5 0.0540008 0.913911 0.0065481 0.0112202 0.00594873 0.0058313 0.00253944
0 0.00327917 0.0480268 0.00923089 0.932453 0.00496797 0.000672001 0.00137009
11 0.00230683 0.00498875 0.0131298 0.00453306 0.967562 0.00237389 0.00510556
11 0.00391366 0.00487506 0.00347917 0.00143075 0.958235 0.00940727 0.0186595
22 0.917179 0.059899 0.00375473 0.00899005 0.00210847 0.00572402 0.00234499
22 0.922891 0.0583999 0.00215165 0.0055069 0.00230182 0.0074337 0.00131482
22 0.935687 0.0602961 0.000304333 0.00262454 0.000192453 8.27934e-05 0.000813016
13 0.0031592 0.00744196 0.971976 0.00724645 0.00256598 0.00594857 0.00166145
11 0.00427763 0.00579528 0.00622084 0.00400884 0.950561 0.0093553 0.019781
0 0.00089685 0.00096746 0.00115526 0.981082 0.00107459 0.00765321 0.00717027
0 0.0132373 0.0468552 0.00315847 0.936049 0.000239353 0.000318594 0.00014247
5 0.0239372 0.914827 0.00447318 0.043583 0.00298452 0.006794 0.00340115
19 0.00049296 0.000415735 0.000181387 0.0018061 0.0318286 0.00762354 0.957652
11 0.000307576 0.00037674 0.0129485 0.00211022 0.979528 0.000883862 0.00384528
22 0.971003 0.0160152 0.000333674 0.0119373 0.000181164 0.000332368 0.00019715
19 0.00161835 0.0026727 0.00327762 0.00732032 0.0246375 0.0150049 0.945469
11 0.00244734 0.00302519 0.00296684 0.00149002 0.97529 0.00739443 0.00738618
0 0.00552557 0.0153827 0.000623306 0.963677 0.00190706 0.00815571 0.00472902
5 0.0501063 0.912823 0.00579648 0.0220686 0.00311339 0.00337357 0.00271872
4 0.0030927 0.0039356 0.00264499 0.00658839 0.00224157 0.978678 0.00281847
0 0.00787441 0.0419619 0.00778778 0.93424 0.00123124 0.00608328 0.000820899
19 0.00113471 0.00371493 0.000503109 0.00113002 0.0152068 0.00617305 0.972137
0 0.0144239 0.0438845 0.00026232 0.939251 0.000347732 0.00146091 0.000369786
5 0.0392511 0.894545 0.0126305 0.0301665 0.00427755 0.018156 0.000973241
5 0.0505172 0.898512 0.00538057 0.0336067 0.00326777 0.00557123 0.00314488
22 0.973823 0.0149873 6.11912e-05 0.00994394 0.000261039 0.0005447 0.000378615
19 0.000438942 0.00100328 0.000152024 0.000401524 0.00854401 0.00359125 0.985869
0 0.00993439 0.0454454 0.00830649 0.924246 0.00814173 0.00247272 0.00145307
22 0.928551 0.05913 0.000132288 0.00813584 0.000961375 0.00146961 0.00161945
22 0.966594 0.00778081 0.00283373 0.0126737 0.00215618 0.00504631 0.00291574
19 0.00288031 0.00362044 0.0166177 0.0185887 0.035244 0.0068963 0.916152
22 0.920026 0.0548591 0.000674619 0.018379 0.00223332 0.00133959 0.00248844
4 0.00568791 0.00703777 0.00226704 0.00490388 0.0053014 0.967228 0.00757444
19 0.000407972 0.00112216 0.00201146 0.00175914 0.047397 0.00951948 0.937783
4 0.00643515 0.00990726 0.00032763 0.00257903 0.00698871 0.971576 0.0021859
19 0.00295844 0.00516119 0.00263402 0.00138522 0.0196354 0.0131453 0.95508
22 0.919378 0.0558265 0.00430946 0.0173105 0.00141323 0.00092362 0.000838364
5 0.0287023 0.892683 0.00330051 0.0506022 0.0051747 0.0165385 0.0029986
22 0.921202 0.0691418 0.000807518 0.00711253 0.000382031 0.000735086 0.000619011
5 0.0501643 0.917549 0.00403982 0.0246146 0.00156479 0.00112245 0.000944702
4 0.00335406 0.0016822 0.00288364 0.000761889 0.006276 0.981414 0.00362793
22 0.859535 0.115772 0.00927227 0.00535564 0.00216163 0.00571513 0.00218847
5 0.0503198 0.89888 0.0129716 0.0245505 0.00399494 0.00670151 0.00258134
19 0.00083627 0.00112406 0.00383276 0.0038354 0.0591694 0.00501439 0.926188
22 0.936078 0.0603288 0.00043254 0.00180489 0.000423201 0.000331373 0.000601234
22 0.933792 0.0602398 0.000348849 0.00123784 0.00089839 0.00233983 0.00114372
5 0.0221633 0.905429 0.0177414 0.0418659 0.00341938 0.00600827 0.00337254
5 0.395073 0.57884 0.000162321 0.0170257 0.000841491 0.00682105 0.00123658
22 0.928367 0.0596594 0.000787698 0.00521651 0.00120351 0.004315 0.000450948
5 0.0059927 0.946248 0.000321746 0.0325341 0.00250885 0.00887424 0.00351992
11 0.000492223 0.000573381 0.00624048 0.00118698 0.931497 0.0050116 0.0549981
11 0.00124503 0.00100941 0.00635546 0.00422771 0.944708 0.0128718 0.0295827
11 0.000720715 0.00136815 0.0138304 0.00172466 0.969314 0.00187258 0.0111695
22 0.990035 0.00294627 0.000970621 0.0016161 0.00067234 0.00310585 0.000654214
11 0.000583279 0.000335988 0.00697317 0.00323258 0.93004 0.00350502 0.05533
4 0.00483433 0.00739263 0.00352682 0.00530545 0.00602049 0.971644 0.00127584
13 0.00287043 0.011079 0.958252 0.00616693 0.0140559 0.00661651 0.000959353
11 0.0005357 0.000536211 0.0118655 0.000592696 0.941678 0.000892961 0.0438987
5 0.0274485 0.902334 0.0066933 0.0451496 0.00783725 0.00772038 0.00281685
5 0.0491169 0.875946 0.00662792 0.0513724 0.00451077 0.00933505 0.00309103
0 0.00487905 0.0508415 0.00163773 0.940205 0.000600229 0.00151949 0.000317087
11 0.0018095 0.000824745 0.0138541 0.00203564 0.926012 0.00119708 0.0542673
4 0.00145259 0.00335897 0.00248562 0.00245685 0.00595797 0.981948 0.00234001
22 0.983435 0.0141779 0.000398924 0.00121872 0.000429396 0.000119787 0.000220085
22 0.973313 0.0208397 0.00205998 0.00259203 0.000380173 0.000366347 0.000448606
0 0.00364014 0.0193574 0.00694767 0.949145 0.0069183 0.00917778 0.00481341
5 0.0563575 0.908454 0.00744222 0.0190983 0.00256656 0.00442295 0.00165835
11 0.00248745 0.00115293 0.0131126 0.00350312 0.972877 0.00108613 0.00578039
22 0.943099 0.0331978 0.00351752 0.0158834 0.0018978 0.00113066 0.00127329
19 0.0017267 0.00449527 0.0013152 0.00305176 0.0287517 0.0155346 0.945125
5 0.0210975 0.967625 0.000740944 0.00648312 0.000765043 0.00138155 0.00190642
4 0.00810233 0.0137343 0.00152648 0.00260441 0.00139203 0.972146 0.000494119
19 0.00301522 0.00418283 0.00346064 0.00966417 0.0260135 0.0158194 0.937844
11 0.00214673 0.00325019 0.0173062 0.00552896 0.935314 0.00453829 0.0319156
0 0.00980538 0.0268219 0.000476157 0.956412 0.000483104 0.00540313 0.000598742
11 0.000227364 0.000292721 0.0132413 0.000735905 0.976994 0.0021589 0.00635015
5 0.0495335 0.906683 0.00141636 0.0371325 0.00115812 0.00299202 0.00108441
13 0.000138687 0.000210129 0.972523 0.00138999 0.0160571 0.00025823 0.00942254
22 0.929753 0.031007 0.0140508 0.0183905 0.00308318 0.00146842 0.00224745
0 0.0108227 0.0465844 0.00186713 0.927887 0.00271698 0.00949397 0.000628016
19 0.00257736 0.00390458 0.00342805 0.00504533 0.0374363 0.0172804 0.930328
0 0.0149366 0.0394914 0.000525761 0.942934 0.000458794 0.00141318 0.000240421
13 0.000167993 0.000450859 0.970385 0.00588472 0.0161303 0.00209202 0.0048887
19 0.00266404 0.00304096 0.0034778 0.00448689 0.0405716 0.0181298 0.927629
13 0.00212718 0.000519286 0.972673 0.00578738 0.00792913 0.0037692 0.00719465
19 0.00271012 0.00389837 0.00585187 0.00333349 0.0404917 0.0183122 0.925402
11 0.00389615 0.00449334 0.0141147 0.00205448 0.956605 0.0074517 0.0113848
22 0.923827 0.0588417 0.00133108 0.0137067 0.000594956 0.000842726 0.000855764
0 0.00905942 0.0198163 0.000527442 0.962352 0.00100059 0.00644484 0.000799221
19 0.00256159 0.00428705 0.0188677 0.0101785 0.0417934 0.00438217 0.91793
22 0.931102 0.0601966 3.65026e-05 0.00776461 0.000160068 0.000220532 0.000519599
19 0.00030826 0.000435827 4.01005e-05 0.00176643 0.00355533 0.00241249 0.991482
22 0.948046 0.0381268 0.000423701 0.0105361 0.000307816 0.00193909 0.000620593
19 0.00237134 0.00237033 0.0092607 0.00176088 0.0577389 0.00570541 0.920792
22 0.917476 0.0573355 0.00369761 0.016299 0.000998912 0.0032653 0.000927663
11 0.000694591 0.00125191 0.00517978 0.00226317 0.93647 0.0136097 0.0405308
11 0.00400406 0.00258444 0.0129584 0.00439233 0.970211 0.00428943 0.00156039
13 0.00285659 0.0018182 0.963305 0.00547359 0.0166744 0.00533349 0.00453836
0 0.00187201 0.0153814 0.00316552 0.956136 0.00543292 0.0138091 0.00420345
19 0.000527 0.000651669 0.000902348 0.0036188 0.0337703 0.00990595 0.950624
0 0.0152622 0.0438186 0.00289598 0.927075 0.00323912 0.0070576 0.000651906
22 0.934003 0.0601794 0.00023997 0.00418682 0.000324103 0.00046933 0.000597615
22 0.920158 0.0472954 0.00341741 0.00899565 0.00267402 0.0147658 0.00269334
11 0.00393119 0.00493552 0.00700424 0.0137964 0.945665 0.00915697 0.0155106
22 0.954724 0.0409821 0.000108301 0.00245476 0.000165891 0.000874093 0.000690971
22 0.921674 0.0598519 0.0040775 0.00484194 0.0026995 0.00454037 0.0023151
11 0.0019022 0.00139642 0.00793095 0.00310998 0.927658 0.002684 0.0553184
22 0.904324 0.0547313 0.00924481 0.0111839 0.0086818 0.00966551 0.00216882
4 0.00177495 0.00405517 0.00381733 0.00391974 0.0055862 0.972315 0.0085317
13 0.00429196 0.00428871 0.950779 0.00635151 0.0174497 0.00515895 0.0116804
11 0.000801322 0.00232129 0.0079452 0.00120303 0.957661 0.00489715 0.0251705
22 0.963679 0.0141697 0.000360556 0.00557758 0.000590598 0.0134702 0.00215274
11 0.00202751 0.0023426 0.00725146 0.00370052 0.926717 0.00269709 0.0552635
11 0.00047869 0.000360483 0.00695038 0.00342753 0.932594 0.000801711 0.0553875
0 0.0106969 0.0491306 0.00572524 0.91963 0.00647036 0.00581421 0.00253308
0 0.00552061 0.0480543 0.00966178 0.927091 0.00109283 0.00620876 0.00237091
5 0.0500581 0.915961 0.00033106 0.0238184 0.000836318 0.00661378 0.00238174
22 0.994483 0.0023791 0.000757256 0.000123273 0.000194212 0.00150577 0.000557267
22 0.930518 0.0319016 0.00155579 0.0184917 0.00239218 0.0112505 0.00388985
13 0.0011192 0.00241305 0.957647 0.00570895 0.0171008 0.00650069 0.00951044
11 0.00285466 0.00608183 0.00605937 0.00342672 0.946664 0.0101706 0.0247428
0 0.0117236 0.0296835 0.00113453 0.946878 0.00306232 0.00611193 0.00140624
13 0.00413093 0.0058094 0.969277 0.00131631 0.0148132 0.00223088 0.00242201
19 0.00250771 0.00434114 0.00466908 0.0050039 0.0578028 0.00606945 0.919606
13 0.0025937 0.0104305 0.955062 0.00451684 0.015712 0.009024 0.00266089
5 0.0402238 0.949232 0.00268346 0.00689605 0.000262652 0.000194238 0.000507753
22 0.92264 0.0600038 0.00119097 0.00887838 0.00120398 0.00526787 0.000814507
5 0.0502379 0.914528 0.00272638 0.0249719 0.00152992 0.00454859 0.001457
22 0.932052 0.0601766 0.00144461 0.00393112 0.000601874 0.00116183 0.000631813
0 0.00208483 0.0233407 0.00376974 0.960946 0.0074729 0.00137056 0.00101526
13 0.000180084 0.000114817 0.968804 0.00244717 0.0168273 0.00024284 0.0113836
13 0.00692378 0.00133044 0.988135 0.000705817 0.00160086 0.000907358 0.000396643
11 0.00073212 0.00248963 0.0204183 0.00372714 0.927099 0.00261019 0.0429232
0 0.00692508 0.0514887 0.00422485 0.927381 0.00232495 0.0051766 0.00247926
4 0.00363444 0.00645557 0.00291003 0.00433133 0.00708283 0.972713 0.00287289
4 0.00416863 0.0129095 0.00166328 0.00274989 0.00792469 0.969208 0.00137593
0 0.0143613 0.039828 0.00775693 0.92861 0.00208576 0.00539977 0.00195873
13 0.00220547 0.00867885 0.954596 0.009458 0.0141369 0.00426333 0.00666156
0 0.00669778 0.0495227 0.00114328 0.927351 0.00240833 0.0104917 0.00238491
19 0.00267606 0.00285968 0.00483302 0.00385126 0.0576492 0.00809121 0.92004
13 0.00178907 0.000582684 0.975604 0.00712241 0.00370434 0.00306264 0.00813512
19 0.00344552 0.00451784 0.00241567 0.00343132 0.00960429 0.00543318 0.971152
22 0.965109 0.0159281 0.00878537 0.00311454 0.00386261 0.000894318 0.00230575
0 0.00362846 0.0519543 0.00346046 0.936706 0.00072974 0.00101147 0.00250928
22 0.933208 0.0602521 0.000622907 0.00364746 0.000724609 0.00115559 0.000389231
0 0.0138645 0.0407402 0.00852453 0.93252 0.00164825 0.000504474 0.0021981
22 0.951518 0.0269468 0.000928348 0.0163646 0.000494125 0.00292117 0.000827431
11 0.00076951 0.00181133 0.00338295 0.00170986 0.984128 0.00160088 0.00659705
19 0.00153068 0.00121254 0.00283213 0.00056389 0.0576385 0.00616014 0.930062
22 0.908981 0.0586212 0.00641456 0.0121119 0.00221006 0.00913366 0.00252735
19 0.000743409 0.000390579 3.6815e-05 0.000475758 0.00150332 0.000665109 0.996185
19 0.00252531 0.00235629 0.000428037 0.0026393 0.0271612 0.0121529 0.952737
22 0.928757 0.0440364 0.000310774 0.0201373 0.000746671 0.0047985 0.00121336
22 0.951046 0.0460461 0.000175473 0.00199443 7.33077e-05 9.99807e-05 0.000564428
5 0.0487953 0.939569 0.000201982 0.00961342 0.00016349 0.000889073 0.000768101
4 0.00339895 0.00644887 0.00342222 0.00311953 0.00662018 0.975894 0.00109649
11 0.000656055 0.0016953 0.0202517 0.00299788 0.932183 0.000654797 0.0415609
5 0.0557665 0.926887 0.00262767 0.0118762 0.0015625 0.00049136 0.000788538
4 0.00803585 0.0106386 0.000190075 0.00257601 0.000204246 0.977619 0.000735966
11 0.00195878 0.0023115 0.00692017 0.00276407 0.921447 0.0131811 0.0514175
19 0.00210131 0.00317791 0.00058171 0.00159966 0.0029823 0.0033278 0.986229
22 0.968491 0.017257 0.00218205 0.00200523 0.00278613 0.00642658 0.000852138
4 0.000400608 0.000731786 0.0021351 0.00229535 0.0065529 0.981602 0.00628193
0 0.000487774 0.00296752 0.00181678 0.97363 0.00349098 0.00640437 0.011203
5 0.0495191 0.914694 0.00716202 0.0205504 0.00197396 0.00457788 0.00152262
4 0.00150608 0.00393437 0.00287107 0.00734878 0.0027092 0.976432 0.00519859
13 0.00524219 0.0098406 0.964004 0.00453608 0.00831645 0.00221057 0.00585051
22 0.935904 0.0603696 0.000271535 0.00132278 0.000185288 0.00110257 0.000843921
13 0.00416723 0.00800218 0.961424 0.00462761 0.0164217 0.00255763 0.00279976
11 0.00030534 0.000562327 0.01036 0.00350418 0.928 0.002036 0.0552317
11 0.00465082 0.005623 0.0143694 0.00964046 0.946017 0.00908927 0.0106098
4 0.00553341 0.00344477 0.00149877 0.00732414 0.00119699 0.976114 0.00488773
22 0.932514 0.057743 9.66676e-05 0.00754319 0.000416956 0.000430267 0.00125626
19 0.00311653 0.00152334 0.00127462 0.00227803 0.0144893 0.00938771 0.967931
19 0.00255569 0.00628244 0.00566716 0.00491541 0.027692 0.00280611 0.950081
22 0.947631 0.0431946 0.000224823 0.00679272 0.000299237 0.0006313 0.00122659
4 0.000517363 0.00248635 0.000589761 0.00548445 0.00515421 0.97899 0.00677814
22 0.979022 0.0176627 0.000617476 0.00176808 0.000648654 0.000122992 0.000157917
13 0.00136928 0.003513 0.969248 0.00454363 0.0161146 0.000769153 0.00444242
0 0.000834414 0.00638133 0.000602272 0.991188 0.000341827 0.000324405 0.000327385
5 0.00748093 0.929593 0.0131685 0.0414736 0.00158892 0.00573968 0.000955249
4 0.00398989 0.0028486 0.00320834 0.00681948 0.00602645 0.972918 0.00418924
22 0.914294 0.058745 0.0127882 0.00772854 0.00207547 0.00229804 0.00207079
5 0.0488172 0.943719 0.000354361 0.00461157 0.000815041 0.00041921 0.001264
0 0.0050328 0.0121667 0.00592954 0.959486 0.00379773 0.00944969 0.00413707
0 0.00935015 0.0512117 0.000340942 0.93278 0.0007589 0.00324128 0.00231665
5 0.00678346 0.939051 0.00660214 0.0433196 0.00199905 0.00134116 0.000903971
11 0.00104706 0.0011136 0.0102842 0.000632495 0.940729 0.00149038 0.0447033
22 0.910935 0.0494363 0.0131518 0.0161011 0.00530963 0.00290166 0.00216437
11 0.00295352 0.00699964 0.00619895 0.00542889 0.936465 0.013389 0.0285646
4 0.00828528 0.0107381 0.00126883 0.00361305 0.0035147 0.972009 0.000571446
11 0.0016686 0.000870787 0.017621 0.00317953 0.943628 0.00587208 0.0271597
5 0.0378454 0.901432 0.00571554 0.0459029 0.000670294 0.00525211 0.00318185
22 0.970163 0.0154113 0.00130334 0.0064028 0.000624482 0.00538786 0.000706968
22 0.836134 0.148846 0.000510015 0.00996839 0.00169456 0.00115378 0.00169329
22 0.922713 0.0423087 0.00635492 0.0200854 0.00261487 0.0038107 0.00211248
22 0.930527 0.0600667 0.00217417 0.00249037 0.00179254 0.00146874 0.00148073
19 0.00231975 0.00262819 0.000455133 0.000808563 0.00672449 0.011162 0.975902
13 0.00950511 0.0032544 0.965515 0.00328292 0.00955884 0.00637066 0.00251262
13 0.000553621 0.000571227 0.962378 0.00752479 0.0160976 0.0054546 0.00742036
13 0.00365694 0.00439684 0.956264 0.00304255 0.0165114 0.0108393 0.0052886
22 0.957299 0.0384279 0.000841205 0.00266821 0.000296467 3.15766e-05 0.000435429
5 0.0495007 0.922546 0.000278547 0.0213428 0.000800388 0.0032685 0.00226272
4 0.00678345 0.0091341 0.00120645 0.00203894 0.00213999 0.978102 0.000594841
22 0.929014 0.0584676 8.07473e-05 0.011001 7.23047e-05 0.00101084 0.000353262
0 0.00169492 0.00242501 0.000399043 0.981416 0.000642047 0.0116321 0.00179079
5 0.0566779 0.90964 0.000201344 0.0301301 0.000643301 0.00135948 0.00134814
0 0.00531272 0.00464271 0.00441125 0.984967 0.000366854 0.000107474 0.000191489
22 0.930068 0.0600084 0.000406489 0.00329296 0.00232422 0.00160421 0.0022961
11 0.00209107 0.00351631 0.0145112 0.00534876 0.946057 0.00961459 0.0188608
22 0.927906 0.0524191 0.00563315 0.0117808 0.000495214 0.00080491 0.000961234
19 0.00264289 0.00262544 0.00879834 0.00423392 0.0576285 0.00826346 0.915807
22 0.986273 0.00971244 0.00162301 0.00083887 0.000400095 0.000453159 0.000699296
13 0.00237627 0.00124279 0.96795 0.00402098 0.0160463 0.00469038 0.00367302
0 0.00469526 0.0192324 0.00308892 0.957074 0.00160602 0.0130337 0.00126945
11 0.002254 0.00155574 0.017268 0.0037874 0.940295 0.00619908 0.0286404
19 0.00263488 0.00477191 0.0027463 0.00320426 0.0224384 0.00759466 0.95661
19 0.000612913 0.00137996 0.000238961 0.00224624 0.0123897 0.00535012 0.977782
4 0.0043498 0.0130542 0.0024316 0.00705359 0.00260595 0.97009 0.000414641
22 0.923727 0.0567384 0.000693977 0.0167837 0.000454739 0.000307536 0.00129499
11 0.000959686 0.000943249 0.00646876 0.00337977 0.910523 0.00266184 0.0750637
13 0.00274473 0.000517962 0.9952 0.000456608 0.000756111 7.90006e-05 0.000246089
5 0.0105659 0.984576 0.000474318 0.00329594 0.000545594 0.000240044 0.000302694
22 0.986884 0.00348293 0.00314547 0.00180978 0.00104041 0.00310117 0.000535989
0 0.000621968 0.00231384 0.0036598 0.973091 0.000990905 0.0116385 0.00768362
0 0.0156427 0.0423319 0.0017828 0.928657 0.00172009 0.00619174 0.00367424
5 0.0198822 0.927515 0.0162168 0.0256695 0.00441416 0.00500188 0.00130082
11 0.000645418 0.000729102 0.00412044 0.00134422 0.950527 0.00304167 0.0395919
4 0.0036791 0.0122073 0.000871491 0.00381103 0.00604879 0.970266 0.0031165
11 0.000770872 0.000937082 0.0141801 0.00440324 0.924806 0.000995933 0.0539065
11 0.00341086 0.00487371 0.012802 0.00385898 0.950725 0.0106453 0.0136846
11 0.00160235 0.00229446 0.00660148 0.00404135 0.973858 0.00730319 0.00429874
11 0.000448986 0.00035717 0.0191521 0.00146505 0.927549 0.00174009 0.0492881
11 0.00196358 0.00228374 0.0134446 0.00378857 0.969373 0.00127523 0.00787132
13 0.00134908 0.000987425 0.969333 0.00268141 0.0153654 0.000876309 0.00940744
11 0.00104023 0.00142614 0.00332371 0.000743479 0.959251 0.01054 0.0236754
19 0.00293026 0.0045822 0.0021925 0.00437658 0.0161129 0.0123775 0.957428
5 0.0488304 0.931704 0.000531437 0.0129752 0.000645925 0.00351581 0.00179699
13 0.000966056 0.00376225 0.992008 0.000760198 0.00180758 0.000167069 0.000528761
5 0.0490913 0.916856 0.00180311 0.0203775 0.00442977 0.00537256 0.00206992
22 0.9151 0.059202 0.00430041 0.0126092 0.00281791 0.00432869 0.00164176
22 0.945916 0.0397195 0.000115774 0.000928519 0.00140522 0.0109084 0.0010068
5 0.0492953 0.927742 0.000643133 0.0208774 0.000406889 0.000334853 0.000700127
0 0.00665755 0.0515571 0.00264047 0.937421 0.000939527 0.000279864 0.000504562
22 0.92147 0.059791 0.00238858 0.00280349 0.0033448 0.00836951 0.00183283
5 0.0473163 0.897373 0.0115483 0.0322572 0.00413439 0.00404828 0.00332263
13 0.00133488 0.00259392 0.960068 0.00191592 0.0169418 0.00534945 0.0117958
5 0.0495957 0.924006 0.000390468 0.0214483 0.000709617 0.00312981 0.000720459
22 0.934446 0.0598191 0.000601376 0.00364775 0.00027388 0.00040723 0.000804996
13 0.0043581 0.00383429 0.969597 0.00109864 0.0161146 0.00150272 0.00349475
13 0.00547309 0.0115576 0.965318 0.0058465 0.0071666 0.00281214 0.00182638
11 0.00213506 0.00448463 0.00350376 0.00202697 0.974937 0.00204217 0.0108702
13 0.00839597 0.0111277 0.970069 0.00366781 0.0033656 0.00294304 0.000430527
22 0.925813 0.033096 0.00298221 0.0183625 0.00219655 0.0112696 0.00628056
19 0.000577032 0.00146119 0.000398438 0.0026084 0.0516613 0.0108358 0.932458
22 0.93121 0.0601331 0.00025517 0.00590801 0.000432166 0.00130763 0.000753751
22 0.926367 0.0592719 5.49932e-05 0.0128038 0.000187516 0.000349063 0.000965313
5 0.0251648 0.914528 0.00485027 0.0441928 0.00171141 0.0063536 0.00319887
22 0.933275 0.0597241 0.000597829 0.00479795 0.000346507 0.000506745 0.000751957
13 0.00337448 0.00463382 0.975518 0.0069119 0.00280035 0.00380478 0.00295628
0 0.00152271 0.0150548 0.00362357 0.944735 0.0115982 0.0147118 0.00875399
19 0.00250271 0.00259172 0.00428339 0.0139945 0.0420672 0.0188801 0.91568
19 0.00242454 0.00435638 0.00379734 0.00440233 0.0575613 0.0104784 0.91698
0 0.00400342 0.0107821 0.00597657 0.962389 0.00299272 0.00861898 0.00523754
0 0.00893384 0.0103989 0.00128672 0.973499 0.000441731 0.00416802 0.0012714
4 0.000610814 0.001509 0.000454556 0.000780952 0.00134643 0.991765 0.00353332
4 0.000890786 0.00151779 0.000714641 0.000683563 0.00391067 0.989131 0.00315144
19 0.00257255 0.00352808 0.00513871 0.00472125 0.0563685 0.0133845 0.914286
22 0.933084 0.0599653 0.00137904 0.00250886 0.000931317 0.00134962 0.00078226
0 0.00232199 0.0520339 0.00064964 0.933989 0.00389945 0.00497918 0.0021265
13 0.00451311 0.0060395 0.960828 0.00813592 0.0121342 0.00424375 0.00410554
22 0.967362 0.0176732 0.00134835 0.00669625 0.000904999 0.00510146 0.000913974
11 0.00199803 0.000978685 0.00862791 0.00285586 0.926345 0.00391225 0.055282
5 0.0463293 0.913609 0.00541379 0.0092727 0.00567078 0.0174227 0.00228209
5 0.0475935 0.927229 0.0125338 0.00542445 0.00376434 0.00240364 0.0010517
22 0.956685 0.0134777 0.00467872 0.013635 0.00231245 0.00616014 0.00305103
22 0.923185 0.059923 0.00310401 0.00732839 0.00234729 0.00222136 0.0018905
13 0.00144947 0.00875324 0.976043 0.00551349 0.00531143 0.0012205 0.0017084
0 0.0148953 0.0433778 0.00018172 0.938721 0.000681992 0.00179876 0.000343272
13 0.00170593 0.00113862 0.966887 0.0011738 0.0164019 0.00231694 0.0103756
22 0.912665 0.0528595 0.00334663 0.0196303 0.00207092 0.00713977 0.00228834
13 0.00204275 0.00476508 0.962124 0.0020402 0.0162816 0.00680244 0.0059436
11 0.000545282 0.000536704 0.00627715 0.0012704 0.983222 0.000729853 0.00741891
13 0.00177883 0.00448844 0.955592 0.00563305 0.0171598 0.00507489 0.0102734
13 0.00743037 0.00706267 0.95487 0.00924502 0.0137251 0.00444043 0.00322592
13 0.00143921 0.00483081 0.958102 0.0034259 0.0168113 0.00607734 0.00931295
13 0.00249274 0.00135882 0.960981 0.00771168 0.0159874 0.00344652 0.00802167
13 0.0043616 0.00588026 0.962903 0.00263128 0.0166379 0.00695348 0.000632007
22 0.950017 0.0371464 0.00285124 0.00684979 0.00043263 0.00191458 0.000788398
22 0.930833 0.0601298 0.000236331 0.00278699 0.00130346 0.00418075 0.000529198
5 0.0222555 0.909741 0.0175372 0.0291946 0.00887219 0.00855682 0.00384247
22 0.950575 0.026329 0.00530837 0.0123285 0.0021916 0.00187564 0.001392
22 0.973936 0.0213368 0.000120782 0.00338275 0.000216463 0.000684745 0.000322764
22 0.933295 0.060287 0.000489121 0.00174714 0.00153621 0.00211959 0.000526396
22 0.990532 0.00729621 6.23271e-05 0.000147156 0.000210168 0.00120949 0.000542322
4 0.00699973 0.0107305 0.000297239 0.00358186 0.00440955 0.971995 0.00198597
13 6.48635e-06 7.17716e-06 0.995406 0.000158888 0.00286327 0.000281699 0.00127669
13 0.00193771 0.00428877 0.952341 0.00479863 0.0174635 0.00284484 0.0163252
13 0.00321507 0.0114465 0.963185 0.00418061 0.0153406 0.00101092 0.00162111
22 0.919682 0.0598061 0.000331708 0.00834721 0.00131271 0.00766476 0.00285551
0 0.000652623 0.00256385 0.00280114 0.991728 0.000214797 0.000356122 0.00168389
5 0.0431255 0.889894 0.013187 0.0405055 0.00376368 0.00609326 0.00343137
5 0.0495419 0.919086 0.000704606 0.0213994 0.00142898 0.00619108 0.0016475
5 0.0496596 0.915716 0.00120178 0.0213586 0.00284963 0.00735613 0.00185834
13 0.00039696 0.000676008 0.964107 0.00243757 0.0166913 0.00827217 0.00741871
4 0.000177551 0.000676126 0.000917068 0.000189042 0.00450712 0.985855 0.00767852
11 0.0014996 0.00393437 0.0117235 0.0039199 0.952774 0.010036 0.0161124
19 0.00229666 0.00199475 0.00546496 0.0031132 0.0578262 0.00540201 0.923902
13 0.0021327 0.00829878 0.976744 0.0022031 0.00613321 0.000934968 0.00355363
11 0.000393153 0.000546327 0.00765954 0.00124922 0.932331 0.00602564 0.0517951
0 0.00535654 0.0287366 0.00210204 0.939478 0.00515142 0.0165332 0.00264248
11 0.00188691 0.00428384 0.0179529 0.00295724 0.936219 0.00768739 0.0290131
13 0.0039804 0.00650862 0.948732 0.0057551 0.0163135 0.0107751 0.00793575
4 0.00213236 0.00573331 0.00466296 0.00463813 0.00269109 0.97926 0.000881884
19 0.000728727 0.00121879 0.000190256 0.000844425 0.00320555 0.0023133 0.991499
19 0.00133968 0.00366173 0.00492813 0.00172784 0.0578325 0.0059683 0.924542
22 0.933861 0.0600431 0.000433148 0.00299686 0.000621744 0.000842373 0.00120203
13 0.00113644 0.00239065 0.987734 0.000508974 0.00605405 0.000782944 0.00139292
13 0.0005896 0.000503788 0.97595 0.00592206 0.00621273 0.000919813 0.00990244
0 0.0195693 0.0306535 0.00357948 0.939827 0.0011018 0.00463334 0.000635389
19 0.0010848 0.00113729 0.000477983 0.0052921 0.0249461 0.0145419 0.95252
5 0.0473646 0.900534 0.00180845 0.0408744 0.00059478 0.00790021 0.000924
22 0.927783 0.0360282 0.00397552 0.0182909 0.00243459 0.00881323 0.00267476
22 0.923504 0.0575882 0.00141503 0.0161388 0.000306737 0.00047428 0.000572507
5 0.0498192 0.913801 0.00163215 0.0216875 0.00476256 0.00553105 0.00276701
0 0.00846348 0.0480313 0.00220048 0.926479 0.00248447 0.00970786 0.00263354
22 0.919379 0.0598214 0.00340382 0.00960446 0.00105303 0.00448078 0.00225779
22 0.970262 0.0261633 0.000258328 0.00216635 0.00028156 0.000371456 0.000496975
5 0.032322 0.914025 0.00195868 0.04602 0.00127913 0.00350454 0.000890459
11 0.00104626 0.000848417 0.0189762 0.00388389 0.924803 0.000798313 0.0496437
11 0.0034193 0.003748 0.0137552 0.00482456 0.96196 0.00576171 0.00653152
22 0.917534 0.0592451 0.00445792 0.0123523 0.00194093 0.0024251 0.00204413
5 0.00334863 0.976889 0.00573641 0.00556493 0.0035463 0.00345288 0.00146143
5 0.02538 0.9022 0.00525402 0.0446344 0.00618177 0.013387 0.0029623
13 0.00018005 0.000352225 0.966295 0.00271523 0.0162801 0.00566469 0.00851255
19 0.000689189 0.00058369 0.000324484 0.000855985 0.0567584 0.00729576 0.933493
22 0.922156 0.0594911 0.00158709 0.0115421 0.000463282 0.0037773 0.000983375
22 0.988167 0.00665187 0.00060705 0.0010874 0.000264702 0.00247015 0.000751508
5 0.00371141 0.990816 0.000268667 0.00278029 0.000363401 0.0007026 0.00135792
11 0.00321499 0.0050041 0.00162286 0.00560464 0.970392 0.00776087 0.00640071
13 0.000975827 0.00186085 0.976131 0.000573109 0.0160016 0.000645961 0.00381152
0 0.00932928 0.051081 0.00257484 0.934954 0.000680353 0.000951122 0.000428924
4 0.00475971 0.00786374 0.00414227 0.00212442 0.00728479 0.971425 0.00239961
22 0.936367 0.060121 0.000385716 0.00215654 9.30318e-05 0.000425848 0.000450752
13 0.0027769 0.00989287 0.953322 0.00917448 0.0140717 0.00553791 0.00522458
22 0.917621 0.0398369 0.00525563 0.0203969 0.00216139 0.0122141 0.00251375
0 0.00977484 0.0351049 0.0120331 0.929775 0.00340989 0.00482508 0.00507769
11 0.00285256 0.00202671 0.0153886 0.00494405 0.943378 0.0026831 0.0287266
11 0.00481718 0.00472639 0.0142381 0.00378571 0.958327 0.00745514 0.0066502
22 0.930134 0.060049 0.00373074 0.00207632 0.0017196 0.00131628 0.000973649
11 0.00475683 0.00438871 0.0132275 0.00252036 0.966489 0.00710312 0.00151478
11 0.000658697 0.000746737 0.00586117 0.0016637 0.934379 0.00185454 0.054836
4 0.000723147 0.00335894 0.00197759 0.000554884 0.00582803 0.981398 0.006159
13 0.0101068 0.00739945 0.970872 0.00558603 0.00144779 0.00434834 0.000239665
19 0.00242634 0.00332311 0.0055866 0.00401171 0.0576879 0.00984443 0.91712
13 0.00526169 0.0114036 0.958523 0.00482802 0.0133202 0.00508537 0.00157799
11 0.00187797 0.00119343 0.0398289 0.00403414 0.900881 0.00532896 0.0468556
0 0.000936332 0.0119586 0.00140092 0.960605 0.00357011 0.00810593 0.0134234
22 0.949888 0.0268067 0.0021532 0.00817402 0.00237365 0.0088762 0.00172784
22 0.910769 0.0584811 0.0127271 0.00912106 0.00301825 0.0037552 0.00212873
5 0.0514699 0.914352 0.00688051 0.0206413 0.00109245 0.0044139 0.00114965
19 0.00256475 0.00289611 0.0186579 0.00569487 0.0493979 0.00632966 0.914459
