labels 22 5 4 13 0 11 19
22 0.960996 0.03368 0.000491794 0.00056462 0.00259383 0.00104999 0.00062339
5 0.105833 0.859098 0.00869045 0.00228997 0.0221893 0.00144186 0.000456661
4 0.00319492 0.015643 0.948689 0.0133761 0.00783475 0.00838125 0.00288051
13 0.000438787 0.00108676 0.000478679 0.979543 0.00631028 0.0106716 0.00147044
0 0.0100541 0.0747315 0.00926356 0.0196331 0.880628 0.0032209 0.00246916
4 0.0054922 0.0148426 0.947634 0.00749049 0.0184105 0.00399891 0.00213087
0 0.0213794 0.0733705 0.00178163 0.00237393 0.896931 0.00207505 0.00208895
13 0.00896872 0.0148392 0.00772705 0.958121 0.0081583 0.00151059 0.00067482
0 0.00719633 0.0269521 0.0127487 0.0183068 0.918972 0.0106086 0.00521547
13 0.000239744 0.00362172 0.000677488 0.951788 0.00175946 0.0391534 0.00276051
0 0.00705228 0.0532397 0.00485945 0.011358 0.911515 0.0114023 0.000573036
5 0.0121245 0.987166 2.84259e-05 0.000113625 0.000404339 5.1114e-05 0.000111978
4 0.0021709 0.00248534 0.943573 0.00679488 0.0193235 0.00542503 0.0202272
11 0.000127777 0.000220965 0.000802208 0.00181978 0.000141242 0.990108 0.00678052
11 0.00158768 0.0019168 0.00116501 0.0090643 0.00492573 0.592424 0.388917
0 0.000588738 0.00134896 0.00188771 0.012075 0.960168 0.0100699 0.0138616
4 0.00118795 0.0035149 0.975854 0.00066121 0.000231512 0.0119598 0.00659073
4 0.00571095 0.0152925 0.949902 0.00427738 0.0143777 0.00249884 0.00794056
4 0.00357188 0.0144391 0.941364 0.00558973 0.0158242 0.0149629 0.0042481
11 0.00520217 0.00441737 0.0153521 0.0241202 0.00513224 0.917909 0.0278666
0 0.000360839 0.00254061 0.0107858 0.00578456 0.955047 0.00709632 0.018385
11 0.000958648 0.000637121 0.00387408 0.0263477 0.00469261 0.896683 0.0668073
11 0.00344482 0.00962617 0.00821049 0.0381452 0.00633666 0.922877 0.0113599
13 0.0022334 0.000325093 0.00209205 0.962666 0.00599995 0.0260134 0.000669728
4 0.0054699 0.019774 0.955002 0.00187333 0.00226019 0.0142607 0.00135957
0 0.0175686 0.0822839 0.00580491 0.000157278 0.892525 0.000649112 0.00101095
4 0.000658131 0.0193217 0.967904 0.000355565 0.00197604 0.00762172 0.00216288
0 0.00268339 0.0279065 0.0118117 0.0164981 0.923149 0.00930673 0.00864442
0 0.0212919 0.0633435 0.00487736 0.00548806 0.900925 0.00244927 0.00162515
22 0.945754 0.0479082 0.000107418 0.000382906 0.00555111 6.67192e-05 0.000229253
22 0.953124 0.0377965 0.00134712 0.000173063 0.00676088 0.000247192 0.000551666
0 0.000971677 0.00742674 0.00518555 0.00299622 0.972332 0.00835953 0.00272871
22 0.882475 0.100118 0.00137825 0.001695 0.0129337 0.000807636 0.000592538
13 0.000846193 0.000420344 0.000294658 0.987905 0.00275545 0.00682068 0.000958131
5 0.0573258 0.843023 0.00519784 0.0113167 0.0747659 0.00562605 0.00274436
22 0.926305 0.0625491 0.0006514 0.00163324 0.00626412 0.00128223 0.00131499
11 0.00043821 0.00060847 0.00133988 0.00323148 0.00039137 0.965417 0.0285741
11 0.00186685 0.00220591 0.00787401 0.00352531 0.000406743 0.977787 0.00633442
13 0.00082727 0.000405952 0.000346903 0.989545 0.0024023 0.00382811 0.00264441
11 0.00373258 0.0029918 0.00488987 0.029941 0.00369106 0.893832 0.0609217
11 0.00164004 0.00207151 0.0112951 0.0111483 0.00604716 0.921071 0.0467267
5 0.0715977 0.813653 0.0411578 0.00939779 0.0486755 0.0109009 0.00461783
19 0.00355074 0.00520443 0.0267036 0.00138846 0.0121198 0.0342518 0.916781
0 0.0176305 0.0784812 0.0146029 0.0039412 0.883431 0.00133963 0.000573993
13 0.00748094 0.0214744 0.00931379 0.927225 0.00998478 0.0220121 0.00250853
11 0.000442719 0.00134017 0.00797608 0.0367115 0.00168186 0.93148 0.0203678
22 0.893023 0.100531 0.000469997 0.000967945 0.00372695 0.000689834 0.000590477
19 0.00116489 0.00219751 0.0012754 0.000138549 0.002504 0.00263322 0.990086
22 0.892451 0.100817 0.000159158 0.00151938 0.00374459 0.000624646 0.000683762
0 0.0250581 0.0927918 0.0103152 0.00230557 0.862806 0.00341017 0.00331323
19 0.0034912 0.00323376 0.0257307 0.000492846 0.00459147 0.0336281 0.928832
4 0.00970397 0.00228039 0.958393 0.00154546 0.0159354 0.00193551 0.0102063
19 0.00428751 0.00240521 0.0257099 0.0130778 0.0163458 0.0432461 0.894928
4 0.00200034 0.0119256 0.943876 0.00520836 0.01133 0.0143867 0.0112732
13 0.00433545 0.00614463 0.011077 0.91381 0.018486 0.0356832 0.0104638
22 0.93027 0.0272809 0.0027776 0.00539343 0.0280822 0.00266804 0.00352804
22 0.921892 0.0202801 0.0135599 0.00583923 0.0274509 0.00480087 0.00617661
5 0.10801 0.855534 0.000704481 0.000640003 0.0336699 0.000529051 0.000912352
19 0.000548834 0.000586524 0.00144572 8.07293e-05 0.000180528 0.00265923 0.994498
19 0.000163292 0.000254288 0.00371716 0.000840821 0.000978201 0.0494334 0.944613
19 0.00269949 0.00698561 0.00218887 0.000479693 0.000787484 0.000946203 0.985913
0 0.000132918 0.000288309 0.0205401 3.52633e-05 0.977325 0.000182533 0.00149606
22 0.894758 0.0837743 9.91248e-05 0.00144023 0.0193123 0.000347936 0.000268201
22 0.85896 0.0835128 0.032267 0.00445182 0.011839 0.00475913 0.00421034
19 0.00364217 0.0040847 0.0212284 0.000387025 0.00192812 0.0053732 0.963356
4 0.00825763 0.0235908 0.954358 0.000340157 0.00383848 0.00708986 0.00252546
13 0.00271763 0.00232197 0.0154076 0.921602 0.00818102 0.0350144 0.014755
19 0.000896448 0.001315 0.00219673 0.00374939 0.00885916 0.0671718 0.915811
5 0.106014 0.840141 0.00783529 0.00947218 0.0304288 0.00345985 0.00264882
13 0.00215352 0.00373461 0.0088427 0.955266 0.00662204 0.0194519 0.00392889
11 0.0013448 0.00203487 0.0118805 0.0095826 0.000573758 0.941432 0.0331519
11 0.00140094 0.00140508 0.0166175 0.0283204 0.00572409 0.938436 0.00809619
19 0.00418097 0.00689965 0.0117616 0.0134668 0.0108553 0.0670985 0.885737
5 0.0649566 0.879262 0.00321455 0.010989 0.0377078 0.002515 0.00135486
19 0.000439585 0.00116138 0.000236415 0.00028162 0.000892509 0.00838873 0.9886
19 0.000568865 0.00228748 0.000496406 0.000239034 0.000436687 0.00576738 0.990204
11 0.0026483 0.000432927 0.00509419 0.0366577 0.00470104 0.883558 0.0669082
13 0.00238274 0.00167692 0.013031 0.935737 0.00350191 0.0385796 0.00509044
0 0.0175692 0.0492252 0.00829522 0.0018103 0.921149 0.000948834 0.0010021
5 0.101249 0.845923 0.00753646 0.0178144 0.017336 0.0059476 0.00419448
5 0.0479916 0.819814 0.0490653 0.00913485 0.0553637 0.00621569 0.0124153
4 0.00427867 0.00518719 0.934773 0.00742058 0.0168108 0.0108665 0.0206631
13 0.00881921 0.00659735 0.0106976 0.931092 0.0032397 0.0380335 0.00152074
19 0.0037754 0.00339199 0.00836187 0.00205708 0.0153401 0.00420635 0.962867
13 0.00139293 0.00299403 0.00084197 0.977923 0.0139922 0.00171459 0.0011413
13 0.013267 0.013205 0.00169499 0.958024 0.00749493 0.00406882 0.00224548
13 0.000844346 0.000396959 0.00017444 0.978349 0.00118426 0.0100391 0.00901217
13 0.00488513 0.00255671 0.00170449 0.93327 0.011017 0.0373685 0.00919836
22 0.859555 0.0733737 0.0160805 0.00563561 0.0372516 0.00536753 0.00273588
22 0.895833 0.100782 8.82742e-05 5.76041e-05 0.00263129 0.000342072 0.000265122
11 0.00183435 0.00441191 0.00242545 0.0370619 0.00773753 0.93433 0.0121988
22 0.958134 0.0304118 0.00214436 0.000875536 0.00742267 0.000604795 0.00040726
11 0.000325493 0.000563473 0.00133506 0.0279502 0.00178159 0.96448 0.00356447
22 0.933367 0.0554262 0.000206128 7.49258e-05 0.00987945 0.000611092 0.000434736
0 0.06154 0.0461956 0.00164846 0.000782701 0.888253 0.000802988 0.000776843
19 0.00217904 0.00187003 0.0125389 0.000465402 0.00286718 0.00192424 0.978155
13 0.00334591 0.00345699 0.0011956 0.98182 0.00232474 0.00649961 0.00135735
19 0.00264763 0.00674029 0.0109412 0.00779219 0.0102101 0.0675812 0.894087
22 0.987031 0.0106438 0.000643749 0.000155949 0.000875719 0.000303793 0.000345881
0 0.000309219 0.000273618 0.00421856 0.00898091 0.958434 0.00874288 0.0190407
13 0.000168744 0.000333263 0.00167411 0.936298 0.00333591 0.0399715 0.0182181
5 0.0340463 0.962431 0.000189378 0.000636305 0.00225295 0.000235104 0.000208494
19 0.00195907 0.00166458 0.00208131 0.0112454 0.00598935 0.0676673 0.909393
22 0.894165 0.100714 2.05481e-05 6.47764e-06 0.00494178 3.50811e-05 0.000116834
0 0.0185481 0.0514597 0.00424138 0.00178169 0.922534 0.000800623 0.000634757
5 0.238642 0.71727 0.000654116 0.0150357 0.0225397 0.00419225 0.00166605
0 0.0135637 0.0501911 0.0162788 0.0155066 0.885516 0.0114584 0.00748552
19 0.000465171 0.000298418 0.00513234 4.89005e-05 0.0018864 0.00508101 0.987088
5 0.106945 0.878713 0.0002684 0.00671927 0.00544792 0.000952957 0.000952891
5 0.0123907 0.940697 0.0043299 0.00579009 0.0331371 0.00257327 0.00108204
13 0.00140469 0.000856272 0.000867431 0.949396 0.00741996 0.037781 0.00227478
4 0.00122147 0.00459424 0.951684 0.00431091 0.0061607 0.00980723 0.022221
11 0.00169496 0.00266177 0.0103623 0.0120683 0.00437098 0.942889 0.0259529
13 0.000937697 0.00115166 0.0039806 0.945253 0.0100966 0.0302696 0.00831071
13 0.000552433 0.000327903 0.00354834 0.924621 0.00785601 0.0390581 0.0240359
22 0.863672 0.106779 0.00196825 0.00326127 0.0198884 0.00347689 0.000954904
22 0.946002 0.0492706 2.21515e-05 0.00152367 0.00282559 0.000188286 0.000167841
22 0.871532 0.0994865 0.00670179 0.000966264 0.0151121 0.00445048 0.00175121
22 0.879446 0.0426452 0.0280675 0.00861946 0.0304031 0.00538728 0.0054317
5 0.10884 0.888852 0.000433678 5.29915e-05 0.00140832 0.000149983 0.000262686
22 0.880955 0.0621898 0.00951953 0.00591321 0.0351367 0.00440075 0.00188482
22 0.862944 0.0693922 0.0205673 0.00425352 0.0351254 0.00368142 0.00403624
5 0.102543 0.859817 0.00912288 0.00991815 0.00564202 0.0105448 0.0024124
0 0.00415498 0.084782 0.00164389 0.0130439 0.887513 0.00717546 0.00168707
11 0.00256807 0.00946486 0.00174897 0.0367948 0.0064123 0.940902 0.00210877
11 0.00429015 0.00822535 0.0126205 0.00427614 0.00123104 0.958729 0.0106277
22 0.874068 0.0996028 0.00724692 0.00530272 0.00867953 0.00242259 0.00267702
22 0.912568 0.0652841 0.00719778 0.00252884 0.00954864 0.00195906 0.000913437
22 0.895538 0.100949 2.45621e-05 7.24381e-05 0.00295001 0.000180556 0.000284705
13 0.00322339 0.0113693 0.00866076 0.95757 0.0123144 0.00608026 0.000781653
11 0.00587724 0.0106632 0.0167264 0.0108054 0.00759341 0.924226 0.0241083
0 0.00135577 0.00106057 0.0131468 0.00301712 0.970597 0.00108998 0.00973272
13 0.00187009 0.00420506 0.00751344 0.928582 0.010566 0.0398293 0.00743382
5 0.0497987 0.845531 0.0121371 0.00687686 0.0736926 0.00630508 0.00565838
19 0.000321948 0.000199116 0.00391982 5.94606e-05 0.0017312 0.0208357 0.972933
11 0.000138931 0.000317088 0.000615054 0.03668 0.00141591 0.958653 0.00218002
19 0.00225265 0.00385985 0.0182523 0.00777321 0.0106644 0.0342747 0.922923
11 0.0030581 0.00683929 0.0125817 0.00894103 0.00253676 0.957289 0.00875364
0 0.0015985 0.00393258 0.00590064 0.000126548 0.987348 0.000361034 0.00073284
5 0.106849 0.855639 0.00173786 0.00759446 0.0209436 0.00399986 0.00323685
4 0.00469458 0.00279955 0.96656 0.00406782 0.0168825 0.00162752 0.0033681
0 0.0105317 0.0781383 0.010384 0.0138564 0.884265 0.00167232 0.00115201
19 0.00121782 0.00514832 0.00513979 0.000509015 0.0012881 0.00963593 0.977061
0 0.0145664 0.0487151 0.000566372 0.000182421 0.935597 0.00022087 0.00015138
5 0.0546379 0.878816 0.0241468 0.0113282 0.025649 0.00431202 0.00110966
5 0.106198 0.817684 0.0109929 0.00939281 0.0447052 0.00621175 0.0048154
22 0.948504 0.0278065 0.000353288 1.84649e-05 0.0229307 0.000204068 0.000182686
19 0.000267989 0.0007266 0.000793789 2.75523e-05 0.000212494 0.00281267 0.995159
0 0.00462616 0.0494081 0.00116093 0.0105798 0.925309 0.00820922 0.000706993
22 0.887725 0.0943734 0.000782433 0.000181877 0.0152634 0.000758737 0.000914666
22 0.960642 0.00397119 0.00233764 0.00318499 0.0248732 0.00122179 0.00376951
22 0.875799 0.0991202 0.00173469 0.00164869 0.0208228 0.000503107 0.000371278
19 0.00330674 0.00279816 0.0125082 0.0283643 0.0230046 0.0390468 0.890971
22 0.867167 0.0914806 0.00115224 0.00077522 0.0326183 0.00333529 0.00347136
13 0.00119175 0.00160375 0.00205184 0.952205 0.0020579 0.0390085 0.00188076
19 0.000588157 0.00168931 0.0145539 0.00373274 0.00372377 0.0658702 0.909842
4 0.00986316 0.00852292 0.958969 0.000502471 0.00679854 0.00954456 0.00579934
5 0.0538847 0.779209 0.0385475 0.00378956 0.109915 0.0104599 0.00419419
22 0.84349 0.143426 0.00129265 0.000885888 0.009783 0.000361068 0.000761929
5 0.107288 0.874505 0.000442794 0.00193175 0.0135293 0.00157837 0.000724339
4 0.00496813 0.0117066 0.955429 0.00647842 0.0178826 0.00147203 0.00206268
4 0.00680419 0.00201768 0.956998 0.00723643 0.00233671 0.0134979 0.0111087
22 0.538406 0.399362 0.019798 0.0231828 0.0114917 0.00423093 0.00352852
5 0.10674 0.82185 0.00820518 0.0149221 0.037769 0.00675564 0.00375801
19 0.000823096 0.000839942 0.00531531 0.00846834 0.00189445 0.0676288 0.91503
22 0.895976 0.100956 0.000178436 0.000245418 0.00175787 0.000543861 0.000342517
22 0.946984 0.0485192 0.00158092 0.000550751 0.000841811 0.000808088 0.000715403
5 0.0549974 0.824271 0.00852062 0.0289661 0.0687426 0.00833075 0.00617205
5 0.383784 0.578906 0.0087631 0.000234851 0.02652 0.000594652 0.0011979
5 0.00773678 0.950506 0.00990254 0.000307666 0.0223684 0.00454698 0.00463207
11 0.000347335 0.000585596 0.00517129 0.0149617 0.00113919 0.907059 0.0707357
11 0.00110711 0.00115404 0.0155975 0.0125684 0.00624892 0.932273 0.0310514
11 0.000333407 0.000877363 0.00100065 0.03671 0.000779531 0.955651 0.00464787
22 0.989574 0.00185025 0.00355365 0.000975247 0.00234755 0.000964975 0.000734631
11 0.000275203 0.000176497 0.00104611 0.0216328 0.00340349 0.901913 0.0715527
4 0.00885542 0.0131184 0.943177 0.00696949 0.0142278 0.0103602 0.00329187
13 0.00620104 0.00931775 0.014362 0.929133 0.0107175 0.027533 0.00273567
13 0.00284132 0.0217851 0.0117689 0.924301 0.0119894 0.0269583 0.000356045
11 0.000293902 0.000284703 0.000624793 0.00654121 0.000316925 0.970762 0.0211762
5 0.0506197 0.837862 0.0110509 0.0110354 0.0726249 0.0135636 0.00324325
5 0.0814798 0.79975 0.0219368 0.017165 0.065626 0.00931953 0.00472321
0 0.00808895 0.082575 0.00235248 0.00377785 0.90198 0.000644167 0.000581628
11 0.00171761 0.000611317 0.00165268 0.0281745 0.00271132 0.894005 0.0711279
4 0.00196582 0.00270711 0.96196 0.00662434 0.00648356 0.0126972 0.00756154
22 0.986334 0.00928798 0.000120904 0.00129496 0.00176189 0.000530253 0.000670151
0 0.00621521 0.0330546 0.0174476 0.0198748 0.900694 0.0126689 0.0100453
5 0.249754 0.70537 0.00566621 0.00936182 0.0240033 0.0039998 0.00184514
11 0.00111747 0.000449765 0.000186113 0.0367544 0.00182174 0.958446 0.00122458
22 0.888216 0.049392 0.0124579 0.0219755 0.0216629 0.00428181 0.0020144
19 0.00272474 0.00678088 0.0218926 0.00174067 0.00557135 0.029393 0.931897
11 0.00104172 0.00168357 0.00153279 0.0406081 0.000620768 0.892683 0.0618302
5 0.0410639 0.953847 0.000294688 0.000201909 0.0033163 0.00042089 0.000855009
22 0.862642 0.0912068 0.0079223 0.00169505 0.0325999 0.00264421 0.00128935
4 0.0141137 0.0220148 0.950826 0.0037489 0.00642681 0.00265194 0.0002173
19 0.00373217 0.00501209 0.0190598 0.0173746 0.0122959 0.0477551 0.89477
11 0.0030925 0.00842825 0.00814107 0.0488735 0.00938265 0.886104 0.0359781
0 0.0143929 0.0443446 0.0103551 0.000988088 0.92814 0.000844177 0.000934712
11 0.000110212 0.000153293 0.0021242 0.02128 0.000328677 0.971236 0.0047676
5 0.100629 0.857321 0.00259792 0.00160479 0.035269 0.00141194 0.00116626
13 0.000243022 0.00028455 0.000206353 0.945999 0.00127449 0.0393399 0.0126527
22 0.885843 0.0446069 0.00186738 0.028956 0.0299735 0.005894 0.00285976
0 0.0147273 0.0635931 0.0214146 0.00244508 0.89354 0.00323548 0.00104395
19 0.00365435 0.00614336 0.0282202 0.00607735 0.00894627 0.0427866 0.904172
19 0.00345505 0.00560658 0.0177733 0.0144972 0.0225508 0.06109 0.875027
0 0.0210578 0.0572584 0.00171317 0.00145727 0.917187 0.000857637 0.000468725
13 0.000250671 0.000625698 0.00230028 0.94645 0.0133532 0.0300067 0.00701391
13 0.00374641 0.000732132 0.00668111 0.952256 0.0111699 0.0149294 0.0104854
19 0.0033816 0.00556359 0.0262321 0.00842045 0.00404241 0.0479862 0.904374
0 0.00851279 0.0579042 0.0314213 0.00837878 0.883508 0.00386617 0.00640892
0 0.0132544 0.0275093 0.0125957 0.000611251 0.944815 0.00069715 0.000517473
4 0.000893697 0.00131174 0.975213 0.000321173 0.00316669 0.00132744 0.0177666
19 0.00336428 0.00624313 0.00627194 0.0305077 0.0168739 0.0645925 0.872147
22 0.890864 0.10057 9.58455e-05 1.11298e-05 0.00811493 8.7532e-05 0.000256919
19 0.000264726 0.000268646 0.003844 1.43185e-05 0.00060828 0.002322 0.992678
22 0.952289 0.0284089 0.00311512 0.000603929 0.0141428 0.00052747 0.000912418
19 0.00332825 0.00389651 0.00949216 0.0197485 0.00264667 0.0671229 0.893765
22 0.859895 0.11065 0.00165186 0.00269968 0.0242217 0.000571687 0.000310332
11 0.00088346 0.0016557 0.0185634 0.00787176 0.00177409 0.922603 0.0466489
11 0.00483451 0.00487982 0.00248342 0.0366903 0.007761 0.9424 0.000950856
13 0.00271941 0.000935397 0.00509203 0.940587 0.00968363 0.0394853 0.00149709
0 0.00146765 0.0127614 0.0216543 0.00272129 0.950945 0.00597503 0.00447495
19 0.000436708 0.000339629 0.00719644 0.000699712 0.00117556 0.0204829 0.969669
0 0.0220433 0.0729008 0.00291726 0.0042007 0.894776 0.00265367 0.000507808
0 0.00565019 0.0349313 0.0235196 0.0149419 0.900677 0.00762656 0.0126536
22 0.938662 0.0562905 0.00026518 0.000128877 0.00384938 0.000437862 0.000366157
22 0.876755 0.0695992 0.0189443 0.00620853 0.0223535 0.00357077 0.00256918
11 0.00456691 0.00688645 0.012137 0.0149104 0.0225712 0.9162 0.022728
22 0.891487 0.0988105 0.00101466 0.000156148 0.00819277 0.000122663 0.000215918
22 0.852812 0.120062 0.00640146 0.00574582 0.00731708 0.00448621 0.00317589
11 0.00287175 0.00106499 0.00416046 0.0116662 0.00468244 0.904688 0.0708661
22 0.844591 0.0863381 0.0107395 0.0192603 0.0233276 0.012687 0.00305655
4 0.00378519 0.00429363 0.932431 0.010021 0.0117951 0.0124105 0.0252631
13 0.00711786 0.00807414 0.00336402 0.943128 0.00870204 0.0191206 0.0104933
11 0.000366584 0.00156988 0.00473009 0.00626018 0.000743945 0.964525 0.0218046
22 0.941172 0.0186109 0.0217326 0.000210589 0.0162658 0.000519714 0.00148844
11 0.00264684 0.00248682 0.00134993 0.0198137 0.00579879 0.896735 0.0711687
11 0.000177637 0.000180873 0.000883859 0.0206164 0.00530369 0.901352 0.071485
0 0.0165743 0.0770174 0.00985033 0.0108084 0.86533 0.0177459 0.00267403
5 0.135875 0.8143 0.00982228 0.000477582 0.0365129 0.000870791 0.00214146
22 0.99531 0.00204673 0.00121823 0.000882381 0.000174948 0.000137862 0.000229615
22 0.879584 0.0529096 0.0194152 0.00352724 0.0360509 0.00274778 0.00576508
13 0.00185164 0.00279397 0.00734525 0.922248 0.0127915 0.0396217 0.013348
11 0.00299857 0.0115016 0.0182464 0.0121737 0.00582844 0.915563 0.0336882
0 0.0170102 0.0477494 0.00799397 0.00174206 0.918391 0.0050673 0.00204633
13 0.00547607 0.00742579 0.00333773 0.949027 0.00246282 0.0307265 0.00154419
19 0.00343916 0.00662998 0.00874224 0.0103795 0.00856498 0.0672737 0.89497
13 0.00173991 0.0197927 0.0145132 0.924367 0.00852809 0.0294473 0.00161192
5 0.0771621 0.919448 5.25764e-05 0.0009335 0.00197118 0.000150936 0.000282032
22 0.868607 0.0993543 0.00907773 0.00199861 0.01623 0.00332511 0.00140733
5 0.106325 0.860529 0.00626909 0.00268338 0.020219 0.00212727 0.00184694
22 0.890191 0.100459 0.000915935 0.00217781 0.0039284 0.00157574 0.000751968
0 0.00425278 0.0421915 0.00307473 0.0104378 0.926187 0.0128846 0.000971476
13 0.000276454 0.000139018 0.000196009 0.941956 0.00282653 0.0398018 0.0148042
13 0.00637207 0.000986789 0.000564229 0.989397 0.000735946 0.00156604 0.000377812
5 0.108752 0.887498 0.000127756 0.000141322 0.00322466 0.000134076 0.000122203
11 0.000682925 0.00230442 0.00515406 0.0429086 0.00677527 0.891398 0.0507768
0 0.0103572 0.0852977 0.00612965 0.00801695 0.881188 0.00559156 0.00341935
4 0.00752772 0.011904 0.940913 0.00729147 0.0120572 0.0154094 0.00489727
4 0.0082697 0.0220583 0.941577 0.00245442 0.00657569 0.0149766 0.00408837
0 0.0514265 0.158295 0.0188805 0.0287596 0.728479 0.00909069 0.00506926
13 0.00155838 0.0136554 0.00676224 0.933004 0.0162705 0.0245006 0.00424854
11 0.00123195 0.0073809 0.00691491 0.0151013 0.0123783 0.942745 0.0142472
11 0.000406541 0.000504515 0.00896896 0.0103909 0.0108207 0.951071 0.0178376
0 0.0104076 0.0817057 0.0152728 0.00327554 0.881943 0.00414353 0.00325174
19 0.00356179 0.00242125 0.012922 0.00194218 0.00245097 0.0678614 0.90884
13 0.00107551 0.000385075 0.00223796 0.974771 0.0111867 0.00388931 0.00645444
19 0.00283198 0.00387041 0.00416523 0.000455366 0.000752767 0.00135075 0.986573
22 0.966062 0.00955729 0.000539156 0.0100187 0.00380183 0.00683365 0.0031874
22 0.88334 0.10017 0.00234345 0.000655212 0.012807 0.000327646 0.000356452
13 0.000434178 0.00125527 0.00352701 0.933248 0.0119105 0.0383484 0.0112764
22 0.931925 0.0308439 0.00408227 0.00255612 0.0284024 0.00107586 0.00111416
11 0.00100826 0.00404664 0.00442584 0.0193247 0.00165863 0.96548 0.00405593
19 0.00175738 0.000891855 0.00519753 0.00131167 0.000390337 0.0677902 0.922661
22 0.746668 0.184524 0.0205297 0.0114117 0.0277709 0.00491267 0.00418296
19 0.000509791 0.000111123 0.000221211 6.27595e-06 8.43425e-05 0.000195514 0.998872
19 0.00330989 0.0026455 0.0125452 0.000377778 0.00386391 0.0212775 0.95598
22 0.932799 0.0344127 0.00276739 0.000138977 0.0291147 0.000277086 0.000489818
22 0.965566 0.0333488 8.40693e-06 1.8189e-05 0.000963909 1.47729e-05 7.97768e-05
5 0.108346 0.883498 0.000407179 5.89647e-05 0.00742517 5.88236e-05 0.000205768
4 0.00766173 0.00725405 0.950514 0.00897934 0.00869781 0.0134072 0.003486
11 0.000265904 0.00078805 0.000276693 0.0387628 0.00150226 0.931588 0.0268159
5 0.107375 0.870967 0.000501588 0.00388182 0.0141868 0.00222787 0.000859763
4 0.0144369 0.0201249 0.957147 0.000237466 0.00655802 0.000344249 0.00115186
11 0.00161046 0.00250768 0.0199545 0.0163376 0.00423118 0.889455 0.0659038
19 0.00116546 0.00147136 0.00140308 9.17543e-05 0.000243946 0.000193438 0.995431
22 0.925881 0.0461276 0.0131701 0.00734534 0.00421236 0.00253618 0.000727264
4 0.00106503 0.00148087 0.947367 0.00658392 0.00732654 0.0153064 0.02087
0 0.000443797 0.0026435 0.00974575 0.00775193 0.952877 0.00765972 0.018878
5 0.106201 0.8383 0.00759216 0.0117625 0.0321656 0.0021424 0.00183647
4 0.00272838 0.00674885 0.939053 0.00984131 0.0197111 0.00631275 0.0156045
13 0.00826492 0.0152127 0.00343157 0.93821 0.00790133 0.0189046 0.00807502
22 0.914756 0.0825444 0.00072818 0.000218714 0.000811765 0.000313913 0.000627411
13 0.00580634 0.0144049 0.00324683 0.925404 0.00817254 0.0386054 0.00436001
11 0.000214661 0.000471285 0.00363275 0.0288519 0.00568134 0.890156 0.0709916
22 0.940836 0.0399893 0.000967155 0.00119705 0.0161319 0.000606378 0.000272213
11 0.0059765 0.00862287 0.0108332 0.03513 0.0162988 0.915428 0.00771099
4 0.0109534 0.00480925 0.94732 0.00474792 0.017704 0.00205477 0.0124102
22 0.936026 0.0520341 0.000373274 0.000171489 0.0105901 0.000345379 0.000459808
19 0.00387589 0.00191035 0.0212638 0.00100914 0.00189921 0.00812875 0.961913
19 0.00357024 0.00959972 0.00332693 0.0117688 0.00811866 0.0161603 0.947455
22 0.955662 0.0398552 9.25069e-05 1.37635e-05 0.00412788 6.51988e-05 0.000182991
4 0.000982848 0.00278148 0.957087 0.00114028 0.00609414 0.0127074 0.019207
13 0.00279657 0.00579917 0.000589457 0.953205 0.00508513 0.0291682 0.00335659
22 0.891726 0.100243 0.000292749 4.74932e-05 0.00740397 9.0156e-05 0.00019688
0 0.000450615 0.00653823 0.000275479 0.000366949 0.992035 0.000229931 0.00010351
5 0.0186177 0.884005 0.00985331 0.0228127 0.0598167 0.00395728 0.000936929
4 0.00712355 0.00324164 0.950279 0.00566937 0.0101536 0.0103365 0.0131959
22 0.861199 0.0970798 0.00250408 0.018989 0.013484 0.00379337 0.00295107
5 0.108562 0.885401 0.000108886 0.000112985 0.00474941 0.00043067 0.000635674
22 0.873498 0.0994592 0.00420103 0.00039905 0.0181554 0.00295306 0.00133433
0 0.010657 0.0849395 0.00164914 0.000304052 0.901175 0.000522485 0.000753147
5 0.00567835 0.910923 0.00150647 0.0132337 0.0670089 0.00114774 0.000501798
11 0.000795356 0.000969328 0.00229118 0.0130106 0.000408101 0.919224 0.0633018
11 0.00197907 0.0087698 0.0139394 0.00497405 0.0052339 0.946488 0.0186155
4 0.0135454 0.0224734 0.946538 0.00253877 0.00875683 0.00530389 0.000844027
11 0.00259014 0.00118291 0.0110889 0.0401854 0.00294921 0.906849 0.0351541
5 0.0792001 0.855886 0.00335453 0.00900849 0.0464251 0.0013959 0.0047295
22 0.958305 0.0171952 0.00842538 0.00431328 0.00967897 0.00124404 0.000837789
22 0.501037 0.474985 0.000434642 0.000332213 0.0212028 0.000884488 0.00112335
22 0.866522 0.0759667 0.00290813 0.00937603 0.037864 0.00465338 0.0027097
22 0.885221 0.100092 0.00164414 0.00305894 0.00354939 0.00446879 0.0019651
19 0.00142345 0.00191354 0.00753178 0.000106864 0.000262071 0.00309346 0.985669
13 0.0100998 0.00338856 0.00265317 0.962603 0.006264 0.0128332 0.00215827
13 0.000604115 0.00046933 0.0064169 0.95607 0.0128763 0.0183898 0.00517388
13 0.00610816 0.00656174 0.0203077 0.914982 0.00664985 0.0376177 0.0077725
22 0.961923 0.0333864 2.24758e-05 0.000927467 0.00268375 0.000632407 0.000424376
5 0.107609 0.864664 0.00156864 0.000213437 0.0241677 0.000567517 0.00120977
4 0.0124238 0.0141315 0.961476 0.00344023 0.00481094 0.00287177 0.000845435
22 0.932955 0.0570025 0.000667704 2.76295e-05 0.00914789 3.69959e-05 0.000161902
0 0.000752101 0.00210281 0.0204914 0.000473419 0.974197 0.000493174 0.00149024
5 0.0550158 0.86106 0.00182941 0.00330143 0.0740828 0.00340259 0.00130756
5 0.12281 0.829666 0.000639671 0.00020253 0.0454809 0.00035457 0.000846216
22 0.892727 0.100369 0.000369945 0.000114787 0.00420987 0.00163345 0.000576277
11 0.0014716 0.00313891 0.0141506 0.0241661 0.0102383 0.929675 0.0171592
22 0.889877 0.0801422 0.000661383 0.00561674 0.0212314 0.00128076 0.00119009
5 0.0733591 0.85152 0.000436928 0.000868589 0.0725634 0.000669439 0.000582794
19 0.00367005 0.00299107 0.0151329 0.0244198 0.0068633 0.0647459 0.882177
22 0.986826 0.00709667 0.000191287 0.00335887 0.00102274 0.000742003 0.000762824
13 0.0054432 0.00222568 0.00432305 0.933616 0.00998704 0.0389674 0.0054377
22 0.883901 0.100251 0.000200985 4.71527e-05 0.015076 0.000284402 0.000239321
0 0.00317723 0.0117973 0.0086353 0.00479835 0.969202 0.00150252 0.00088703
11 0.00264511 0.00153189 0.00471358 0.0422329 0.00348674 0.899817 0.0455727
19 0.00057931 0.0011959 0.011322 0.000110701 0.00240854 0.00859289 0.975791
4 0.00767225 0.0190181 0.949099 0.00520364 0.0151177 0.00330899 0.000580051
22 0.874841 0.0934096 0.000141427 0.000130316 0.0311537 0.000147706 0.000176223
11 0.000633207 0.000806547 0.00360321 0.0137958 0.00426396 0.842484 0.134413
13 0.0070414 0.00135272 9.44358e-05 0.988478 0.000682066 0.00196762 0.000383312
4 0.0039744 0.0249757 0.954675 0.000444116 0.010254 0.00388193 0.0017952
5 0.00715284 0.989547 0.000108875 0.000284145 0.0023039 0.000369184 0.000234044
22 0.984197 0.00350003 0.00401976 0.00460495 0.00182851 0.00123286 0.000616913
0 0.000878148 0.00121552 0.0196554 0.0118392 0.957011 0.0011722 0.00822811
0 0.0227213 0.0722044 0.00251904 0.0018759 0.897829 0.000675456 0.00217508
5 0.0370409 0.85148 0.0118162 0.0330193 0.0543275 0.00961052 0.00270605
11 0.000515288 0.000479593 0.000986121 0.00192284 0.000801519 0.963769 0.0315256
22 0.888777 0.10044 0.000588042 0.000365901 0.00846813 0.000704812 0.000655549
4 0.0064008 0.0144876 0.951209 0.00213916 0.0105013 0.0110832 0.00417892
11 0.000619764 0.000699684 0.00174238 0.0289716 0.00648946 0.890665 0.0708124
11 0.00489465 0.00937174 0.0169873 0.0391602 0.00607327 0.905048 0.0184652
11 0.00206338 0.00383161 0.0093085 0.0108564 0.0096164 0.959923 0.004401
11 0.000243468 0.000222511 0.00271965 0.0382689 0.00118001 0.892109 0.065256
11 0.00238708 0.00448957 0.0027152 0.0368356 0.00553937 0.940673 0.00736048
11 0.00347153 0.0105657 0.0052584 0.0374072 0.00812793 0.923705 0.0114638
13 0.00212371 0.0013266 0.000952259 0.963383 0.00467645 0.0155362 0.0120021
11 0.00094606 0.00142099 0.0122995 0.00253738 0.000561376 0.962741 0.0194934
19 0.00370254 0.00644302 0.018206 0.0016909 0.00390342 0.0155017 0.950552
5 0.107623 0.872038 0.00288964 0.00027093 0.0158185 0.000489547 0.000870882
13 0.000980604 0.00346261 0.00023835 0.990271 0.00137539 0.00317363 0.000497948
5 0.107457 0.860926 0.000878333 0.000766931 0.0269081 0.00202501 0.00103838
0 0.00118741 0.00887888 0.000431385 0.00141045 0.98739 0.000453292 0.000249045
22 0.857891 0.0965172 0.0061518 0.0062963 0.0259505 0.00500424 0.00218879
22 0.95203 0.0343778 0.0107366 9.68785e-05 0.000862812 0.00125682 0.000638832
5 0.107725 0.866459 0.000282772 0.000409382 0.0245639 0.000297213 0.00026334
0 0.00794136 0.031933 0.000391561 0.00299538 0.955049 0.00146056 0.000229549
22 0.874841 0.0993913 0.0119484 0.00346185 0.00349098 0.00502516 0.00184163
5 0.108141 0.79787 0.00861017 0.0264931 0.0436876 0.0091696 0.00602928
13 0.00133053 0.00278145 0.00526026 0.929891 0.00386672 0.039733 0.0171374
5 0.107913 0.876036 0.000984231 0.000170756 0.0138091 0.000595312 0.000491731
22 0.908294 0.0851841 0.000136666 0.000728386 0.00470813 0.000323143 0.00062521
13 0.00629269 0.00383363 0.000892416 0.945759 0.00102274 0.0390784 0.00312077
13 0.0110889 0.0210438 0.00202397 0.932812 0.0114182 0.0200614 0.0015516
11 0.00113085 0.00356424 0.000924833 0.00180083 0.00104563 0.986168 0.00536587
5 0.0274426 0.951286 0.000709871 0.000571785 0.0167924 0.00198841 0.00120888
22 0.873454 0.0492605 0.0259323 0.00436624 0.0339206 0.00330272 0.00976372
19 0.000697868 0.00135276 0.0151134 0.000399752 0.00331512 0.0591322 0.919989
22 0.889233 0.100353 0.00107316 0.000365997 0.007125 0.000919053 0.000930189
22 0.876591 0.0979115 0.000140106 2.01624e-05 0.0248525 0.00010417 0.000380946
5 0.0153593 0.889768 0.01241 0.00542387 0.0699099 0.0028281 0.00430072
22 0.894095 0.100798 0.000206222 0.000124022 0.00390807 0.000316519 0.000552298
11 0.00122075 0.00250424 0.00385889 0.0412602 0.0101415 0.882671 0.0583437
13 0.00427153 0.00723373 0.00450824 0.961934 0.0146414 0.0049923 0.0024193
0 0.0019974 0.0207586 0.0258149 0.00696749 0.905828 0.0243667 0.0142669
19 0.00326003 0.00373134 0.021277 0.0101481 0.0220387 0.0591584 0.880386
0 0.0201184 0.0547729 0.00250839 0.0014391 0.919433 0.000952413 0.000775855
0 0.0045334 0.00556609 0.0126985 0.0135079 0.955974 0.00266598 0.00505413
0 0.0125468 0.0210937 0.00869812 0.00272253 0.952696 0.000681642 0.00156132
4 0.00130701 0.00121705 0.985126 0.000852744 0.00157781 0.00200022 0.00791941
4 0.000793707 0.00249037 0.985409 0.000975932 0.00117315 0.00522902 0.00392843
13 0.00520414 0.00443914 0.00440775 0.96674 0.0143813 0.00444489 0.000382811
19 0.00352145 0.00522229 0.0233477 0.0108405 0.00820777 0.0652679 0.883592
22 0.893878 0.100679 0.000507063 0.000986298 0.00300901 0.000560124 0.00037998
0 0.0028685 0.086957 0.00178965 0.00075026 0.898715 0.00726887 0.00165046
0 0.00617227 0.0359608 0.0276104 0.0147425 0.873696 0.0155334 0.0262848
13 0.0056565 0.00793018 0.00373595 0.928926 0.0182559 0.0324414 0.00305431
22 0.972443 0.0120884 0.00687145 0.00131326 0.00588097 0.000852498 0.000549974
11 0.00305612 0.000818034 0.0028649 0.0235889 0.00514361 0.89315 0.0713787
5 0.0944141 0.842791 0.0305293 0.00600744 0.0152765 0.00909522 0.00188675
22 0.941382 0.0166544 0.00741938 0.00630508 0.0205832 0.00386083 0.00379475
22 0.8869 0.100363 0.00137546 0.00183835 0.00549569 0.00288662 0.00114035
13 0.00451803 0.0156418 0.000862936 0.960619 0.00840885 0.00888006 0.00106907
0 0.0204064 0.0556585 0.000823751 0.000351244 0.921929 0.000509132 0.000321565
13 0.00326342 0.00185828 0.0013554 0.936501 0.0036728 0.0389779 0.0143711
22 0.889489 0.0590986 0.013404 0.0046967 0.0263049 0.00380367 0.00320284
13 0.00360595 0.00679403 0.00857202 0.929782 0.00361469 0.03765 0.00998177
11 0.000297625 0.000354297 8.69915e-05 0.00518087 0.00131331 0.990587 0.00217952
13 0.00458241 0.00875075 0.00729514 0.915126 0.00978644 0.0400824 0.0143768
13 0.0107481 0.0130908 0.00577662 0.916159 0.0160227 0.0345856 0.00361676
13 0.000806521 0.00327538 0.00617544 0.936169 0.00341211 0.039314 0.0108474
4 0.00589181 0.0127301 0.946056 0.00168938 0.0186783 0.00162498 0.0133295
13 0.00495778 0.0025521 0.00181343 0.933945 0.014286 0.0380044 0.00444175
13 0.00657234 0.0101205 0.009036 0.929886 0.00406805 0.0394045 0.000912295
22 0.942568 0.0416073 0.00149377 0.000775322 0.0126956 0.000295954 0.000564249
5 0.0480421 0.840959 0.0141446 0.0307052 0.0413714 0.0182522 0.00652596
22 0.947474 0.0201905 0.00102093 0.00754295 0.0181449 0.0038907 0.00173563
22 0.949419 0.0414512 0.000746897 0.000213649 0.00776656 0.000175835 0.000227133
22 0.869182 0.123007 0.00169638 0.000660468 0.00346242 0.00134147 0.000649759
22 0.993595 0.00575714 0.000233886 3.4499e-05 0.000118154 9.81579e-05 0.000162859
22 0.934672 0.0505421 0.000569558 0.000235937 0.0127135 0.000682401 0.000584354
4 0.0112688 0.00916603 0.968409 0.000283795 0.00397325 0.00549265 0.00140606
13 0.000318495 0.00022315 0.00011231 0.988442 0.00105807 0.00905062 0.00079563
13 0.00255161 0.00777249 0.00334132 0.910359 0.0137935 0.035233 0.026949
22 0.920461 0.0598797 0.0078981 0.000936518 0.00583157 0.00369708 0.00129648
13 0.00562536 0.020467 0.00220421 0.933155 0.00306247 0.0344296 0.00105612
22 0.874682 0.0992969 0.0104785 0.000995627 0.00820624 0.00226372 0.00407657
22 0.886974 0.095156 0.000776012 0.0010122 0.0143679 0.00103984 0.000673862
5 0.0840985 0.800406 0.0125145 0.0222015 0.0677184 0.00743178 0.00562885
5 0.104284 0.828188 0.0226269 0.00312783 0.0284068 0.0114303 0.00193606
5 0.107127 0.846414 0.00942817 0.000935833 0.0327141 0.00180386 0.00157718
5 0.10695 0.845628 0.0104834 0.00145692 0.0316868 0.0022841 0.00151011
5 0.0579517 0.932826 0.000243628 0.000397545 0.00807563 0.000309812 0.000196114
13 0.000505202 0.000912172 0.0117674 0.934844 0.00556579 0.0388527 0.0075527
4 0.000550438 0.00140254 0.961526 0.00104316 0.000790563 0.00952657 0.0251603
11 0.000998807 0.00567857 0.0109536 0.0372073 0.00446058 0.930462 0.010239
19 0.00279105 0.00181924 0.00795939 0.0113527 0.00535779 0.0675159 0.903204
13 0.00379001 0.00591659 0.00243929 0.970386 0.00490074 0.00936485 0.00320271
11 0.000184933 0.000623149 0.000510793 0.0125336 0.000562485 0.971401 0.0141841
11 0.000257837 0.000379247 0.00468868 0.00699536 0.00108695 0.937734 0.048858
0 0.00754383 0.0308026 0.0242355 0.00441956 0.921548 0.00729121 0.00415899
11 0.00230492 0.00708744 0.0117813 0.0417784 0.00369368 0.894069 0.039285
13 0.00817748 0.0101138 0.0158633 0.910028 0.0112044 0.0314899 0.013123
4 0.00335921 0.00984299 0.95718 0.0115841 0.0104498 0.00558183 0.00200182
19 0.00056735 0.00095279 0.000664757 6.71896e-05 0.000449192 0.000996246 0.996302
19 0.0020432 0.00585864 0.0099717 0.0110642 0.00348898 0.0674333 0.90014
22 0.889595 0.0997639 0.000590276 0.000453811 0.0079459 0.000818902 0.000831937
13 0.00139584 0.00403623 0.00135357 0.968684 0.00132846 0.0219126 0.00128884
13 0.000790616 0.000681828 0.00114382 0.951021 0.0127568 0.0179543 0.0156517
0 0.0375807 0.055035 0.00785942 0.0072029 0.889613 0.00167472 0.00103424
19 0.000985401 0.000816583 0.0226772 0.000422161 0.00399593 0.0210052 0.950098
5 0.094572 0.81978 0.0128096 0.00215004 0.0696583 0.000457659 0.000572341
22 0.882982 0.0573681 0.0114174 0.0067965 0.0337536 0.00432643 0.00335579
22 0.88611 0.0858495 0.000180581 0.000701434 0.0263256 0.000370007 0.00046313
5 0.106729 0.851959 0.00226431 0.00130328 0.0269714 0.00811633 0.00265624
0 0.0159811 0.0681164 0.0189962 0.00677827 0.879148 0.00598746 0.0049925
22 0.88547 0.100044 0.00339816 0.000876063 0.00765017 0.00101926 0.00154209
22 0.974242 0.019952 0.000328185 0.000470988 0.00382354 0.000526238 0.000656648
5 0.0589827 0.851525 0.00731355 0.00377678 0.0750495 0.00205044 0.00130173
11 0.000421241 0.000413958 0.0015225 0.0339422 0.00528069 0.901632 0.056787
22 0.874039 0.0994803 0.00204524 0.00682402 0.0121064 0.00338179 0.00212333
11 0.00101508 0.00281292 0.0171119 0.00754183 0.0082388 0.900213 0.0630664
5 0.00278102 0.982514 0.000919803 0.00745702 0.00238328 0.00251908 0.00142624
5 0.0253015 0.864225 0.017737 0.00690068 0.0687829 0.012925 0.00412808
13 0.00015735 0.000421094 0.00575719 0.894303 0.00382134 0.0827007 0.0128398
19 0.000589015 0.000349908 0.0216771 0.000988505 0.000477084 0.0565517 0.919367
22 0.920787 0.0552697 0.00451634 0.000721829 0.0172208 0.000805091 0.000678862
22 0.98219 0.0111799 0.00303927 0.000900263 0.0012817 0.000490321 0.000918661
5 0.00446508 0.992247 0.000144072 8.68659e-05 0.0016951 0.000265374 0.0010967
11 0.00385168 0.00886094 0.0122677 0.00160198 0.00842578 0.960337 0.00465462
13 0.000978313 0.001894 0.00042502 0.953233 0.000402534 0.0392074 0.00385994
0 0.0134287 0.0844153 0.000717544 0.005707 0.894724 0.00073355 0.000273617
4 0.0102677 0.0135309 0.941103 0.0102668 0.00499632 0.0145944 0.00524074
22 0.928841 0.0688701 0.000160475 6.30427e-05 0.00195927 2.12469e-05 8.46986e-05
13 0.00404784 0.0194093 0.0101632 0.914311 0.016697 0.0314412 0.0039303
22 0.864763 0.0689284 0.0149917 0.00826391 0.0376666 0.00217422 0.0032123
0 0.0125317 0.0631846 0.00555935 0.0246647 0.880277 0.00688455 0.00689807
11 0.00368345 0.00248057 0.00170785 0.0393401 0.00545162 0.911099 0.0362379
11 0.00718955 0.00894348 0.00938125 0.0370925 0.00439567 0.930237 0.00276098
22 0.885195 0.100148 0.00122223 0.00541218 0.00436228 0.00234001 0.00131968
11 0.000238487 0.00038559 0.00261892 0.00646698 0.000425563 0.918877 0.070988
4 0.00105909 0.00408903 0.957245 0.00546517 0.00133908 0.0139178 0.0168844
13 0.0122914 0.0129205 0.00355476 0.955119 0.0134098 0.00242251 0.00028189
19 0.00318285 0.00357468 0.0126338 0.0120328 0.00673522 0.067594 0.894247
19 0.00127763 0.00295376 0.00500525 0.0038823 0.0211411 0.0616726 0.904067
11 0.00444456 0.00796574 0.00820431 0.0381096 0.00869972 0.870482 0.0620937
11 0.00168842 0.00143006 0.00833374 0.070528 0.00524031 0.84885 0.0639291
5 0.103716 0.81562 0.0136028 0.00639662 0.0481147 0.0090879 0.00346192
0 0.000658581 0.00673517 0.0134906 0.0010916 0.955141 0.00348447 0.0193983
22 0.938574 0.0290007 0.010317 0.00332385 0.0128989 0.00416283 0.0017231
22 0.854881 0.0963671 0.00573444 0.0191308 0.017023 0.00433873 0.00252448
22 0.61671 0.354096 0.00461181 0.00910157 0.0139422 0.000731007 0.000808229
19 0.0018837 0.00182573 0.00762229 0.0240757 0.00776722 0.0648137 0.892012
