labels 22 5 13 4 0 11 19
22 0.919368 0.070691 0.00548865 0.000432052 0.00190143 0.00120933 0.000909452
22 0.949512 0.045542 0.000653604 0.000259234 0.00263505 0.000718729 0.000679577
5 0.0529928 0.930969 0.00106226 0.00109111 0.0128649 0.00055926 0.000460785
13 0.00236375 0.00780732 0.97141 0.00340641 0.00740222 0.00707967 0.000530713
4 0.00180571 0.00888108 0.00539509 0.972765 0.00366817 0.00459054 0.00289454
13 0.000560909 0.00105173 0.986152 0.000254101 0.00431688 0.00662728 0.00103695
0 0.0050527 0.04253 0.00645006 0.00525141 0.934342 0.00258164 0.00379175
11 0.00403119 0.00900705 0.0208189 0.0083081 0.00623404 0.948222 0.00337918
4 0.00212277 0.00794752 0.00231648 0.97704 0.00713289 0.00238177 0.00105882
0 0.00343355 0.0441043 0.000567632 0.000490749 0.949664 0.000597668 0.00114195
13 0.00466019 0.0118386 0.973929 0.0038561 0.00387474 0.00120899 0.000632306
0 0.00280077 0.0129654 0.00573849 0.00507831 0.965534 0.00443828 0.00344432
13 0.000242976 0.0050317 0.966357 0.000673053 0.00212228 0.0215316 0.00404094
0 0.00513464 0.0412089 0.00578684 0.0020361 0.940031 0.00524871 0.000553516
5 0.0252765 0.971783 0.000431498 0.000106599 0.00183574 0.000124945 0.000441645
4 0.00103823 0.00241022 0.0018902 0.974229 0.0076539 0.00227818 0.0105004
11 0.000158707 0.00027253 0.00173791 0.00113533 0.000176437 0.988055 0.0084644
19 0.00163798 0.00271773 0.00452721 0.000945652 0.00421261 0.269158 0.716801
0 0.000304427 0.00154278 0.0043877 0.000849943 0.980061 0.00394689 0.00890709
4 0.000859422 0.00448649 0.00085939 0.9811 0.000467679 0.00633618 0.00589086
4 0.00326127 0.0110886 0.00302986 0.967513 0.00751668 0.00292756 0.00466256
4 0.00187609 0.00754415 0.0023666 0.972241 0.00711119 0.00599433 0.002867
11 0.00284784 0.0029587 0.0203666 0.0137993 0.0044244 0.937638 0.0179655
0 0.000180493 0.00185158 0.00135616 0.00481051 0.975796 0.00224551 0.0137601
11 0.000515167 0.000438069 0.0134399 0.00134918 0.00385567 0.936072 0.0443301
11 0.00204726 0.00522918 0.020948 0.00530422 0.00425977 0.956285 0.00592675
0 0.00562319 0.0437459 3.33179e-05 0.00212615 0.947655 0.000184893 0.000631071
4 0.000412534 0.0114409 0.000318495 0.978335 0.00130644 0.0058066 0.00237986
0 0.000886883 0.0182636 0.0062874 0.00770555 0.955514 0.00421605 0.00712645
0 0.00993054 0.0358923 0.0036126 0.00439826 0.944508 0.000919692 0.000739015
22 0.961676 0.0342519 0.000237064 6.29383e-05 0.00345488 6.86902e-05 0.000248969
22 0.979068 0.0170096 7.68655e-05 0.000331052 0.00298745 0.000157302 0.000369604
0 0.000482473 0.00574666 0.0015083 0.00146753 0.985105 0.00314096 0.00254943
22 0.917623 0.0706435 0.00481038 0.000437501 0.00500697 0.00105874 0.000420282
13 0.000294973 0.000278763 0.993257 0.000176479 0.000986626 0.00459396 0.000412039
5 0.0227014 0.91734 0.00558394 0.0013535 0.0493475 0.00179 0.00188361
22 0.918878 0.0706054 0.0016783 0.000663506 0.00556946 0.00160451 0.00100036
11 0.000400819 0.000685587 0.00511672 0.00112795 0.000533948 0.948285 0.0438495
11 0.00155167 0.00169184 0.00345261 0.00594732 0.000491863 0.980337 0.00652762
13 0.000365894 0.000312649 0.990152 0.000438597 0.00139291 0.00426535 0.00307298
22 0.957171 0.0417451 0.000241789 2.54545e-05 0.000580114 0.000121033 0.00011585
11 0.0014868 0.00198832 0.0118657 0.0102864 0.00633414 0.932359 0.03568
5 0.0387064 0.877568 0.00945085 0.0183119 0.0434296 0.00939337 0.00313937
19 0.00270597 0.00386345 0.00114065 0.0203127 0.00987307 0.0242542 0.93785
0 0.0038583 0.0414143 0.001163 0.0122564 0.940484 0.000411913 0.000411916
13 0.00269741 0.0156797 0.958932 0.00547202 0.00446274 0.0099009 0.00285566
11 0.000322281 0.00106397 0.0227648 0.00757964 0.00134319 0.942287 0.0246395
22 0.924944 0.0706995 0.000542599 0.000240303 0.00244594 0.000478002 0.000649799
19 0.00165908 0.0039645 0.000449712 0.00679269 0.0101896 0.00907021 0.967874
22 0.926928 0.0710723 0.000216249 5.43415e-05 0.000914286 0.000316485 0.000498859
0 0.00927792 0.0409245 0.000671162 0.00442417 0.941284 0.000858794 0.00255981
19 0.00275379 0.00389545 0.00045523 0.0206392 0.00629521 0.0261099 0.939851
4 0.00593928 0.00185437 0.000764522 0.977846 0.00670713 0.00115255 0.00573635
19 0.00319126 0.00275261 0.00753111 0.0192758 0.0131051 0.030782 0.923362
4 0.000665956 0.00485287 0.0020593 0.976045 0.00475435 0.0062931 0.00532961
13 0.00209244 0.00503086 0.95213 0.00594218 0.00922253 0.0188994 0.0066829
22 0.951056 0.0232566 0.0048856 0.00445743 0.0121892 0.00173593 0.00241968
22 0.934397 0.0271389 0.00676174 0.00961498 0.0132239 0.00404168 0.00482178
5 0.053397 0.920386 0.000434052 0.000366352 0.0243105 0.000282714 0.000823679
22 0.90841 0.0669929 0.00495895 0.00168945 0.0150374 0.00217547 0.000735771
19 0.00113248 0.0011396 0.000390453 0.00427645 0.0025828 0.0101782 0.9803
19 0.00020379 0.000385768 0.000496747 0.00480475 0.00108755 0.0409309 0.952091
19 0.00304687 0.00621266 0.00108468 0.0106821 0.00761058 0.00586428 0.965499
0 0.000100676 0.000418298 6.38067e-05 0.00874442 0.988085 0.000282111 0.00230605
22 0.970337 0.0203641 0.00126017 8.0048e-05 0.00679383 0.000473678 0.000691418
22 0.903047 0.0694194 0.00357838 0.00872057 0.00854593 0.00359401 0.00309492
19 0.00296762 0.00396712 0.000872957 0.0182783 0.00616342 0.0197237 0.948027
4 0.00376815 0.013051 0.000259791 0.97519 0.00211322 0.00370061 0.00191734
11 0.00114868 0.00153779 0.0202448 0.00374897 0.00381886 0.966497 0.0030041
13 0.00133116 0.00388014 0.950692 0.00758028 0.00476214 0.0202996 0.0114543
19 0.000663301 0.00114579 0.0022623 0.00215899 0.00973199 0.0409039 0.943134
5 0.0529613 0.908646 0.00665232 0.00276409 0.0236332 0.00269591 0.00264696
13 0.00139692 0.00323229 0.959719 0.00641534 0.00366707 0.020693 0.00487674
11 0.00131254 0.00267394 0.00731957 0.0110746 0.00120701 0.953091 0.023321
11 0.00121864 0.00100029 0.0129486 0.0113796 0.00538724 0.959427 0.00863892
5 0.0380397 0.912342 0.00954831 0.00213546 0.0354006 0.00176947 0.000764193
19 0.000439854 0.00113208 0.000485877 0.00109575 0.00224684 0.0118684 0.982731
19 0.00053077 0.00209453 0.000260721 0.000494934 0.00103812 0.00699083 0.98859
11 0.00197425 0.000513891 0.019104 0.00455607 0.00380544 0.924987 0.0450592
13 0.00125564 0.00150226 0.962519 0.00773777 0.00156 0.0211881 0.00423732
0 0.00653045 0.0254241 0.0010379 0.00343042 0.962584 0.000332636 0.00066033
5 0.050004 0.899386 0.0144635 0.00588961 0.0238169 0.00352283 0.00291744
5 0.0181187 0.912252 0.00370442 0.019502 0.0375072 0.00225905 0.00665652
4 0.00197556 0.00467337 0.00247637 0.968708 0.00745377 0.00491072 0.0098024
13 0.00366588 0.00582721 0.959472 0.0057138 0.00198101 0.0216687 0.00167146
5 0.0488 0.91219 0.0173166 0.000861018 0.0166045 0.00304399 0.00118416
19 0.00248054 0.00341277 0.00102986 0.0101658 0.0130652 0.00181777 0.968028
13 0.00204466 0.00483466 0.98339 0.000779835 0.00574828 0.00219242 0.00101019
13 0.00805378 0.0110844 0.972504 0.00123085 0.00327453 0.0029878 0.000864198
13 0.000564434 0.00053805 0.969424 0.00019663 0.00141262 0.020273 0.00759141
4 0.00242074 0.00369781 0.00301427 0.976126 0.00209915 0.00650586 0.00613571
13 0.00200864 0.00170301 0.963846 0.000845863 0.00519378 0.0209169 0.00548561
22 0.908547 0.0542693 0.00485007 0.00644439 0.0196967 0.00413061 0.00206223
22 0.923935 0.0707781 0.000434132 0.000411507 0.00216831 0.00141455 0.00085814
13 0.00250613 0.00477705 0.95935 0.00450275 0.0074098 0.0207459 0.000707946
11 0.0016086 0.00333465 0.021879 0.00233569 0.00650425 0.948816 0.0155221
11 0.000443269 0.000893011 0.021044 0.00126761 0.0033795 0.963207 0.0097658
22 0.940248 0.0474956 0.000304896 0.000337684 0.00943368 0.00125913 0.000921406
0 0.0065738 0.0257108 0.000268434 0.000446097 0.966107 0.000326349 0.000567968
19 0.00272957 0.00264798 0.000887663 0.0126573 0.00721494 0.00490307 0.968959
22 0.980045 0.0178843 0.000184163 0.000293544 0.000792433 0.00039425 0.000406551
0 0.000151353 0.000226279 0.00285978 0.00253487 0.976522 0.00412019 0.0135858
13 0.000118438 0.000270598 0.96448 0.00145477 0.00251186 0.0217143 0.00944985
5 0.0372219 0.958056 0.00257203 0.000142051 0.00148964 0.000181242 0.000336885
19 0.00273743 0.00314419 0.00505894 0.00170306 0.00487821 0.0416341 0.940844
22 0.923688 0.0706987 7.74545e-05 3.40605e-05 0.00482513 0.000133471 0.000542868
0 0.00765754 0.0274979 0.000864141 0.00133154 0.962067 0.000283401 0.000298465
5 0.0528408 0.920263 0.00459961 0.000420904 0.018345 0.00234888 0.00118145
0 0.0068521 0.0245422 0.0090788 0.00722006 0.943105 0.00501685 0.00418513
19 0.000332929 0.00031561 3.89851e-05 0.00435961 0.00200882 0.00279634 0.990148
5 0.0522064 0.935272 0.0040761 0.000515936 0.00668338 0.000466277 0.000779798
5 0.00938026 0.940737 0.00514381 0.00203072 0.0390089 0.0019568 0.00174283
13 0.000791862 0.000736381 0.970467 0.000452749 0.00560134 0.0194496 0.00250131
4 0.000869912 0.00489438 0.00243793 0.970627 0.00304388 0.0055062 0.0126205
11 0.00148303 0.00186658 0.015228 0.00689838 0.00637174 0.950462 0.0176904
13 0.000626974 0.000968958 0.961895 0.00269941 0.00682281 0.0213766 0.00561008
13 0.000245726 0.000363463 0.957218 0.00191912 0.00363213 0.0220098 0.014612
22 0.911759 0.0689799 0.00249558 0.000964489 0.0119834 0.00301613 0.000801004
22 0.912214 0.0703836 0.00117637 0.00368578 0.00736026 0.00300153 0.00217801
22 0.92579 0.0356998 0.0067939 0.0102133 0.0139535 0.00412625 0.00342378
5 0.0523249 0.944444 0.000156251 0.000219179 0.0021977 0.000154843 0.000503523
22 0.921219 0.0473856 0.00505373 0.00340764 0.0184531 0.00293059 0.00155014
22 0.90426 0.0542925 0.00316811 0.0143219 0.0183812 0.00263371 0.00294269
5 0.0513024 0.925684 0.0057956 0.000607675 0.0093928 0.00565296 0.00156425
0 0.00174955 0.0418216 0.00733178 0.000389705 0.943282 0.00414285 0.00128293
11 0.00179326 0.00538245 0.0204672 0.00105088 0.004732 0.963996 0.00257779
11 0.00238501 0.00477013 0.00306035 0.0105274 0.00141081 0.966546 0.0113001
22 0.909799 0.0702373 0.0045863 0.00335667 0.00730777 0.00252218 0.00219027
22 0.924599 0.0709319 0.000376848 6.93288e-05 0.0028088 0.000433107 0.000781354
13 0.00201573 0.00976455 0.972958 0.00613657 0.00556085 0.00249074 0.00107355
11 0.00309591 0.00581216 0.00718623 0.0112309 0.00459123 0.95474 0.0133434
0 0.000974528 0.000869344 0.00104739 0.00896902 0.979265 0.000985873 0.0078885
0 0.00877473 0.0402883 0.00267088 0.000285993 0.947675 0.000155971 0.00014881
13 0.000586176 0.00324825 0.961364 0.00425595 0.00433781 0.021849 0.0043585
5 0.0251422 0.91181 0.00394188 0.00473996 0.0483655 0.00265954 0.00334116
19 0.000381163 0.00031938 7.46684e-05 0.00321721 0.00241312 0.013281 0.980313
11 0.000286254 0.000442663 0.0205795 0.000591844 0.00192508 0.972409 0.00376559
22 0.96098 0.0260686 0.000392081 9.833e-05 0.0120316 0.000231188 0.000198067
19 0.00226721 0.00357721 0.00308603 0.0209335 0.0106148 0.0248928 0.934628
11 0.00139077 0.00340725 0.00693471 0.00987221 0.00175133 0.973059 0.0035847
0 0.0016152 0.00645954 0.000222904 0.00462331 0.985506 0.000473947 0.0010991
5 0.0532347 0.911773 0.00587534 0.000892214 0.0221966 0.00309839 0.00293004
4 0.00273827 0.00339302 0.0021627 0.980335 0.00649521 0.00208206 0.00279336
0 0.00573829 0.0360017 0.00724004 0.00346261 0.945604 0.00112461 0.000828303
19 0.00107237 0.0038405 0.000456763 0.0093079 0.00320929 0.00958351 0.97253
0 0.00927766 0.0323376 0.000251559 0.00034884 0.957283 0.000251372 0.00024947
5 0.0340642 0.919028 0.00992646 0.00728983 0.0256275 0.00327022 0.000793887
5 0.0541834 0.895593 0.00514545 0.00426019 0.0347172 0.00299605 0.00310508
22 0.974526 0.01536 6.56209e-05 0.000138763 0.00917412 0.000294595 0.000441117
19 0.00042075 0.000986617 0.00010892 0.00361003 0.0011887 0.00873563 0.984949
22 0.91927 0.0688057 0.000199084 0.000549004 0.00881938 0.0010815 0.00127518
22 0.969186 0.00781552 0.00347417 0.00432432 0.00934101 0.00274883 0.00311002
22 0.911187 0.0696436 0.00569072 0.00170148 0.0102907 0.000586996 0.000899039
19 0.00299703 0.00400598 0.0127597 0.00687621 0.0163711 0.0202416 0.936748
22 0.911788 0.0657015 0.000765604 0.000639638 0.0163555 0.00256798 0.00218182
13 0.000440334 0.00129264 0.971902 0.00123505 0.00134184 0.0213523 0.00243555
4 0.00579386 0.00757587 0.0026299 0.962672 0.00526281 0.00546516 0.0106008
19 0.000420191 0.0010625 0.00140724 0.00977432 0.00250779 0.0313968 0.953431
19 0.00331091 0.00619943 0.00338087 0.0188364 0.00228069 0.019716 0.946276
22 0.931638 0.0496047 0.00482789 0.000412901 0.0113949 0.00143572 0.000685674
5 0.0278392 0.891578 0.00343413 0.0123784 0.057139 0.00433372 0.00329753
22 0.922268 0.0707608 0.000573897 0.000200898 0.00531694 0.000399668 0.000479763
5 0.0522873 0.915307 0.0031606 0.000374875 0.0266846 0.00136985 0.000815866
4 0.0023748 0.00600458 0.00218117 0.979511 0.00686155 0.00183217 0.00123467
4 0.00355306 0.00286954 0.00313272 0.976958 0.00206447 0.00633796 0.00508415
22 0.78278 0.192872 0.0113681 0.00332384 0.00511939 0.00260362 0.00193308
5 0.0534177 0.898489 0.0136165 0.00330753 0.0244473 0.0038286 0.00289376
19 0.00114477 0.00155797 0.00327896 0.00861109 0.00369424 0.052313 0.9294
22 0.926144 0.0709532 0.000488477 0.000222096 0.0011357 0.000463706 0.0005924
22 0.923844 0.0708133 0.000834705 0.000874269 0.00118417 0.00142792 0.00102156
5 0.0249597 0.898602 0.0173543 0.00426708 0.0480823 0.00307253 0.00366183
5 0.23658 0.735822 0.000212359 0.0036718 0.0219724 0.000464212 0.00127655
22 0.916143 0.0700302 0.00163878 0.00180362 0.00837187 0.00157891 0.000433511
5 0.0109681 0.95062 0.000263612 0.00293579 0.0297293 0.00207509 0.00340841
11 0.00042493 0.000523392 0.0125711 0.00615973 0.00142181 0.933342 0.0455569
11 0.000767852 0.000615173 0.00489545 0.01232 0.0026112 0.96028 0.0185099
11 0.000855575 0.00141995 0.0218772 0.00218996 0.00144949 0.958237 0.0139709
22 0.99312 0.00189138 0.00130526 0.00123447 0.00104301 0.000646514 0.000759748
11 0.000396291 0.000231526 0.0126895 0.0026045 0.00428181 0.933966 0.0458302
4 0.00442515 0.00729153 0.00340289 0.972687 0.00623679 0.0043921 0.00156495
13 0.000938005 0.00543513 0.967042 0.00884532 0.00424679 0.0104696 0.00302334
13 0.00116649 0.0150926 0.954632 0.00628979 0.00669738 0.0155368 0.000585404
11 0.000487375 0.000625888 0.0130233 0.00141769 0.000736487 0.941545 0.0421644
5 0.0295129 0.899831 0.00711742 0.00460922 0.0499642 0.00640109 0.00256426
5 0.044406 0.881363 0.010351 0.0159441 0.0403337 0.00458771 0.00301475
0 0.00543359 0.0423191 0.0018239 0.00118482 0.948294 0.00054504 0.000399081
11 0.00165885 0.000762651 0.0148271 0.00127643 0.00291997 0.932677 0.0458778
4 0.000702996 0.00221686 0.00213568 0.983381 0.00258828 0.00569524 0.00327955
22 0.972341 0.0246674 0.000401187 8.00118e-05 0.00184922 0.000487503 0.000173589
22 0.984518 0.011923 0.00139086 0.000282949 0.00116136 0.000334408 0.000389391
0 0.0019579 0.0167356 0.00590997 0.00671444 0.957626 0.00555326 0.00550315
5 0.0526961 0.912954 0.00720976 0.00191025 0.0212869 0.00233084 0.00161266
22 0.93819 0.0388181 0.00424634 0.001294 0.0137318 0.002323 0.00139684
22 0.902991 0.0535504 0.0184014 0.00553029 0.0139728 0.00331438 0.00223953
19 0.00226991 0.00506298 0.00137168 0.0215308 0.00648289 0.0289934 0.934288
11 0.00104304 0.00134988 0.0247567 0.0035764 0.000889371 0.932775 0.0356101
5 0.0221891 0.969574 0.0006129 0.000347488 0.00516689 0.000460195 0.00164966
22 0.908571 0.0671624 0.00200364 0.00316524 0.0147855 0.0028422 0.0014702
19 0.00301761 0.00458168 0.00642289 0.0210047 0.0114981 0.0360186 0.917456
11 0.00204725 0.0039211 0.0221062 0.00608854 0.00773763 0.935963 0.0221363
0 0.00477556 0.0226675 0.000350054 0.00356745 0.967874 0.000304117 0.000460838
11 0.000169237 0.000189821 0.0203864 0.00079879 0.000334462 0.975995 0.00212601
5 0.0541788 0.911035 0.00146101 0.000850769 0.0305103 0.00101427 0.000950043
13 0.000126003 0.000203967 0.968587 0.000153272 0.0010894 0.0215181 0.00832206
22 0.917799 0.0403449 0.0167697 0.00112191 0.0176662 0.00383928 0.0024588
0 0.00655104 0.0414213 0.00160338 0.00657397 0.941252 0.00212098 0.000477326
19 0.00269212 0.00422887 0.00242632 0.0202827 0.00666157 0.0251909 0.938518
19 0.00271517 0.00408189 0.00634912 0.0162681 0.0165622 0.0365587 0.917465
0 0.00959678 0.0325348 0.000400759 0.000265327 0.956775 0.000272109 0.000155496
13 0.000114468 0.000556328 0.965716 0.00109025 0.00699684 0.0205383 0.00498793
19 0.00275715 0.00372959 0.00312911 0.0214229 0.00532355 0.0290788 0.934559
13 0.00148937 0.000630945 0.964121 0.00236476 0.00712276 0.0165416 0.00772987
19 0.00274251 0.00411671 0.00427663 0.0207463 0.00520954 0.0266523 0.936256
11 0.00289307 0.00468033 0.0209696 0.00721333 0.00303241 0.955935 0.00527647
0 0.00328111 0.0286089 0.0038669 0.0140253 0.943295 0.00230024 0.004623
22 0.914978 0.0685118 0.00157633 0.000416512 0.0131589 0.000589048 0.000769589
0 0.00588231 0.018706 0.000274609 0.00649565 0.967956 0.000335538 0.000350142
4 0.000386642 0.000513885 0.000142067 0.98775 0.00153255 0.000913525 0.00876136
19 0.00269328 0.00459743 0.0146791 0.00531565 0.0150704 0.0391588 0.918485
22 0.922707 0.0707246 2.81294e-05 8.82416e-05 0.00573224 0.000175136 0.000544251
19 0.000287569 0.000430381 2.57844e-05 0.0033857 0.00101678 0.00258899 0.992265
22 0.946749 0.0376594 0.000564492 0.0036424 0.0103093 0.00031961 0.000755312
19 0.00260425 0.00319538 0.00731458 0.00683152 0.00271364 0.0416556 0.935685
22 0.911546 0.061238 0.00439211 0.00170071 0.0187191 0.0013291 0.00107507
11 0.000611792 0.000926194 0.00464737 0.0146154 0.00149951 0.943686 0.0340135
11 0.00304884 0.00284038 0.020348 0.00304602 0.0057305 0.964347 0.000639675
13 0.00166325 0.00150278 0.966353 0.00290084 0.00476171 0.0214873 0.0013313
0 0.000786917 0.00881079 0.00174133 0.00982469 0.972103 0.0037762 0.0029574
19 0.000672065 0.000852922 0.000781203 0.0128598 0.003188 0.0300913 0.951555
0 0.00939452 0.0312984 0.00299492 0.00157558 0.951677 0.00236513 0.000694658
0 0.00195323 0.0241575 0.00644433 0.0131302 0.943487 0.00385395 0.00697342
22 0.962518 0.0344663 0.000248963 0.000235784 0.00170535 0.00030825 0.000517854
11 0.00292779 0.00440326 0.00853186 0.0075074 0.0145835 0.9482 0.0138458
22 0.912762 0.0704811 0.00474087 0.00326671 0.00288515 0.00367503 0.00218893
11 0.00165075 0.00101968 0.011 0.003054 0.00423559 0.933517 0.0455228
4 0.00197418 0.003719 0.00289078 0.968446 0.00476563 0.00573563 0.012469
13 0.00288334 0.00561084 0.957185 0.00325105 0.00680831 0.0158411 0.00842062
11 0.00051443 0.0016093 0.00802695 0.00464938 0.000988157 0.962737 0.0214744
22 0.966007 0.0165664 0.000311112 0.007876 0.00687478 0.000737251 0.00162735
11 0.00170571 0.00203618 0.0113251 0.00184901 0.00452318 0.932911 0.0456494
11 0.000428029 0.000308906 0.0109605 0.000815391 0.00416347 0.937717 0.0456072
0 0.00508287 0.0425744 0.00506573 0.00408447 0.933773 0.00650035 0.00291938
5 0.0537511 0.914368 0.000376151 0.00367512 0.025348 0.00061151 0.00186961
22 0.927752 0.0400783 0.00195336 0.00788289 0.0154131 0.00285917 0.00406107
13 0.0013203 0.00355526 0.952574 0.0041981 0.00678888 0.0216198 0.00994346
11 0.00211853 0.00587733 0.0077629 0.0117285 0.00422775 0.947474 0.0208114
0 0.00705339 0.0259888 0.00106289 0.00341931 0.959074 0.0020271 0.00137456
13 0.00238161 0.00515896 0.96763 0.00211352 0.00161417 0.0204026 0.000699269
13 0.00148467 0.0137658 0.952861 0.00663922 0.00449299 0.0194239 0.00133218
5 0.0523328 0.942983 0.00162182 5.67957e-05 0.00241341 0.000141304 0.000450675
22 0.912854 0.0703729 0.0018754 0.00467188 0.00712313 0.00183993 0.00126253
5 0.053636 0.919909 0.0019662 0.001301 0.0206435 0.00132668 0.00121729
22 0.923079 0.0707615 0.00185826 0.000928927 0.00208366 0.000784761 0.000503709
0 0.00154403 0.0243479 0.00305059 0.00111893 0.963959 0.00527101 0.000708328
13 0.000126903 0.00011926 0.965071 9.82292e-05 0.00220733 0.0220114 0.0103663
5 0.0522569 0.943687 0.000640087 0.000151838 0.00282415 0.000138411 0.000301085
11 0.000567688 0.00128818 0.0255473 0.00306352 0.00584185 0.931828 0.031863
0 0.00452899 0.0440829 0.00354385 0.00377206 0.939356 0.00185429 0.00286161
4 0.00346248 0.00611665 0.00321538 0.970387 0.00638502 0.00708554 0.00334752
4 0.00403534 0.0114555 0.0013395 0.971721 0.00266909 0.00718695 0.00159266
0 0.00912702 0.0352296 0.00607852 0.00433405 0.941465 0.00157233 0.00219306
13 0.00142416 0.0101251 0.954335 0.00346837 0.00932272 0.0162241 0.00510027
11 0.00193141 0.00500113 0.0132382 0.0105775 0.012341 0.941039 0.015872
11 0.000733179 0.000784478 0.00895243 0.0120943 0.0101522 0.926572 0.0407118
0 0.00330241 0.0429853 0.00109036 0.00706344 0.941361 0.00148332 0.00271376
19 0.00293796 0.00369333 0.003863 0.0123381 0.00545947 0.0418043 0.929904
13 0.00100346 0.000445474 0.981396 0.000874495 0.00621839 0.00346754 0.00659495
19 0.00341788 0.00490056 0.00218155 0.0105146 0.0109346 0.00816467 0.959886
22 0.970439 0.0104661 0.00881104 0.00138814 0.0018056 0.00494465 0.00214559
0 0.00178577 0.0444966 0.00261514 0.00184758 0.946137 0.000576327 0.00254182
22 0.922364 0.0707916 0.000678558 0.00041969 0.0045854 0.000810416 0.000349969
13 0.000281335 0.000912887 0.961814 0.00165933 0.00591332 0.0218185 0.0076006
0 0.00895443 0.0351183 0.00865088 0.000315489 0.943807 0.000928922 0.00222492
22 0.971225 0.0150835 0.000801843 0.000787904 0.0108862 0.000477233 0.000738389
11 0.000637979 0.00200545 0.00709518 0.00221966 0.00126097 0.980278 0.00650231
19 0.00148242 0.00124586 0.0013853 0.00703519 0.000700759 0.0407617 0.947389
22 0.903013 0.0693861 0.00589682 0.00572828 0.0107032 0.00278655 0.00248576
19 0.000887924 0.000497167 4.54482e-05 0.00146807 0.000888938 0.00145562 0.994757
19 0.00266297 0.00307642 0.000429262 0.0196085 0.00870444 0.0206115 0.944907
22 0.948066 0.0343497 0.00021958 0.000809871 0.0149443 0.000481577 0.00112912
4 0.00292572 0.00640972 0.00435695 0.975043 0.00357587 0.00650901 0.00117962
11 0.000402438 0.000878698 0.0229209 0.000473562 0.00177771 0.950201 0.0233453
5 0.0520294 0.930425 0.00285247 0.0002687 0.0127367 0.00104798 0.000639425
11 0.00173509 0.00195151 0.00939734 0.0135411 0.00314023 0.927084 0.0431502
19 0.00260349 0.00379117 0.000655251 0.00703715 0.00418862 0.00395486 0.977769
4 0.000563775 0.000874665 0.00267981 0.976198 0.00356146 0.00688092 0.0092416
0 0.000386663 0.0024273 0.00237247 0.00480116 0.973184 0.00287089 0.0139578
5 0.0825783 0.882429 0.00778206 0.00279799 0.0221721 0.000992971 0.0012475
4 0.00167972 0.0035494 0.00293392 0.973621 0.00753503 0.00297662 0.00770475
13 0.00435696 0.0127768 0.952358 0.00229866 0.00632714 0.0169787 0.004904
22 0.926843 0.0710079 0.000260903 0.000216608 0.000686955 0.0002388 0.000745528
13 0.00287765 0.00972568 0.956407 0.00363121 0.00355844 0.0214391 0.00236056
11 0.000269406 0.000393256 0.0161866 0.00187721 0.00421154 0.931258 0.0458042
22 0.925126 0.0600366 0.00164064 0.000840933 0.010875 0.000681199 0.000800064
11 0.00267717 0.00515356 0.0204381 0.00749771 0.0106148 0.951115 0.00250383
4 0.0059238 0.00522535 0.00249004 0.969944 0.0076623 0.00229675 0.00645744
22 0.921572 0.06483 0.000137099 0.000412358 0.0114949 0.000536044 0.0010175
19 0.0033849 0.00206261 0.00138187 0.0181726 0.00526362 0.0188943 0.95084
22 0.976852 0.0179772 0.00015418 0.000379282 0.00327969 0.000198246 0.00115976
4 0.000471301 0.0015245 0.000386849 0.981738 0.0026391 0.00569472 0.00754564
22 0.956828 0.0379946 0.000881799 9.43476e-05 0.00334768 0.000694005 0.000159449
22 0.925056 0.0706959 0.000187321 0.000149412 0.00331501 0.000136218 0.000460137
0 0.000508181 0.00632489 0.000314575 0.000201453 0.992234 0.000144608 0.000272724
5 0.00837981 0.926622 0.0128234 0.00338983 0.0460971 0.00177493 0.000913081
4 0.00382164 0.00395426 0.00302605 0.970914 0.00629912 0.00571502 0.00626949
22 0.902535 0.068999 0.0134454 0.00283234 0.00749031 0.00254559 0.00215215
5 0.0521295 0.941437 0.000283357 0.000130182 0.00472668 0.000446128 0.000847295
0 0.0033986 0.00981281 0.00450445 0.0081156 0.967197 0.00294512 0.00402599
22 0.911675 0.0698622 0.000791185 0.00314953 0.00973265 0.00275937 0.00203004
0 0.00457168 0.0439072 0.000136443 0.000946733 0.949627 0.000148697 0.000661877
5 0.00462013 0.935211 0.0101229 0.000843922 0.0472088 0.00122298 0.000770625
11 0.000673973 0.00101763 0.00911046 0.00236535 0.000651449 0.947992 0.0381888
22 0.895814 0.0608331 0.020427 0.00228297 0.0126727 0.00585368 0.00211612
11 0.0016827 0.00615299 0.00459313 0.0126684 0.00595061 0.949515 0.0194371
11 0.00139176 0.000955285 0.0236268 0.006673 0.00325983 0.939154 0.0249389
5 0.0383865 0.898922 0.00547774 0.00264684 0.0509486 0.000726985 0.00289146
22 0.969665 0.0161313 0.00180712 0.0039385 0.00670421 0.000852498 0.000901135
22 0.85602 0.132782 0.000679455 0.000480401 0.00714543 0.00143609 0.0014558
22 0.913831 0.0507975 0.00714394 0.00378034 0.0193471 0.00318978 0.00191063
22 0.920572 0.0707569 0.00225784 0.000551829 0.00170327 0.00290011 0.00125824
19 0.00206603 0.00281071 0.00045548 0.0169547 0.00156653 0.00621469 0.969932
13 0.00042389 0.000490157 0.960244 0.0049129 0.00849768 0.0184581 0.00697367
13 0.00289644 0.00478529 0.949707 0.00972323 0.00297199 0.0261461 0.00376958
22 0.977194 0.019442 0.00113059 4.22251e-05 0.00144086 0.000409799 0.000340879
5 0.0527098 0.919175 0.000280877 0.00219429 0.0232799 0.000559342 0.00180052
22 0.920915 0.0690836 7.752e-05 0.000236229 0.00930134 7.82844e-05 0.000308428
0 0.000884429 0.00183701 0.000396071 0.00887765 0.985264 0.000557091 0.00218367
5 0.0287905 0.913521 0.00402827 0.000881574 0.0496972 0.00191721 0.00116435
5 0.0618427 0.903683 0.000191469 0.000461552 0.0325675 0.000281661 0.000972121
0 0.00230942 0.00427909 0.00382703 7.46571e-05 0.988993 0.000194808 0.000321592
22 0.917141 0.0703208 0.000850531 0.00106708 0.00451557 0.00392653 0.00217804
11 0.00130706 0.00233285 0.0145708 0.0128898 0.00743629 0.949409 0.0120543
22 0.930438 0.0519436 0.00688946 0.000516314 0.00876799 0.000569444 0.000875586
5 0.049375 0.901447 0.00099341 0.000287382 0.0466218 0.000497712 0.000778235
19 0.00279811 0.00319026 0.00868569 0.011064 0.00483239 0.0415729 0.927857
22 0.988452 0.00800647 0.0017303 0.000164761 0.000578889 0.000566826 0.000501022
22 0.918184 0.0704683 0.000288067 0.00101154 0.00768827 0.0009886 0.00137117
0 0.00222207 0.0124505 0.00245375 0.00645053 0.974818 0.000940552 0.000664567
11 0.00228184 0.00127206 0.024018 0.00358378 0.00334367 0.940351 0.0251494
19 0.00276383 0.00490733 0.00274373 0.0111021 0.00471252 0.0144983 0.959272
19 0.000733515 0.00184188 0.000271231 0.00973285 0.00548663 0.0108114 0.971122
4 0.0040723 0.0113666 0.00222348 0.973128 0.00675555 0.00200459 0.000449441
22 0.915048 0.06562 0.000973807 0.000399689 0.016351 0.000474928 0.00113232
11 0.000862862 0.000596758 0.00674394 0.00337932 0.00358394 0.939488 0.0453453
13 0.00201798 0.000545095 0.99602 6.33386e-05 0.000443331 0.000794209 0.000115881
4 0.00224741 0.0136184 0.000636641 0.973897 0.00510315 0.00248969 0.00200784
5 0.00638518 0.990666 0.000307127 3.49812e-05 0.00222348 0.000171413 0.000212241
22 0.989847 0.00207023 0.00455628 0.000853571 0.000884746 0.0012621 0.000526009
0 0.000572554 0.00157356 0.0038824 0.00988236 0.973041 0.000831343 0.0102167
0 0.010085 0.0363278 0.00101295 0.0014958 0.949058 0.000279072 0.00174158
5 0.0197915 0.91898 0.0184746 0.00474264 0.0323861 0.00413988 0.00148557
11 0.00065906 0.000674762 0.00251857 0.00207905 0.000989081 0.956859 0.0362203
22 0.921135 0.0707529 0.000801786 0.00075175 0.0048726 0.000651274 0.00103504
4 0.00375961 0.0110728 0.000985399 0.968525 0.00610348 0.00708404 0.00247012
11 0.000556846 0.000741761 0.0160047 0.00155788 0.0047108 0.930707 0.0457213
11 0.00271405 0.00546006 0.0172736 0.013203 0.00446189 0.945453 0.0114346
11 0.000765945 0.00225397 0.00807516 0.00692269 0.00606984 0.972805 0.00310779
11 0.000280732 0.000218299 0.0219876 0.00293723 0.00159609 0.930532 0.0424476
11 0.00161599 0.00248766 0.020641 0.00178155 0.00461279 0.960106 0.00875475
11 0.0022189 0.00689314 0.0211619 0.00426873 0.0060742 0.951249 0.00813435
13 0.000905219 0.00106942 0.971638 0.000729246 0.00339551 0.0149983 0.00726379
11 0.00116013 0.00166113 0.00290387 0.0150015 0.000782416 0.946489 0.0320018
19 0.00286176 0.00512098 0.00155227 0.0185136 0.00676174 0.0122699 0.95292
5 0.0520128 0.932211 0.000558341 0.00129902 0.0122211 0.000349852 0.00134747
13 0.000445137 0.00412438 0.990721 0.000162008 0.00109623 0.00280406 0.000646756
0 0.00051545 0.00904854 0.000738797 0.000258609 0.988874 0.000280538 0.000283649
22 0.905088 0.0677716 0.00492153 0.00292218 0.0140114 0.00360682 0.00167878
22 0.922483 0.0708498 0.000111534 0.00308505 0.00140297 0.00114823 0.000919434
0 0.00551237 0.0428833 0.00196326 0.000307018 0.948119 0.000786492 0.000428829
22 0.912 0.0703001 0.00275112 0.00590969 0.00352257 0.00379139 0.00172491
5 0.0535567 0.885434 0.0161229 0.00330613 0.0336536 0.00395086 0.00397551
5 0.0526099 0.921368 0.000530394 0.000921028 0.0232185 0.00059418 0.000758429
22 0.923573 0.070263 0.000473128 0.00017965 0.00441279 0.000306608 0.000791645
13 0.00416559 0.0150379 0.962108 0.0019934 0.00501279 0.0103637 0.00131906
11 0.00136965 0.00396843 0.00445848 0.00205407 0.00194936 0.974669 0.0115307
5 0.036139 0.939949 0.000946136 0.00120439 0.0189637 0.0011353 0.00166249
13 0.00677726 0.014449 0.966762 0.0024964 0.00326859 0.00601601 0.000230811
22 0.92265 0.0361663 0.00364469 0.0125202 0.0155298 0.00323488 0.00625421
19 0.000519348 0.00129205 0.000212611 0.00925196 0.00379923 0.0352919 0.949633
22 0.923554 0.0708379 0.000273168 0.000371793 0.00362448 0.00057316 0.000765061
22 0.917063 0.0687022 8.96431e-05 0.000129152 0.0128418 0.000261874 0.000912276
5 0.0150632 0.920399 0.00486563 0.00619704 0.0481542 0.00235181 0.0029695
22 0.922192 0.0703162 0.000808213 0.000283375 0.00513434 0.000528611 0.00073719
11 0.00101054 0.00154621 0.0235462 0.00537964 0.00741996 0.92393 0.0371678
13 0.00219227 0.00519061 0.978013 0.00323698 0.00598721 0.00322425 0.00215534
0 0.00103722 0.0123174 0.00306119 0.00885279 0.958304 0.00934218 0.00708567
19 0.00263034 0.00304397 0.00397238 0.0207389 0.0154564 0.0317644 0.922394
19 0.00259063 0.00452189 0.00276253 0.0174064 0.00709955 0.0408537 0.924765
0 0.009802 0.037701 0.000885125 0.000667791 0.950208 0.000416972 0.000319018
0 0.00220525 0.00743244 0.00434438 0.00564782 0.975347 0.00202712 0.00299588
0 0.00461296 0.00917049 0.00119378 0.00481301 0.979343 0.000395293 0.000471517
4 0.00227517 0.00353793 0.00143878 0.979791 0.00388951 0.00303426 0.00603361
13 0.00315452 0.00587323 0.963666 0.00340488 0.0086319 0.0147974 0.00047162
19 0.00268331 0.00387059 0.00404171 0.0159653 0.00574315 0.0413432 0.926353
0 0.00155186 0.0445427 0.000309295 0.00120029 0.948241 0.00243798 0.00171648
0 0.00119439 0.0164436 0.0042124 0.0129354 0.945574 0.0046252 0.0150153
22 0.982012 0.0105405 0.00200516 0.00102184 0.00265931 0.000990466 0.000771029
11 0.00189988 0.000711661 0.0135605 0.00436103 0.00412345 0.929468 0.0458756
5 0.0514677 0.920557 0.0053522 0.00709939 0.00869896 0.00527953 0.00154537
5 0.0465512 0.926504 0.0155112 0.00295011 0.00517703 0.0021525 0.00115438
22 0.948996 0.0215845 0.00589352 0.00624527 0.0108165 0.00318482 0.00327915
22 0.914094 0.0705306 0.004154 0.00184952 0.0049817 0.00285166 0.00153822
13 0.000790539 0.0118581 0.974938 0.000541046 0.00485225 0.0061183 0.000902215
0 0.0099639 0.0346762 0.00018682 0.000293128 0.954186 0.000383126 0.000310345
13 0.00126586 0.00120011 0.96291 0.00133604 0.00229459 0.0216933 0.00929974
22 0.903312 0.0657446 0.00356949 0.00617739 0.0163054 0.00259068 0.00230001
13 0.00171218 0.00479978 0.959264 0.00591336 0.00174473 0.0214975 0.00506829
13 0.00122466 0.00494468 0.954291 0.00464303 0.00477252 0.0220842 0.00804003
13 0.00610941 0.0108377 0.951459 0.00302301 0.00903612 0.0168715 0.00266312
13 0.00103271 0.00526131 0.958029 0.00393055 0.00320914 0.02169 0.00684707
4 0.00273746 0.00714614 0.00062609 0.975074 0.00710852 0.000745033 0.00656282
13 0.00179377 0.00125907 0.964175 0.00165828 0.0077 0.0198748 0.00353885
13 0.00341193 0.00812829 0.958527 0.00443301 0.00297356 0.0218611 0.000665416
22 0.926707 0.0596686 0.00412937 0.00261541 0.00560499 0.000540383 0.000734014
22 0.922252 0.0707204 0.000283879 0.00154997 0.00295859 0.00178543 0.000449804
5 0.0286761 0.903199 0.019066 0.00494764 0.032194 0.00786396 0.00405304
22 0.966812 0.0155519 0.00597676 0.0013533 0.0060568 0.00270852 0.00154021
22 0.924628 0.0708894 0.00044483 0.00107212 0.00105559 0.00146567 0.000444098
22 0.995317 0.00363699 7.01489e-05 0.000195885 8.95697e-05 0.000236669 0.000453437
22 0.957385 0.0338095 0.00118205 0.000999662 0.00338227 0.00140322 0.00183793
13 4.75243e-06 6.08898e-06 0.995752 3.1267e-05 0.000142758 0.0035715 0.000492051
13 0.00121222 0.0049556 0.949774 0.00233035 0.00690284 0.0218001 0.0130246
22 0.913782 0.0703708 0.00375876 0.00378808 0.00327827 0.0028184 0.00220389
13 0.00213015 0.0137487 0.956381 0.00221685 0.00348365 0.020771 0.00126883
22 0.915612 0.0704864 0.000422312 0.00470067 0.00428032 0.00168552 0.002813
22 0.913356 0.0698565 0.00338404 0.000664644 0.00960707 0.00204862 0.00108287
0 0.00028507 0.00235664 0.00192187 0.000948707 0.992445 0.000170708 0.00187223
5 0.0398402 0.887842 0.0119418 0.00527076 0.0479977 0.00335644 0.00375139
5 0.0524979 0.905603 0.00323875 0.00886322 0.0218274 0.00554556 0.00242399
5 0.073144 0.897481 0.000930874 0.00348304 0.0228383 0.000928936 0.00119377
5 0.0520382 0.935512 0.00142243 0.000247662 0.00975835 0.000389318 0.000631974
13 0.00031574 0.000689694 0.960094 0.00620307 0.00382479 0.0217929 0.00707986
4 0.000280952 0.000790474 0.000356075 0.981363 0.000509009 0.00405891 0.0126411
11 0.00122477 0.00377703 0.0207721 0.0120818 0.00382197 0.944483 0.0138388
19 0.00229729 0.00209933 0.00499103 0.00683788 0.00434596 0.0415056 0.937923
13 0.00166662 0.00996835 0.957206 0.00156216 0.00606661 0.0193644 0.0041654
11 0.000396562 0.00125062 0.0208599 0.00129096 0.00143427 0.948996 0.0257712
11 0.000348329 0.000434267 0.00669153 0.00682517 0.00183165 0.94075 0.0431193
0 0.00442494 0.0293376 0.00157911 0.0125166 0.945855 0.00328118 0.00300502
11 0.0013266 0.00388777 0.0241698 0.00972479 0.00313866 0.934754 0.0229985
13 0.00331237 0.00691297 0.946643 0.0104036 0.00672836 0.0183924 0.00760701
4 0.00192223 0.00495496 0.00357186 0.98228 0.00386323 0.00252121 0.000886895
19 0.000693878 0.00129713 0.00013317 0.0018362 0.00169826 0.00201714 0.992324
19 0.00227876 0.00420801 0.00434974 0.00971624 0.00359154 0.0416328 0.934223
22 0.921867 0.0699602 0.000481767 0.000415206 0.00560731 0.000790582 0.000877684
13 0.000751063 0.00233529 0.979642 0.000636678 0.000797378 0.0146105 0.00122724
13 0.000695662 0.000593608 0.965064 0.000660845 0.00779632 0.0160294 0.00916023
0 0.00869523 0.0291405 0.00310477 0.0037642 0.954074 0.000746325 0.000475063
19 0.000826966 0.0009257 0.00028214 0.0184815 0.00502234 0.0152891 0.959172
5 0.0368693 0.904091 0.00213011 0.00415641 0.0510207 0.000677952 0.00105479
22 0.916079 0.068228 0.00103958 0.000282733 0.0135348 0.000285935 0.00054964
5 0.0528422 0.912977 0.00156818 0.00174404 0.0234383 0.00447394 0.00295612
0 0.00671694 0.041185 0.00157559 0.00803628 0.937213 0.00197395 0.00329951
22 0.912276 0.0702605 0.0029097 0.0033526 0.00786465 0.00117969 0.00215734
22 0.984176 0.0129164 0.000393422 0.000541224 0.00102642 0.000375194 0.000571772
5 0.0404708 0.901954 0.00212899 0.00286372 0.0508255 0.00087978 0.000877485
11 0.000891552 0.000540799 0.0216955 0.00162975 0.00449673 0.927675 0.0430705
11 0.0025074 0.0042344 0.0208191 0.00640202 0.00549262 0.956165 0.00437918
22 0.90736 0.0698122 0.00550895 0.00440509 0.00832143 0.00222935 0.00236272
11 0.00112862 0.00226914 0.00794201 0.0138065 0.00734014 0.932328 0.0351852
5 0.00274001 0.984602 0.00527778 0.000609027 0.00232914 0.0031373 0.00130426
5 0.0260667 0.901234 0.00528424 0.00912088 0.0485651 0.00676169 0.00296774
13 0.000131328 0.000272705 0.96436 0.00366735 0.00242953 0.0216067 0.0075322
19 0.000980964 0.000889923 0.000614848 0.0102622 0.00128622 0.0406041 0.945362
22 0.921492 0.0632243 0.00165462 0.00209377 0.00992608 0.000650175 0.000959376
22 0.991067 0.0061608 0.000422015 0.000553161 0.000821821 0.000281202 0.000694026
5 0.00797055 0.988867 0.000164876 6.29437e-05 0.00174816 0.000205594 0.000981257
11 0.00233523 0.00488143 0.00113816 0.0098849 0.00658113 0.972285 0.00289404
13 0.000807974 0.00291887 0.970835 0.000355596 0.000590539 0.021446 0.00304609
0 0.00550193 0.043667 0.00268912 0.000575252 0.946865 0.000379271 0.00032266
4 0.0054504 0.00750758 0.00464779 0.970066 0.00209283 0.00682654 0.00340839
13 0.00187349 0.0119792 0.947662 0.00552346 0.00958098 0.0180033 0.00537761
22 0.92028 0.0475019 0.00575951 0.00247768 0.0185594 0.00290142 0.00252008
0 0.00635525 0.0304044 0.010042 0.00318546 0.944255 0.00293607 0.00282194
11 0.00361863 0.00564494 0.0208191 0.00449186 0.0038125 0.958273 0.00333973
22 0.917248 0.0706662 0.00470266 0.000807034 0.00266475 0.00281524 0.00109593
11 0.0035087 0.00547557 0.0199582 0.0100649 0.00215937 0.958224 0.000609341
11 0.000749298 0.000685713 0.00517036 0.00166877 0.00124319 0.945413 0.0450694
4 0.000567044 0.00402101 0.00273435 0.978772 0.000905113 0.00632964 0.00667037
13 0.00709238 0.009684 0.971954 0.00271254 0.00688787 0.00141948 0.000250118
19 0.00247063 0.0030493 0.005663 0.0127026 0.00506057 0.0417415 0.929312
13 0.00363525 0.0136098 0.951272 0.00891643 0.00646432 0.0143733 0.00172871
19 0.00246618 0.004566 0.00479805 0.00759284 0.0185077 0.031572 0.930497
11 0.00260296 0.00517684 0.0239929 0.00803736 0.00668326 0.924361 0.0291452
11 0.00167556 0.00108786 0.0356625 0.00684364 0.00416101 0.912263 0.0383059
5 0.0521918 0.888531 0.00594349 0.00867896 0.0359753 0.00553133 0.0031484
0 0.000439197 0.00683681 0.000858277 0.00560046 0.969514 0.00232625 0.0144255
22 0.938262 0.0411179 0.00253251 0.00449032 0.00874702 0.00299466 0.00185597
22 0.900079 0.0680421 0.0137842 0.00249178 0.0100154 0.0034663 0.00212144
5 0.092584 0.870548 0.0100054 0.00318347 0.0215187 0.000892904 0.00126708
19 0.00257143 0.00258754 0.0138897 0.00711148 0.00751113 0.0365797 0.929749
