labels 22 13 4 11 0 5 19
22 0.886107 0.00390918 0.000300061 0.000327532 0.000515115 0.108703 0.000138183
22 0.943303 0.00116747 0.000988922 0.000876233 0.00595476 0.0469989 0.000711159
13 0.00806093 0.941646 0.00714894 0.0149528 0.0136543 0.0132803 0.00125618
4 0.00499705 0.0156831 0.925424 0.0153127 0.0157382 0.0172583 0.00558669
13 0.00149764 0.9752 0.000466831 0.0104049 0.00865824 0.0016025 0.0021701
11 0.0119105 0.0372319 0.0256704 0.887495 0.013339 0.0166393 0.00771404
4 0.0084016 0.0119411 0.920223 0.00628934 0.036467 0.0140367 0.00264146
0 0.0208998 0.00245383 0.0020805 0.00161156 0.913484 0.0572432 0.00222722
13 0.0101351 0.953022 0.00916206 0.00162671 0.00902413 0.0163002 0.000730035
0 0.00954648 0.0201238 0.0176337 0.0147546 0.90068 0.030135 0.00712669
13 0.000476081 0.933944 0.00113933 0.0462945 0.00376248 0.00582784 0.00855602
0 0.0101594 0.00772394 0.00572357 0.0102073 0.93338 0.0321827 0.000623302
5 0.0151829 9.57287e-05 2.53398e-05 4.72532e-05 0.00113148 0.983436 8.12829e-05
4 0.00401849 0.00649923 0.917939 0.00953687 0.0387441 0.00255155 0.0207103
11 9.55755e-05 0.000817271 0.00141321 0.991673 0.000174267 0.000229559 0.00559722
19 0.00374984 0.0137945 0.00113753 0.0556767 0.00937113 0.00279241 0.913478
0 0.000982209 0.0121981 0.00283197 0.00906383 0.952427 0.00122285 0.0212735
4 0.0015891 0.000456311 0.966296 0.0224845 0.000422928 0.00239399 0.00635717
4 0.00818538 0.00717558 0.930927 0.00613013 0.0256982 0.0136628 0.00822132
4 0.00618792 0.0101302 0.908291 0.0271261 0.0269187 0.0143906 0.00695513
11 0.00440887 0.0182012 0.0228931 0.93541 0.00417897 0.00352042 0.0113874
0 0.000630256 0.00503905 0.016765 0.00741598 0.943545 0.00410083 0.0225042
11 0.00472939 0.0394654 0.0133561 0.911092 0.00808542 0.0126613 0.0106108
13 0.00157428 0.966468 0.00135011 0.0235232 0.00610125 0.000515282 0.000467501
4 0.0124269 0.00412676 0.926926 0.0242235 0.00788669 0.0211851 0.00322466
0 0.0170716 0.000292029 0.0132723 0.000944747 0.900751 0.0666259 0.00104239
4 0.000968126 0.00090012 0.966734 0.0107327 0.00529101 0.0123282 0.00304558
0 0.0029432 0.0158252 0.0153521 0.0097501 0.920876 0.0241303 0.0111234
0 0.0209501 0.0109105 0.010918 0.00376962 0.897092 0.0545991 0.0017607
22 0.979335 0.000376698 0.000135102 6.27936e-05 0.00156543 0.0182769 0.000248035
22 0.937632 0.000257699 0.002042 0.00019813 0.00509667 0.0541219 0.000651366
0 0.00166098 0.00336816 0.00965549 0.00968658 0.961411 0.0118228 0.00239542
22 0.873392 0.0108171 0.00222165 0.00146247 0.0037618 0.107678 0.000667419
13 0.00130401 0.985898 0.000501427 0.00601484 0.00114209 0.000443463 0.00469578
22 0.925293 0.0038777 0.00247249 0.00177604 0.00425923 0.0606501 0.00167119
11 0.000584604 0.00826297 0.00223932 0.928842 0.000856629 0.000768847 0.0584454
11 0.00147741 0.00208047 0.00632493 0.983692 0.000473516 0.00190703 0.00404487
22 0.919375 0.000583716 0.000119317 9.6453e-05 0.00161672 0.0780906 0.000118561
11 0.00357876 0.0175905 0.00817388 0.91387 0.0034944 0.00291514 0.0503768
11 0.000648974 0.00431416 0.0126202 0.960135 0.00449563 0.00115562 0.0166307
5 0.0826084 0.0190427 0.0450651 0.0196759 0.0626352 0.765677 0.00529542
19 0.00393579 0.00358347 0.0205777 0.0135828 0.0160613 0.00632761 0.935931
0 0.0159827 0.00221869 0.0253281 0.00131977 0.901707 0.0526097 0.000834526
13 0.00691954 0.926237 0.0109926 0.0186135 0.0120548 0.0217097 0.00347325
11 0.000588327 0.0408782 0.0156665 0.89173 0.00594047 0.00198584 0.0432107
22 0.881901 0.00143607 0.000798943 0.000747285 0.00759669 0.106842 0.00067771
19 0.000994574 0.000140921 0.00275179 0.00347363 0.00567343 0.00302751 0.983938
22 0.914091 0.00033889 0.000185112 0.000266052 0.00138461 0.0830074 0.000726545
0 0.0227092 0.00242008 0.0195381 0.00321967 0.900466 0.0479561 0.00369066
19 0.00413476 0.000792336 0.0202689 0.0131075 0.00559688 0.00364644 0.952453
19 0.00451004 0.013629 0.0152299 0.0305106 0.0259654 0.00201253 0.908143
4 0.00263854 0.00556244 0.923011 0.0250765 0.0190991 0.0123328 0.0122795
13 0.00337262 0.905122 0.0206313 0.0399403 0.0160423 0.0052551 0.00963653
22 0.945471 0.00854017 0.00312529 0.00259995 0.0201137 0.0162754 0.00387397
22 0.934021 0.00954511 0.0155316 0.00422654 0.0201567 0.00976366 0.00675549
5 0.131919 0.00110102 0.00112131 0.000714673 0.0390218 0.825046 0.00107685
22 0.882007 0.00952172 0.0101094 0.00271385 0.0213791 0.073309 0.00096022
19 0.000482586 4.76885e-05 0.00172824 0.00351373 0.000390517 0.000440515 0.993397
19 0.00013261 0.000492921 0.00345729 0.0136303 0.00167527 0.000197593 0.980414
19 0.00135045 0.000446078 0.00268138 0.00189799 0.000920607 0.00753007 0.985173
0 0.00047422 0.000409209 0.0230618 0.000650779 0.968794 0.000526491 0.00608377
22 0.938617 0.000885613 0.00020825 0.000323112 0.0113365 0.0483346 0.000294647
22 0.853035 0.00709167 0.0398005 0.00572926 0.0150407 0.0749171 0.00438559
19 0.00407058 0.000667216 0.0228852 0.0110358 0.00468359 0.00418718 0.95247
4 0.00942162 0.000637631 0.954197 0.00984168 0.00590897 0.0169518 0.00304105
11 0.00140247 0.0388299 0.00895718 0.936513 0.00466246 0.00175069 0.0078845
13 0.00254419 0.908917 0.0163608 0.0447998 0.00776581 0.00241666 0.017196
19 0.00111701 0.00360554 0.00254333 0.0192811 0.0151135 0.001149 0.957191
5 0.129318 0.017497 0.00906778 0.00525018 0.0413647 0.794705 0.00279713
13 0.00614156 0.917722 0.0131287 0.0445547 0.00673218 0.00408674 0.00763416
11 0.000911227 0.00923513 0.0191581 0.929632 0.000842963 0.00264584 0.0375746
11 0.00165967 0.0147604 0.0250228 0.941405 0.006217 0.00113457 0.00980027
19 0.0063608 0.0147485 0.0121477 0.0560236 0.0136532 0.00741352 0.889653
5 0.126356 0.0119117 0.00471965 0.00366294 0.0333068 0.818693 0.0013504
19 0.000382363 0.00042814 0.000546099 0.00165121 0.00212007 0.00106237 0.99381
19 0.000593295 0.000284875 0.000527332 0.00508761 0.000719839 0.00298079 0.989806
11 0.00312011 0.0387198 0.00809654 0.885736 0.00583335 0.000396372 0.0580979
13 0.00359227 0.924919 0.0183271 0.0457499 0.00236309 0.00163904 0.0034094
0 0.0194916 0.00111744 0.0123978 0.000693729 0.923269 0.0422763 0.000754552
5 0.106373 0.0335538 0.0108897 0.0093524 0.0503675 0.784851 0.00461276
5 0.0403342 0.00934825 0.0492294 0.00556344 0.0620878 0.821082 0.0123546
4 0.00576938 0.0117262 0.90518 0.0250659 0.0284962 0.00476851 0.0189941
13 0.0104378 0.917363 0.0170239 0.045809 0.00301431 0.00438258 0.00196958
5 0.12438 0.0342309 0.00197773 0.00536481 0.0258892 0.806654 0.00150399
19 0.00376204 0.00434422 0.0166896 0.00304276 0.0268682 0.0035283 0.941765
13 0.0049365 0.964683 0.00130695 0.00387339 0.0155586 0.00658917 0.00305284
13 0.0159483 0.948805 0.00260685 0.00467793 0.00960686 0.0156514 0.00270327
13 0.0016938 0.966266 0.000313488 0.0135446 0.00236946 0.000650629 0.015162
4 0.00680129 0.00773606 0.935871 0.0246944 0.00790088 0.00670037 0.010296
13 0.00974369 0.924844 0.00193999 0.0427922 0.00786055 0.00216781 0.0106517
22 0.868377 0.00799781 0.0236376 0.00632264 0.0281796 0.0618753 0.00361007
22 0.942905 0.000129436 8.82941e-05 0.000262621 0.00049146 0.05591 0.000213055
13 0.00817188 0.914048 0.0110753 0.0467248 0.0120691 0.00660574 0.0013048
11 0.00304378 0.041336 0.00478143 0.904694 0.0100969 0.00476639 0.0312814
22 0.975303 0.00100478 0.00216954 0.000292657 0.00498763 0.0158467 0.000396106
11 0.000293928 0.0251431 0.00251589 0.963648 0.00159668 0.00080164 0.0060003
22 0.903427 0.000200111 0.000438559 0.000401885 0.00927025 0.0857646 0.000497134
0 0.0148946 0.000617042 0.00340663 0.000835637 0.943797 0.0358057 0.000642926
13 0.0049295 0.970925 0.00328685 0.0104368 0.00385136 0.00517747 0.0013925
19 0.00244051 0.00816736 0.00640452 0.0558559 0.0142988 0.00900912 0.903824
0 0.000505036 0.00816671 0.00596712 0.0083657 0.953738 0.000353663 0.0229042
5 0.0439722 0.00258067 0.00042312 0.000166611 0.000940439 0.951697 0.000219476
19 0.0017111 0.0148088 0.000993892 0.0556114 0.00584782 0.00103665 0.91999
22 0.888997 0.000144392 7.41173e-05 3.48957e-05 0.0017802 0.108866 0.00010367
0 0.0162205 0.00122623 0.00543756 0.000670374 0.938337 0.0376218 0.000486828
5 0.130243 0.0139122 0.0013364 0.00565321 0.0131945 0.833264 0.00239646
0 0.0144211 0.0210375 0.0202626 0.0136614 0.88767 0.0362895 0.00665822
19 0.000412214 0.000104621 0.00701806 0.00173735 0.00430138 0.000254133 0.986172
5 0.130554 0.00799276 0.000344889 0.000719103 0.00920232 0.850214 0.000972617
5 0.0288749 0.0117103 0.0138531 0.006013 0.0260622 0.910909 0.00257782
13 0.00280446 0.936035 0.00138925 0.0443625 0.00971319 0.00136058 0.00433516
4 0.0011899 0.00501902 0.933495 0.0233914 0.0117316 0.00256876 0.0226046
11 0.00198062 0.0128436 0.010866 0.922803 0.00661 0.00270486 0.0421915
13 0.00122606 0.951183 0.00270453 0.0192432 0.013967 0.00135146 0.0103251
13 0.000680872 0.918443 0.00516167 0.0299517 0.0108344 0.000441886 0.0344864
22 0.865735 0.00155706 0.00184252 0.00241776 0.0286352 0.0987183 0.00109404
22 0.971593 0.00059639 3.25162e-05 7.49581e-05 0.00408919 0.0234225 0.000191104
22 0.867859 0.000360184 0.00925845 0.00198949 0.0118656 0.107354 0.00131353
22 0.89035 0.0129015 0.0277232 0.00583271 0.0245843 0.0335964 0.0050115
5 0.133455 9.03571e-05 0.00063371 0.000244333 0.00262663 0.862648 0.000302209
5 0.115316 0.0145709 0.01204 0.0147384 0.0142109 0.826232 0.00289134
0 0.00669235 0.0166992 0.00705005 0.0115442 0.891663 0.0643909 0.00196043
11 0.00385544 0.0392275 0.00306486 0.932354 0.0070171 0.0128503 0.00163117
11 0.0037552 0.00222036 0.0234253 0.958377 0.000826002 0.00789669 0.00349924
22 0.858032 0.00437827 0.0119795 0.00198678 0.0142212 0.106677 0.00272479
22 0.931514 0.00292971 0.00522057 0.00145523 0.00812034 0.0498622 0.000897737
22 0.889123 0.000335685 9.01608e-05 7.89524e-05 0.00117468 0.109027 0.000171104
13 0.00472006 0.953879 0.0119649 0.00367497 0.0157086 0.00766597 0.00238684
11 0.00660005 0.00938374 0.0269047 0.910439 0.0104164 0.0125551 0.0237006
0 0.0118667 0.00755649 0.00191746 0.000497815 0.910222 0.0678226 0.000117101
13 0.0016968 0.919062 0.0102593 0.0471902 0.010321 0.00304248 0.00842841
5 0.0575426 0.01141 0.0163708 0.00687409 0.0891941 0.812044 0.00656394
19 0.000278008 7.00073e-05 0.000643805 0.00215386 0.00181282 0.000220177 0.994821
11 0.000365441 0.03839 0.00140759 0.952816 0.00439082 0.00108979 0.00154007
22 0.987034 0.000205413 0.000311072 8.23209e-05 0.00449073 0.00780287 7.35067e-05
19 0.00183228 0.00941752 0.0240689 0.0230466 0.0189767 0.00404981 0.918608
11 0.00389086 0.00504859 0.0233967 0.957448 0.00152259 0.00489667 0.0037961
0 0.000724003 0.00015901 0.00227163 0.000432446 0.987319 0.00822442 0.000869838
5 0.129947 0.0118368 0.00159027 0.00549641 0.0302169 0.817313 0.00359933
4 0.00755436 0.00522772 0.928589 0.00782013 0.0385317 0.00286652 0.0094107
19 0.000924048 0.000382877 0.0190598 0.013825 0.00223161 0.00601541 0.957561
0 0.00504631 7.83512e-05 0.000291015 9.01273e-05 0.97242 0.0220033 7.05789e-05
5 0.0833638 0.0224631 0.0320974 0.00738921 0.044559 0.808223 0.00190488
5 0.127472 0.0128719 0.0121326 0.00629654 0.0563462 0.77894 0.00594057
22 0.971126 4.17382e-05 0.000481022 0.00015603 0.0169927 0.0110222 0.000179939
19 0.000222898 2.99495e-05 0.000879431 0.00222607 0.000364205 0.0010297 0.995248
0 0.00643684 0.0105278 0.00157237 0.00692716 0.906899 0.0668464 0.000790817
22 0.881082 0.000239876 0.000683853 0.000878112 0.014099 0.102206 0.000811415
22 0.972992 0.000832461 0.0010216 0.00114465 0.0188239 0.000886206 0.00429965
22 0.863904 0.00666164 0.00340647 0.000488438 0.0198503 0.105265 0.000423924
19 0.00374532 0.0305694 0.00448028 0.0181374 0.0192642 0.00284048 0.920963
22 0.864447 0.00127301 0.00145178 0.00281152 0.0215941 0.10467 0.00375322
13 0.00193717 0.944704 0.00218093 0.0461547 0.00132821 0.00180341 0.00189129
4 0.011611 0.00417377 0.946964 0.0088974 0.00953879 0.00377991 0.0150351
19 0.000589201 0.00263061 0.0152545 0.0506959 0.00734004 0.00183404 0.921656
4 0.0209905 0.000573229 0.91732 0.0213667 0.0144351 0.0194601 0.00585484
19 0.00287655 0.00178571 0.0229834 0.0123995 0.00100338 0.00625036 0.952701
22 0.871085 0.00970222 0.00191952 0.00171857 0.0083944 0.106201 0.000979435
22 0.87186 0.00200272 0.00166852 0.000731055 0.0153177 0.107159 0.00126036
5 0.120723 0.00489949 0.000932257 0.00254834 0.0461036 0.823957 0.000836757
4 0.00751395 0.00558051 0.930226 0.00691194 0.0383097 0.00845952 0.00299805
4 0.00928175 0.00713226 0.942001 0.0237057 0.00869873 0.00241732 0.00676352
22 0.840754 0.0231521 0.0160465 0.00440488 0.00979547 0.102316 0.00353105
5 0.126882 0.0258937 0.00978128 0.00747887 0.0484041 0.77821 0.00335042
22 0.93721 0.000264341 0.000176229 0.000258775 0.0037589 0.0580256 0.000305967
22 0.959956 0.0010324 0.00245601 0.00114179 0.00158112 0.0328166 0.0010161
5 0.0554149 0.0428874 0.0102048 0.00847112 0.0826362 0.793445 0.0069409
5 0.130845 0.000909869 0.0118279 0.0013607 0.0402982 0.812518 0.00224058
22 0.959642 0.00147327 0.00640387 0.000892038 0.00638654 0.0247235 0.000478938
5 0.013303 0.000409665 0.0116908 0.00664024 0.0826221 0.880203 0.00513093
11 0.000536808 0.0212639 0.01024 0.90126 0.00343163 0.000465047 0.0628025
11 0.000903144 0.00663509 0.0148457 0.946716 0.00514618 0.00114941 0.0246047
11 0.000297535 0.0384791 0.00138692 0.95345 0.00123006 0.00121928 0.00393745
11 0.00026091 0.0203293 0.00221106 0.910031 0.00445867 0.000169897 0.0625394
4 0.0184247 0.00831693 0.931296 0.0104426 0.0198474 0.00941834 0.002254
13 0.00648328 0.927027 0.0194138 0.027619 0.0088064 0.0063725 0.00427803
13 0.00173102 0.93737 0.0131814 0.0175416 0.00989609 0.0199229 0.000357444
11 0.000201682 0.00662881 0.000623483 0.982891 0.000282622 0.000273329 0.00909919
5 0.107093 0.0180927 0.0244605 0.0190432 0.0744694 0.753364 0.00347717
0 0.0134575 0.00318583 0.00251076 0.00132666 0.926097 0.0525911 0.000831595
4 0.0060386 0.00598559 0.948311 0.0232408 0.00965262 0.00267143 0.00410007
22 0.9457 0.00149792 0.000404405 0.00060597 0.00603355 0.045501 0.000256665
22 0.984399 0.00344333 0.00033136 0.000483673 0.00146799 0.0090074 0.000867404
0 0.00717457 0.0183149 0.018772 0.0156841 0.901534 0.0249995 0.0135211
5 0.130309 0.01467 0.00624113 0.00487101 0.0339805 0.807925 0.00200371
11 0.00188714 0.0384024 0.000451363 0.955183 0.00210649 0.000714337 0.00125494
22 0.897056 0.00888506 0.00466846 0.00441421 0.0260815 0.056951 0.00194379
22 0.830195 0.0333258 0.0225031 0.00512193 0.0254643 0.0805248 0.00286537
19 0.00241355 0.00168758 0.0228162 0.0284262 0.0111517 0.00803323 0.925471
11 0.00109747 0.0362362 0.00542388 0.895852 0.000619963 0.00180578 0.0589647
5 0.0207386 8.00967e-05 0.000158215 0.000243011 0.0021055 0.975969 0.000705668
22 0.918569 0.00227663 0.0113918 0.00264282 0.0200373 0.0435382 0.00154401
4 0.0249417 0.00457161 0.932455 0.00441019 0.0133797 0.0199505 0.000291032
11 0.0025937 0.0424637 0.00967108 0.886225 0.0103668 0.0105862 0.0380937
0 0.014703 0.000853841 0.0145393 0.000646844 0.933626 0.0348949 0.000736058
11 0.000111308 0.033667 0.00211234 0.960335 0.000660888 0.000182794 0.00293027
5 0.114466 0.00481922 0.00380493 0.00331244 0.0833577 0.788826 0.00141365
13 0.000356525 0.931828 0.000485209 0.0472245 0.00236635 0.000272022 0.0174674
22 0.85323 0.0388349 0.00180321 0.00366022 0.0306411 0.0686108 0.00321964
0 0.0161525 0.00310909 0.0213284 0.00439483 0.894135 0.0600558 0.000824283
19 0.00396304 0.00731148 0.0295435 0.0380965 0.011506 0.0067034 0.902876
19 0.00398485 0.0148848 0.0135214 0.0528335 0.0300133 0.00652451 0.878238
0 0.0197213 0.000833563 0.00276001 0.000768928 0.931542 0.0440333 0.000340516
19 0.00379727 0.00553963 0.028891 0.0449176 0.00822691 0.00248031 0.906147
19 0.00376029 0.00781317 0.0259109 0.0351364 0.004282 0.00638175 0.916715
11 0.00513302 0.00938887 0.016884 0.948242 0.00264834 0.0106456 0.00705787
0 0.00670459 0.00729422 0.0391674 0.00464563 0.889838 0.0459948 0.00635554
22 0.868002 0.00325386 0.00143681 0.000786932 0.0197467 0.105589 0.00118432
0 0.0103293 0.000527891 0.0206798 0.000606803 0.949188 0.0182108 0.000457254
4 0.000773272 0.00039563 0.974484 0.00225925 0.0036105 0.00113016 0.0173472
19 0.00387498 0.0299693 0.00712861 0.0341392 0.0305494 0.00840806 0.88593
22 0.88759 6.65889e-05 0.000153741 0.000115697 0.00306221 0.108727 0.000284009
19 0.000168004 3.13795e-05 0.00190043 0.00379081 0.00105296 0.00018202 0.992874
19 0.00383987 0.0276704 0.00892352 0.0538134 0.00513959 0.00277957 0.897834
22 0.87025 0.00241637 0.00229919 0.000779288 0.0324981 0.0912716 0.000485172
11 0.000709348 0.0124474 0.0261866 0.900704 0.00306617 0.00141148 0.0554745
11 0.00555505 0.0392157 0.0107865 0.930486 0.0065596 0.00637462 0.00102266
13 0.0032414 0.961326 0.00421322 0.0202372 0.00850504 0.0015872 0.000889707
0 0.00134124 0.00193599 0.032113 0.00507394 0.944588 0.0104743 0.00447409
19 0.000318004 0.000604784 0.00660095 0.0136114 0.00162368 0.000181256 0.97706
0 0.0217021 0.00278727 0.00346247 0.00268515 0.9123 0.056636 0.00042655
0 0.00627005 0.01768 0.0342381 0.00914682 0.87196 0.0465411 0.014164
22 0.929309 0.00027264 0.000640902 0.000312773 0.00417254 0.0648674 0.000424404
22 0.870564 0.00854128 0.0247742 0.00408231 0.0161372 0.0725391 0.00336178
11 0.00628483 0.0151187 0.0161182 0.910048 0.0227488 0.00960609 0.0200756
22 0.887658 0.000281602 0.000935979 8.57529e-05 0.00217839 0.108683 0.000176654
22 0.85252 0.0105197 0.00944331 0.00732514 0.0101861 0.106415 0.00359114
22 0.832481 0.0224597 0.0116983 0.0149766 0.0201827 0.0948075 0.00339389
13 0.00994501 0.915774 0.00662421 0.0294616 0.0128077 0.00838698 0.0170006
11 0.000220431 0.00304226 0.00283814 0.978659 0.000868854 0.00131478 0.0130561
22 0.943597 0.000288073 0.0255648 0.000428995 0.0131161 0.0157444 0.00126087
11 0.00355346 0.0280932 0.00262878 0.8931 0.00671563 0.00284984 0.0630596
5 0.130987 0.000873635 0.0119724 0.00121486 0.0411576 0.811266 0.00252812
22 0.997636 0.000638622 0.000510025 5.76883e-05 9.95539e-05 0.000863741 0.000194497
22 0.878441 0.00303136 0.0198915 0.00340177 0.0313062 0.057786 0.00614185
13 0.00143899 0.904459 0.01176 0.0463515 0.016722 0.00549695 0.0137713
11 0.00317424 0.0076662 0.0253294 0.929645 0.00569014 0.0124128 0.0160819
0 0.0190754 0.00126618 0.00961932 0.00611814 0.920792 0.0415448 0.00158464
13 0.00613498 0.935121 0.00555755 0.0430574 0.00122063 0.00700157 0.00190651
19 0.00388264 0.0112218 0.00896939 0.055642 0.0124051 0.00850928 0.89937
13 0.00302404 0.902209 0.013754 0.0410176 0.0163939 0.0205005 0.00310078
5 0.106742 0.00202037 0.000118642 0.000220121 0.00239084 0.888221 0.000286819
5 0.12885 0.00512992 0.0065737 0.00309952 0.0380597 0.815899 0.00238781
0 0.00363312 0.00776478 0.00488979 0.0119534 0.944798 0.0261377 0.000822807
13 0.00043677 0.918064 0.000296974 0.0457835 0.00790029 0.000132572 0.0273854
13 0.00499448 0.991065 0.000542565 0.00104046 0.000806648 0.00124779 0.000302853
5 0.133408 0.000591302 0.000472848 0.000221359 0.0029996 0.862164 0.000142827
4 0.0101087 0.00546184 0.920748 0.0265018 0.0225581 0.0107706 0.00385053
4 0.0140612 0.00425737 0.922764 0.0257345 0.0121938 0.0159776 0.0050117
0 0.0218359 0.0110322 0.0161676 0.00478438 0.892453 0.0506357 0.00309142
13 0.00136822 0.942795 0.00560348 0.013689 0.0153301 0.0165468 0.00466773
11 0.00222872 0.0117686 0.00848098 0.936684 0.0135999 0.0107286 0.0165093
11 0.000789786 0.0124923 0.0124632 0.916365 0.0144943 0.000953858 0.0424417
0 0.00963045 0.00305124 0.0128001 0.00450479 0.899312 0.0686721 0.00202888
19 0.00390346 0.00313628 0.0111083 0.0548467 0.00262548 0.00156195 0.922818
19 0.00192457 0.000444098 0.00718933 0.00243505 0.00103342 0.00433906 0.982634
22 0.961914 0.0171425 0.00121083 0.00702173 0.00192532 0.00746384 0.00332171
0 0.00544601 0.00656118 0.00349576 0.00125319 0.912051 0.0689841 0.00220875
22 0.872197 0.00105625 0.00274125 0.000464443 0.016234 0.106905 0.000401364
13 0.000517262 0.941749 0.00215382 0.0287635 0.0153439 0.00120455 0.0102681
0 0.020158 0.0118238 0.000666585 0.00138036 0.921994 0.0422103 0.00176664
11 0.00090585 0.0117111 0.00398441 0.972533 0.00178371 0.00521289 0.00386893
19 0.0013988 0.000953766 0.00426961 0.0239952 0.000448079 0.000653325 0.968281
19 0.000286554 1.51067e-06 0.000339383 6.04631e-05 8.5876e-05 5.63809e-05 0.99917
19 0.00356505 0.000411033 0.0120474 0.00879038 0.00643519 0.00304896 0.965702
22 0.934837 0.000561722 0.00288042 0.00068043 0.0223545 0.037923 0.000762795
22 0.990348 4.88205e-05 2.80865e-05 2.86405e-05 4.83427e-05 0.00946141 3.71757e-05
5 0.132476 0.000139927 0.000413501 9.25459e-05 0.0138731 0.852818 0.000186314
4 0.0109144 0.0100206 0.94971 0.0162138 0.0072677 0.00393473 0.00193873
11 0.000448029 0.0222239 0.000483281 0.922688 0.00144736 0.000810999 0.0518989
5 0.13133 0.00647832 0.000910143 0.00367233 0.027748 0.828706 0.00115442
4 0.0241987 0.000274084 0.93288 0.000471631 0.0173391 0.0240853 0.000751212
11 0.00214333 0.016944 0.0203763 0.890627 0.00473208 0.00274899 0.0624283
19 0.000371536 1.1066e-05 0.00116857 9.31143e-05 5.71488e-05 0.000954807 0.997344
22 0.862774 0.0102528 0.0374221 0.00449042 0.00579489 0.0778248 0.00144057
4 0.00155677 0.00776877 0.924267 0.0263182 0.0188526 0.00213736 0.0190992
0 0.000905319 0.00779082 0.014013 0.0101904 0.939273 0.00475223 0.0230755
5 0.129539 0.0182187 0.00898824 0.00294712 0.0378279 0.800089 0.00238993
13 0.00906112 0.94339 0.00315267 0.015642 0.00877589 0.0131252 0.00685301
22 0.9254 0.000550795 0.00250536 0.000194999 0.00148253 0.0692374 0.000628933
13 0.011068 0.911124 0.00461923 0.0453288 0.00846839 0.0118328 0.007559
22 0.961402 0.0013493 0.00331463 0.000501972 0.0118299 0.0212528 0.000349159
11 0.00781137 0.0358387 0.0230281 0.905902 0.0149494 0.00849454 0.00397535
22 0.968914 4.23077e-05 0.000248788 0.00018642 0.00468013 0.0255162 0.000411909
19 0.00436499 0.000798875 0.00793281 0.0081273 0.00283717 0.00186219 0.974077
19 0.003391 0.0121618 0.00440496 0.0105598 0.0141644 0.0105361 0.944782
22 0.986766 2.20207e-05 0.00012797 4.2972e-05 0.00208775 0.0108339 0.000119464
4 0.00113105 0.00238185 0.940662 0.0209551 0.011683 0.00559018 0.0175964
22 0.971719 0.00164699 0.000260688 0.000832465 0.00111452 0.0242738 0.000152043
13 0.00263097 0.941198 0.000717761 0.0420007 0.00391167 0.00313207 0.0064093
22 0.885925 0.000277256 0.000367292 9.122e-05 0.00498572 0.10818 0.000173326
0 0.000638819 0.000415078 0.000452502 0.0001821 0.992712 0.00545918 0.000140354
5 0.0153876 0.0262284 0.0122117 0.0050832 0.081701 0.858061 0.00132679
22 0.84478 0.0340776 0.00460359 0.00377529 0.00949698 0.099986 0.00328099
5 0.133695 0.000120717 9.11568e-05 0.000530223 0.00138405 0.863644 0.000534844
0 0.00717692 0.0107753 0.0234501 0.00963904 0.921009 0.0185554 0.00939405
22 0.861554 0.00095285 0.00466806 0.00394885 0.0284476 0.0987529 0.00167583
0 0.00706234 0.000185856 0.00312773 0.000368783 0.936796 0.051737 0.000722245
5 0.00652165 0.0207109 0.00256554 0.00175752 0.0797049 0.88797 0.000769465
11 0.000810523 0.00822577 0.00516754 0.924675 0.00059051 0.000750116 0.0597801
22 0.859732 0.0379089 0.0031495 0.0115364 0.0154845 0.0687294 0.00345957
11 0.00249189 0.00840299 0.0238333 0.91998 0.010174 0.0112131 0.0239048
4 0.0223487 0.00228788 0.917736 0.0125661 0.0178827 0.0260403 0.00113798
11 0.0027366 0.0430003 0.00937924 0.896141 0.00198296 0.00104736 0.0457127
5 0.0872549 0.013753 0.00367545 0.0014689 0.0939188 0.794401 0.00552782
22 0.877149 0.00057983 0.000862357 0.00187648 0.0100027 0.108044 0.00148592
22 0.857296 0.019234 0.00813027 0.0061342 0.0341129 0.0715298 0.00356235
22 0.877313 0.00360903 0.00176172 0.00314201 0.00429047 0.107668 0.00221575
19 0.00149337 0.000241025 0.0221106 0.00284474 0.000478746 0.00176732 0.971064
13 0.016704 0.94814 0.00346553 0.0230873 0.00428234 0.00148713 0.00283369
13 0.0104414 0.898513 0.0214663 0.0449789 0.00755804 0.00783221 0.00920987
22 0.99145 0.000819652 2.27148e-05 0.000307883 0.000119896 0.00694925 0.00033057
5 0.131622 0.000251186 0.00282867 0.00071935 0.0254255 0.837422 0.00173063
4 0.0236092 0.00357293 0.950404 0.00326271 0.00352732 0.0151329 0.000490876
22 0.914311 0.000143025 0.000664109 9.629e-05 0.0113225 0.0732719 0.000191517
0 0.0012263 0.000915809 0.0244505 0.00126186 0.961968 0.00400766 0.00616949
5 0.0487396 0.00649097 0.00140066 0.00293313 0.0890429 0.85041 0.000982441
5 0.132569 0.000553238 0.00139748 0.000655295 0.0468812 0.81688 0.00106345
0 0.00983818 0.0121583 0.000198195 0.00079632 0.970212 0.00655663 0.000239895
22 0.888283 0.000126887 0.000451717 0.00093367 0.000811217 0.108881 0.000512526
11 0.00123432 0.0246941 0.0154068 0.93501 0.00943507 0.00370536 0.0105144
5 0.129176 0.00182649 0.000703452 0.00135012 0.0664711 0.799792 0.000680801
19 0.00423317 0.0283315 0.016526 0.0526603 0.00965503 0.00279789 0.885796
22 0.980721 0.00237486 0.000488434 0.000585619 0.00121753 0.013902 0.000710057
13 0.00367626 0.930629 0.0074319 0.0456166 0.007223 0.00229813 0.00312516
22 0.954852 6.09348e-05 0.000200521 0.000182729 0.00294139 0.0415867 0.000175469
0 0.00481039 0.00565005 0.0172591 0.0020721 0.949257 0.0196981 0.00125278
11 0.00226725 0.0392353 0.00532179 0.930687 0.00400296 0.00108509 0.0174008
19 0.00395427 0.00282791 0.014134 0.00718602 0.00220338 0.0044594 0.965235
19 0.000432173 2.16645e-05 0.00307457 0.00093809 0.00235794 0.000694703 0.992481
4 0.0125742 0.00788771 0.92185 0.00694398 0.0287807 0.0210042 0.000959493
22 0.877238 0.000409246 8.49305e-05 5.7886e-05 0.0144171 0.107715 7.8325e-05
13 0.00288099 0.994812 6.16618e-05 0.00128218 0.000145539 0.000482486 0.000335413
4 0.00512616 0.00150734 0.93551 0.00622763 0.0232279 0.0270102 0.00139093
5 0.0137206 0.00121432 0.000272628 0.000577954 0.00527376 0.978601 0.000340175
0 0.0012338 0.0106405 0.00942128 0.00165428 0.962407 0.00233088 0.0123127
0 0.0187364 0.00169592 0.0104198 0.00045339 0.902588 0.0643271 0.00177915
5 0.04291 0.0440976 0.0154229 0.0120458 0.0634252 0.81822 0.00387888
11 0.000697514 0.00349573 0.00120441 0.930644 0.00178364 0.000908676 0.061266
22 0.882516 0.000706768 0.00102612 0.000573625 0.00617233 0.108155 0.000850298
4 0.0101022 0.00250213 0.927801 0.0180681 0.0186821 0.0167991 0.00604536
11 0.00582301 0.0339112 0.0299141 0.89593 0.00642471 0.0123394 0.0156576
11 0.0018936 0.00607252 0.00881359 0.960903 0.0106731 0.00346445 0.00817925
11 0.000257273 0.0374816 0.00313743 0.903476 0.00251516 0.000216137 0.0529164
11 0.00248335 0.0390264 0.00571743 0.92771 0.00383788 0.0027203 0.0185049
11 0.00535528 0.0414157 0.00905061 0.896981 0.0110638 0.0122879 0.0238458
11 0.000570617 0.00245255 0.0201663 0.961608 0.000550537 0.00116997 0.0134824
19 0.00409442 0.00268196 0.0236875 0.0130522 0.00715243 0.00826846 0.941063
5 0.131786 0.00028749 0.00330468 0.000499149 0.0162144 0.847162 0.000746436
13 0.00184062 0.984072 0.000427984 0.0069501 0.001679 0.00391744 0.00111298
5 0.13266 0.00025154 0.000416788 0.00107117 0.00954157 0.855441 0.000618125
0 0.00177142 0.00144585 0.000710072 0.000544799 0.98193 0.0131458 0.000451901
22 0.843797 0.0117314 0.0084857 0.0060123 0.0295643 0.0977242 0.00268525
22 0.934936 0.000156984 0.015085 0.00109038 0.000840822 0.0472921 0.000598866
5 0.13343 4.40359e-05 1.83631e-05 2.36549e-05 0.00509435 0.861323 6.62798e-05
0 0.0117154 0.00425897 0.00113995 0.00205601 0.917285 0.0630002 0.000544489
22 0.878199 0.00326281 0.0181902 0.0064016 0.00713588 0.084502 0.00230873
5 0.108089 0.0326896 0.00952865 0.00881445 0.0552778 0.778933 0.00666693
13 0.00197036 0.912327 0.00914589 0.0469059 0.00736348 0.00310073 0.0191864
5 0.131572 0.000558509 0.00192451 0.000967503 0.028827 0.835417 0.000733146
22 0.884645 0.000841136 0.000277768 0.000211333 0.00530352 0.107912 0.000809164
13 0.00927336 0.933588 0.00137519 0.0454474 0.00170404 0.00646217 0.00214999
13 0.0173525 0.913659 0.00474801 0.0269767 0.0136046 0.0216273 0.00203152
11 0.00163266 0.00168541 0.00115971 0.985192 0.000886588 0.00334816 0.00609523
5 0.0356295 0.000374756 0.00078187 0.00112381 0.0106349 0.95041 0.00104525
13 0.0130362 0.943689 0.00670607 0.00991631 0.00624771 0.020058 0.000346831
22 0.896332 0.00669257 0.02452 0.00354428 0.025731 0.03188 0.0112999
19 0.000688306 0.000253929 0.00261053 0.0134701 0.00401604 0.00135985 0.977601
22 0.874106 0.000609186 0.00141835 0.000734042 0.0150177 0.107076 0.00103795
22 0.878321 0.000169536 0.00014204 7.07877e-05 0.0129415 0.107963 0.000392418
5 0.0279553 0.0100992 0.0139237 0.00484985 0.0873615 0.850855 0.00495504
22 0.884157 0.000922466 0.000373774 0.000301165 0.00599706 0.107703 0.000546187
11 0.00157556 0.0428626 0.00535949 0.895617 0.0113865 0.00270292 0.0404964
0 0.00135222 0.00655518 0.0227048 0.0272817 0.906976 0.017815 0.0173151
19 0.00381415 0.00978955 0.0161582 0.0221493 0.0255368 0.00406591 0.918486
19 0.003808 0.00923068 0.0190746 0.0562598 0.013392 0.00745276 0.890782
0 0.0153405 0.000840994 0.00110839 0.000460374 0.959871 0.0221225 0.000256275
0 0.00752488 0.0130637 0.0146349 0.00390032 0.943504 0.00989561 0.00747697
0 0.0177518 0.00701456 0.0132961 0.00189323 0.908152 0.0481139 0.00377812
4 0.00128535 0.00032838 0.994962 0.000830164 0.000648496 0.000505599 0.00143978
4 0.00080427 0.000835288 0.984278 0.00571257 0.00145745 0.00296897 0.00394337
13 0.00854043 0.949492 0.00586908 0.0115189 0.0169699 0.00712394 0.000486212
19 0.00411698 0.0142674 0.020306 0.0565882 0.0120269 0.00644835 0.886246
22 0.884708 0.00272977 0.000712479 0.000624974 0.00270321 0.108186 0.000335397
0 0.00287208 0.000293888 0.00218093 0.00745907 0.916507 0.0692485 0.00143809
0 0.0043959 0.0120189 0.035669 0.0123865 0.890248 0.0227095 0.0225725
13 0.0059918 0.938587 0.00333649 0.0199284 0.0189437 0.0092543 0.00395826
22 0.966693 0.00215141 0.00963288 0.00126115 0.0117366 0.00784522 0.000680143
11 0.005503 0.0226933 0.0079252 0.893599 0.00652974 0.000777855 0.0629714
5 0.120076 0.00966528 0.0336024 0.0135943 0.02467 0.796069 0.00232309
5 0.119864 0.0309282 0.00268079 0.00305692 0.00487304 0.83727 0.00132657
22 0.95954 0.0108617 0.00688639 0.00416883 0.00456978 0.00940349 0.00456969
22 0.871871 0.00625365 0.00468161 0.0025833 0.00603331 0.107418 0.00115931
13 0.00119301 0.973664 0.000938042 0.00470175 0.0100069 0.00815214 0.00134428
0 0.0151231 0.000129569 0.000969739 0.000445949 0.935638 0.0474925 0.000201452
22 0.925264 0.0088877 0.015697 0.00397369 0.0214784 0.0209464 0.00375326
13 0.00464741 0.921815 0.00868367 0.0444401 0.00332206 0.00753556 0.00955613
11 0.000216115 0.00188824 0.000321969 0.992765 0.00155054 0.000438291 0.00282018
13 0.00335807 0.905078 0.00869098 0.0473495 0.00978469 0.0072853 0.018453
13 0.0133436 0.906557 0.00798387 0.0346602 0.0175557 0.0154446 0.0044551
13 0.00140359 0.912384 0.00845852 0.0466625 0.0071724 0.00964838 0.0142705
4 0.00934093 0.00212323 0.917858 0.00207946 0.0384557 0.0156581 0.0144841
13 0.00536722 0.914492 0.00266367 0.0446187 0.0183549 0.00185529 0.0126479
13 0.0083778 0.913353 0.0139515 0.0463125 0.00547418 0.0113093 0.00122219
22 0.964177 0.00404769 0.00193473 0.000329335 0.0106139 0.0182888 0.000608246
22 0.885328 0.000421679 0.0135139 0.00159579 0.00401499 0.0946505 0.000475226
5 0.0480578 0.0444213 0.0150451 0.0175447 0.0748074 0.791695 0.00842918
22 0.963262 0.0113921 0.00422745 0.00381099 0.00544208 0.00965429 0.00221096
22 0.959188 0.000419593 0.000663547 0.000280083 0.00668522 0.0324532 0.000310238
22 0.882886 0.000794509 0.00298114 0.00203403 0.00193385 0.108452 0.000918701
22 0.997127 3.04636e-05 0.000263433 6.5959e-05 1.68084e-05 0.00236345 0.00013267
22 0.92525 0.000390035 0.000628872 0.000381934 0.00459589 0.0681448 0.000608909
4 0.0116053 0.000233031 0.967198 0.00562028 0.00644419 0.00782436 0.00107524
13 0.000234027 0.993838 0.000229186 0.00306378 0.000491272 0.00031047 0.00183348
22 0.945785 0.00334129 0.0120001 0.00420488 0.00638508 0.026487 0.00179694
13 0.003366 0.928743 0.00198376 0.0413849 0.00404979 0.0193184 0.0011542
22 0.856431 0.000793864 0.0162075 0.00190427 0.0155056 0.104441 0.00471696
22 0.894793 0.00365877 0.00083245 0.00109539 0.00928779 0.0896684 0.00066447
0 0.00145209 0.00173682 0.00439837 0.000392306 0.988324 0.00269547 0.00100141
5 0.0923277 0.0287557 0.013468 0.00738956 0.0879625 0.763312 0.0067846
5 0.121153 0.00634365 0.0267585 0.0163428 0.0372686 0.789629 0.00250437
5 0.130516 0.00135361 0.0120453 0.00231321 0.0384545 0.813543 0.00177519
5 0.130953 0.00147072 0.0111803 0.00189041 0.0383831 0.814688 0.00143522
5 0.0552768 0.000530477 0.000201437 0.000256659 0.00201433 0.941562 0.00015808
13 0.00067912 0.916648 0.0196744 0.0449311 0.0104496 0.00160759 0.00601053
4 0.000611034 0.00121437 0.954143 0.0161817 0.00165394 0.00146584 0.0247298
11 0.00090636 0.039096 0.0189781 0.922803 0.00546146 0.00494453 0.00781078
19 0.00308779 0.0187869 0.00847625 0.056142 0.00894836 0.00181099 0.902748
13 0.00414774 0.965553 0.00249552 0.0106907 0.00722119 0.00616307 0.00372915
11 0.000359054 0.0147561 0.00211286 0.953234 0.00111669 0.000951743 0.0274696
11 0.000368705 0.0132539 0.00353017 0.926617 0.0018995 0.000558881 0.053772
0 0.00803407 0.00341874 0.0341236 0.00664888 0.924439 0.018998 0.00433748
11 0.00243438 0.0416356 0.0189117 0.892366 0.00485153 0.00456066 0.0352397
13 0.00691581 0.895478 0.0178092 0.0414722 0.0123497 0.0104408 0.0155347
4 0.0060551 0.0116075 0.937686 0.0116679 0.0179132 0.0124285 0.00264138
19 0.000553686 9.35098e-05 0.00136742 0.00144019 0.000935816 0.00130443 0.994305
19 0.00159705 0.0129094 0.0156282 0.0558378 0.006658 0.00566909 0.9017
22 0.881685 0.00078663 0.00102015 0.000870016 0.0079547 0.10666 0.00102357
13 0.00240301 0.942423 0.00225465 0.0457367 0.00144334 0.00276205 0.00297693
19 0.000854977 0.000675287 0.00979861 0.0153433 0.00846472 0.00117972 0.963683
5 0.127389 0.00267279 0.0176916 0.000929325 0.0659062 0.784616 0.00079463
22 0.858708 0.0153949 0.0283397 0.00440402 0.0314934 0.0580183 0.00364221
22 0.897068 0.0017951 0.000946308 0.00051981 0.0253342 0.0736396 0.000697336
5 0.131678 0.00105207 0.00149969 0.00705626 0.0110054 0.845333 0.00237587
0 0.0145001 0.00360907 0.0256369 0.00571783 0.886053 0.0594897 0.00499314
22 0.924494 0.00291918 0.00667396 0.000599498 0.0128942 0.0508475 0.0015721
22 0.988956 0.000492937 0.000639052 0.000402156 0.00036918 0.00841587 0.000724941
11 0.00736588 0.039456 0.0157853 0.916553 0.00854855 0.00500763 0.0072836
22 0.850085 0.018767 0.0094248 0.00299626 0.0150654 0.100717 0.00294449
11 0.00091203 0.00601792 0.0150781 0.911186 0.00878483 0.00255108 0.0554702
5 0.00358703 0.00920527 0.00130854 0.00609403 0.00349482 0.974627 0.00168332
5 0.0583412 0.0111332 0.0233716 0.0149299 0.0900538 0.796759 0.00541161
13 0.000212755 0.930806 0.00354085 0.0466415 0.00428849 0.000550794 0.0139594
19 0.000392676 0.000320732 0.0109446 0.0515473 0.000279076 0.000149492 0.936366
22 0.917627 0.00133324 0.00569633 0.000470535 0.0218569 0.0523236 0.000692137
22 0.961383 0.00125368 0.0129371 0.000407124 0.0127214 0.0102308 0.00106701
5 0.006219 5.98598e-05 0.000125795 0.000227244 0.00129325 0.991217 0.00085744
11 0.00465382 0.00200967 0.0239599 0.947013 0.00882602 0.0105068 0.00303093
13 0.000947387 0.94497 0.000644879 0.0464736 0.000404372 0.003356 0.00320359
4 0.0145923 0.0125757 0.923082 0.023576 0.00963968 0.0115518 0.00498244
22 0.944346 0.000148674 0.000125542 4.19896e-05 0.00652742 0.0487436 6.63e-05
13 0.0058998 0.892962 0.0144004 0.0420558 0.020298 0.0137918 0.0105921
22 0.904468 0.0129538 0.0146611 0.00211247 0.0247478 0.0374818 0.00357548
0 0.0124105 0.0192675 0.00586714 0.00894985 0.906629 0.0381983 0.00867761
11 0.00381331 0.0406732 0.00256843 0.914096 0.00601912 0.00283748 0.0299925
11 0.00831782 0.0392299 0.0159635 0.916618 0.00607778 0.0116878 0.00210521
22 0.876481 0.0105098 0.00388842 0.00306587 0.00380279 0.100464 0.00178878
11 0.0108866 0.0310096 0.0248216 0.922086 0.00134255 0.0090178 0.000835486
11 0.000320041 0.00554091 0.00117154 0.929805 0.000423294 0.000416636 0.0623221
4 0.00213023 0.00559728 0.942892 0.0239121 0.00396568 0.00635455 0.0151482
13 0.0182759 0.945115 0.0099976 0.00256235 0.0150313 0.00862329 0.000394604
13 0.0120135 0.943265 0.0117184 0.0084051 0.0125692 0.0099002 0.00212896
19 0.000969768 0.004773 0.00769325 0.0513546 0.0231377 0.0027395 0.909332
11 0.0063174 0.0358294 0.0145361 0.872089 0.0109317 0.0085321 0.0517646
11 0.00264718 0.0400245 0.00966456 0.883844 0.00643819 0.00114802 0.0562337
5 0.0493246 0.00999035 0.013021 0.0111878 0.0523893 0.859878 0.00420925
0 0.000655306 0.000826643 0.0188966 0.00246528 0.950402 0.00366025 0.0230937
22 0.844029 0.0201262 0.00654211 0.00445642 0.016568 0.105315 0.00296264
19 0.00214087 0.0333974 0.00852813 0.0417834 0.0116356 0.00171575 0.900799
