labels 22 5 13 0 11 4 19
22 0.930296 0.0600929 0.00446773 0.00252398 0.000987557 0.000747356 0.000884021
22 0.965193 0.0306358 0.000671044 0.00183591 0.000392007 0.000592976 0.00067925
5 0.0501937 0.928346 0.00101095 0.0146904 0.000417711 0.00497838 0.000363137
13 0.00420401 0.00862352 0.968129 0.00967315 0.00482518 0.00390457 0.000640277
13 0.000948815 0.00122669 0.98755 0.00498397 0.00343389 0.000441056 0.0014154
0 0.00592313 0.0563745 0.0070526 0.919755 0.00344593 0.00423347 0.00321565
11 0.00613035 0.00717279 0.010682 0.00606782 0.958375 0.00718947 0.00438266
4 0.00345156 0.0107587 0.00490411 0.00823317 0.00592712 0.964979 0.00174683
0 0.0117372 0.053716 0.00137809 0.928248 0.00155879 0.000901323 0.00246039
13 0.00710813 0.0136705 0.965941 0.00574272 0.00096614 0.00461352 0.00195797
0 0.00551971 0.023018 0.00921116 0.944539 0.00796971 0.0062793 0.00346327
13 0.000386219 0.00435205 0.976108 0.00180471 0.0111473 0.00107749 0.00512451
0 0.00733349 0.0455036 0.00740344 0.923113 0.00857405 0.00738492 0.000687177
4 0.00156731 0.00376971 0.00279619 0.00770952 0.00375352 0.970825 0.00957906
11 0.000219508 0.000381445 0.00240773 0.000225961 0.982809 0.00156056 0.0123962
19 0.0018352 0.00241197 0.00461379 0.0031769 0.382413 0.000717203 0.604832
0 0.000710762 0.00501116 0.00386562 0.973699 0.00630883 0.00111136 0.00929366
4 0.000973929 0.00435473 0.000749554 0.000330668 0.00817998 0.979353 0.00605859
4 0.00208583 0.00863911 0.00416249 0.00732285 0.00897491 0.967042 0.00177324
11 0.00337287 0.0029337 0.0109067 0.00511411 0.944711 0.0133849 0.0195769
0 0.000308364 0.00458453 0.00149435 0.97512 0.00405763 0.00413038 0.0103049
11 0.000643055 0.000481715 0.0116549 0.00267713 0.934912 0.0013982 0.0482328
11 0.00269181 0.0057711 0.0116028 0.00433134 0.959864 0.00572696 0.0100119
13 0.00294682 0.0010175 0.974346 0.0052784 0.0114104 0.00361534 0.00138602
4 0.00426759 0.0123395 0.0021638 0.001342 0.00944588 0.969489 0.000952682
0 0.0125369 0.0525968 0.00014598 0.929148 0.000690873 0.00373105 0.00114996
0 0.0138842 0.0446948 0.00499088 0.93004 0.00261056 0.00240457 0.0013752
22 0.968138 0.0288995 0.00018321 0.00236862 5.08277e-05 0.000153054 0.000207249
22 0.986162 0.00989338 6.39868e-05 0.00237207 0.000120402 0.00105767 0.000330888
0 0.00118855 0.00690749 0.00272367 0.97384 0.00712018 0.00611892 0.0021016
22 0.927856 0.060037 0.00410334 0.0058631 0.000735896 0.000940908 0.000464216
13 0.000602372 0.000365579 0.989584 0.00175024 0.00630689 0.000491011 0.000899884
5 0.0236606 0.919441 0.00443364 0.0468212 0.00156229 0.00262019 0.00146092
22 0.930559 0.0598984 0.0014595 0.00556357 0.000888491 0.000792511 0.000838726
11 0.00045036 0.000655722 0.00437947 0.000492293 0.94145 0.000955941 0.0516165
11 0.00261008 0.00371891 0.00554427 0.000895061 0.96489 0.00825642 0.0140853
13 0.000378396 0.000300356 0.993284 0.00103874 0.00157596 0.000679858 0.00274318
22 0.958872 0.0394973 0.000251652 0.00106351 0.000112098 6.40899e-05 0.000138937
11 0.00298046 0.00255724 0.0170813 0.00195954 0.928422 0.00448243 0.0425166
19 0.00258239 0.00347771 0.000911152 0.0069104 0.03063 0.0185328 0.936956
13 0.00405142 0.01582 0.958603 0.00511172 0.00872827 0.00498353 0.00270172
22 0.934774 0.060205 0.000762247 0.00210992 0.000607285 0.000890656 0.000650979
19 0.00212073 0.00418039 0.000384839 0.00743524 0.00560999 0.00593755 0.974331
22 0.936366 0.0603973 0.000245256 0.00211313 0.000284017 9.78864e-05 0.000496014
0 0.0113353 0.0579763 0.00130848 0.920839 0.00218361 0.00407399 0.00228309
19 0.00272687 0.00350632 0.000538351 0.00420075 0.0287362 0.0178465 0.942445
4 0.00679905 0.00180342 0.000747965 0.00680145 0.000936147 0.97745 0.0054616
19 0.00321359 0.00210972 0.00407545 0.00843665 0.0384879 0.0171056 0.926571
4 0.00117173 0.00589052 0.00319697 0.00551625 0.00874175 0.97006 0.00542284
22 0.951194 0.0238076 0.00467501 0.0134625 0.00178848 0.00269534 0.00237724
22 0.937567 0.0244804 0.00601041 0.0144751 0.00298743 0.00988314 0.00459647
5 0.0498982 0.924741 0.000446325 0.0227838 0.000385089 0.000721829 0.00102373
22 0.919004 0.0578238 0.00411857 0.0143817 0.00198657 0.00215046 0.000534661
19 0.000206916 0.000366331 0.000425638 0.000782707 0.0437737 0.00531308 0.949132
19 0.0030439 0.00535738 0.00100579 0.00317112 0.0063416 0.00627456 0.974806
0 0.000205384 0.00137716 0.000119791 0.987835 0.000652412 0.00719734 0.00261295
22 0.930431 0.059069 0.000962087 0.00844223 0.000349891 0.000141464 0.000604067
22 0.91463 0.0498556 0.00332223 0.0059336 0.00339213 0.0197949 0.00307179
19 0.00276688 0.00360919 0.000628953 0.00356379 0.00845736 0.014364 0.96661
4 0.00458085 0.0152968 0.000327905 0.00182922 0.00844039 0.966787 0.00273797
11 0.00128177 0.00199779 0.00961253 0.00445544 0.97529 0.00390389 0.00345852
13 0.00200453 0.00384768 0.956612 0.00577199 0.0127788 0.00826498 0.0107196
19 0.000768079 0.00109762 0.00213628 0.00414533 0.0440948 0.00241775 0.94534
5 0.0496544 0.910683 0.00591264 0.0222471 0.00271448 0.00622604 0.00256246
13 0.00183775 0.00321604 0.968826 0.00373773 0.0115997 0.00703904 0.00374385
11 0.00119692 0.00261781 0.00771717 0.00114789 0.940358 0.0138653 0.0330967
11 0.00187649 0.00141002 0.00697041 0.00471756 0.961292 0.0112122 0.0125213
19 0.00391371 0.00514583 0.00628386 0.00628246 0.0439318 0.00793812 0.926504
5 0.0325304 0.905826 0.00960023 0.0434721 0.00278277 0.00495858 0.000830283
19 0.000527849 0.00184854 0.000230621 0.000481266 0.00879777 0.000677249 0.987437
11 0.00200163 0.000515503 0.0116817 0.00272771 0.92681 0.00499167 0.0512714
0 0.00957418 0.0328509 0.00165412 0.949699 0.000907392 0.00391683 0.00139746
5 0.0497274 0.901381 0.0124912 0.0234305 0.00372317 0.0064903 0.00275644
5 0.0163901 0.905867 0.00301812 0.0384558 0.00223395 0.0273356 0.00669966
4 0.00294032 0.00521774 0.00380735 0.00610641 0.00726606 0.964334 0.0103281
5 0.0487646 0.913746 0.0136831 0.0177703 0.00327091 0.00165544 0.00111009
13 0.00273783 0.00473382 0.978066 0.008434 0.00240137 0.00150703 0.00211994
13 0.0113106 0.0145954 0.954267 0.00627275 0.00484255 0.00489294 0.00381862
13 0.000558105 0.000418145 0.979721 0.00113152 0.00976034 0.000216106 0.00819468
4 0.00260297 0.00424229 0.00477036 0.0016845 0.00875052 0.972254 0.00569508
13 0.00216826 0.00177389 0.972507 0.00417224 0.0111406 0.00124506 0.00699301
22 0.914311 0.0502847 0.00363312 0.0179545 0.00302693 0.00893025 0.00185941
22 0.936674 0.0603886 0.000160612 0.000881205 0.000668219 0.000224738 0.00100241
13 0.00331577 0.00494798 0.966241 0.00765678 0.0119946 0.0050647 0.000779427
11 0.00232849 0.00365265 0.0122838 0.00608767 0.957734 0.00194544 0.0159683
22 0.972755 0.0183439 0.000885068 0.00253704 0.000671241 0.00404683 0.000760793
11 0.000490606 0.00072664 0.00993453 0.00232832 0.979504 0.00126784 0.00574781
22 0.943585 0.0447621 0.000192868 0.00917143 0.000813517 0.000517969 0.000957417
0 0.0107238 0.0331788 0.000438087 0.951906 0.000725707 0.00235096 0.000676222
19 0.00236605 0.00186165 0.000781512 0.00275136 0.00411451 0.00829883 0.979826
13 0.00528598 0.00387285 0.978112 0.00356033 0.00433805 0.00340555 0.00142525
19 0.00246865 0.00478528 0.00391113 0.00676886 0.0444965 0.00786014 0.929709
22 0.98851 0.00984237 8.08081e-05 0.000417322 0.000181033 0.000619037 0.000349133
0 0.000233407 0.000525141 0.0036313 0.97578 0.00596322 0.00320552 0.0106613
13 0.00012076 0.000269895 0.974627 0.00208388 0.0114821 0.0020569 0.00935991
5 0.0489079 0.943431 0.00332636 0.00325486 0.000244903 0.000415672 0.000419553
19 0.00233096 0.00270822 0.00486138 0.00368287 0.0443988 0.00147538 0.940542
22 0.93413 0.0600233 5.36756e-05 0.00501781 0.000102931 0.000111151 0.000561401
0 0.0105204 0.0345807 0.00122564 0.948513 0.000626473 0.00410954 0.000424154
5 0.0500387 0.91941 0.00346928 0.0231759 0.00197098 0.000943248 0.000992016
0 0.00909079 0.0303258 0.011094 0.930108 0.00717863 0.00793657 0.00426567
19 0.000364651 0.000257056 2.93104e-05 0.00092469 0.00233524 0.00454983 0.991539
5 0.0490351 0.93892 0.00318879 0.00677579 0.000752852 0.00059945 0.000728475
5 0.0145158 0.921292 0.00481617 0.0459744 0.00261154 0.00911672 0.00167291
13 0.000812172 0.000765003 0.978043 0.00496028 0.0109731 0.00103901 0.00340789
11 0.00161421 0.00210469 0.00718255 0.00571248 0.958924 0.00539058 0.0190718
13 0.000382184 0.000322842 0.966869 0.00366817 0.01265 0.00274353 0.0133639
22 0.925946 0.0597418 0.00148527 0.00915448 0.00186588 0.00112911 0.000677271
22 0.933724 0.0595148 0.00154303 0.00452996 0.000213885 5.75832e-05 0.000417218
22 0.932051 0.0268473 0.00566921 0.0149676 0.00327267 0.0134821 0.00371017
22 0.926154 0.0393271 0.00421558 0.0174877 0.00232479 0.00895997 0.00153133
22 0.911097 0.0493538 0.00286638 0.0173658 0.00184176 0.0147497 0.00272534
5 0.0541673 0.911978 0.0061099 0.0126886 0.00584601 0.00678792 0.002422
0 0.00239123 0.0545252 0.0093463 0.925812 0.00585859 0.000712209 0.001355
11 0.0021985 0.00565628 0.0100507 0.00501592 0.969428 0.00300143 0.00464913
11 0.00368372 0.00524365 0.00343173 0.00146514 0.956549 0.0118176 0.0178089
22 0.918436 0.059807 0.00374295 0.00809213 0.00207678 0.00562895 0.00221601
22 0.923717 0.0583131 0.00213769 0.00462863 0.00225389 0.00770688 0.00124245
22 0.935891 0.0602736 0.000300643 0.00249575 0.000186693 8.62473e-05 0.000765828
13 0.00321736 0.0112342 0.9664 0.00846095 0.00270741 0.0065028 0.00147724
11 0.00404674 0.0062373 0.00575534 0.00408487 0.949375 0.0116932 0.0188076
0 0.000811444 0.00128503 0.00132004 0.982306 0.00131108 0.00618201 0.00678436
0 0.0123757 0.0518266 0.00326703 0.931769 0.000337591 0.000274429 0.000149995
5 0.023688 0.912006 0.00442399 0.0456613 0.00284905 0.00812898 0.00324238
19 0.000483937 0.000381592 0.000117862 0.00173727 0.0236726 0.00619496 0.967412
11 0.000279255 0.000380485 0.00976727 0.00236628 0.982832 0.0010514 0.00332364
22 0.97292 0.015366 0.000338305 0.0106753 0.000182036 0.000331328 0.000186894
19 0.00162024 0.00271052 0.0027595 0.0066338 0.0192145 0.0163179 0.950744
11 0.00229733 0.00329566 0.00278394 0.0015974 0.973641 0.00969431 0.0066902
0 0.00478228 0.0152929 0.000561862 0.966745 0.00207082 0.00611382 0.00443341
5 0.0500795 0.911872 0.00534261 0.0229799 0.00302184 0.0041132 0.00259104
4 0.00367705 0.00437682 0.00381565 0.0069207 0.00287819 0.974431 0.00390028
0 0.00686702 0.0479906 0.00832602 0.929158 0.00155689 0.00528141 0.000820341
19 0.00110045 0.00370544 0.000412831 0.00110576 0.0114079 0.00624179 0.976026
0 0.0136136 0.0494967 0.000297592 0.934582 0.000423693 0.00120642 0.000379531
5 0.0400566 0.892181 0.0118645 0.0312568 0.00427755 0.0194367 0.000926614
5 0.0509407 0.897033 0.00521424 0.0339274 0.00316859 0.00670983 0.00300627
22 0.97595 0.0146645 5.81418e-05 0.00815507 0.000253948 0.000564179 0.000353887
19 0.000445573 0.000983761 0.000100736 0.000366033 0.00589457 0.0038199 0.988389
0 0.00988287 0.0514576 0.00863468 0.916775 0.00927715 0.0025139 0.00145841
22 0.92939 0.0589914 0.000133513 0.00749123 0.000960524 0.00150227 0.0015313
22 0.969038 0.00781555 0.00287875 0.0102221 0.00213179 0.00510638 0.00280705
19 0.00285763 0.00360084 0.0142551 0.0153225 0.0279744 0.00694865 0.929041
22 0.922369 0.054001 0.000710474 0.0168682 0.00221356 0.00146889 0.00236905
4 0.00682758 0.00831794 0.00303919 0.00523401 0.00661678 0.959786 0.0101786
19 0.000404486 0.0011094 0.00164978 0.00147305 0.0358888 0.00900722 0.950467
4 0.00742597 0.0108836 0.000478024 0.00288286 0.00890784 0.966455 0.00296621
19 0.00295508 0.00518779 0.00219548 0.00120395 0.015083 0.0152338 0.958141
22 0.921666 0.0546101 0.0042555 0.0162904 0.00141872 0.000954807 0.000804345
5 0.0278661 0.888766 0.00311825 0.0544477 0.00525111 0.017715 0.00283536
22 0.922254 0.069157 0.000800815 0.00609083 0.000373452 0.000745063 0.000578345
5 0.050926 0.910372 0.00402111 0.0307832 0.00162445 0.00136178 0.000911419
4 0.0040414 0.00205151 0.00411829 0.00089524 0.00837722 0.975393 0.00512284
22 0.860719 0.115653 0.00869892 0.00464365 0.00216571 0.00605255 0.00206704
5 0.0506016 0.897144 0.0127798 0.0254057 0.00392983 0.00767666 0.00246281
19 0.000840165 0.00112034 0.00330261 0.00374431 0.0453172 0.00619674 0.939479
22 0.936639 0.0603548 0.000444266 0.00122944 0.000414157 0.000353978 0.000564052
22 0.93391 0.0602386 0.00035747 0.00115838 0.000883202 0.00237102 0.00108177
5 0.021308 0.904566 0.0177444 0.0428376 0.00337478 0.00694295 0.00322593
5 0.394775 0.578092 0.000179158 0.0171041 0.000823131 0.00785188 0.00117492
22 0.928564 0.0595229 0.000839081 0.00494324 0.00119766 0.00450776 0.000425055
5 0.00579859 0.94201 0.000327435 0.0357169 0.00264545 0.0100664 0.00343535
11 0.000469122 0.000635177 0.00504324 0.00129559 0.934466 0.00586177 0.0522295
11 0.00118751 0.000995601 0.00591013 0.0047138 0.942952 0.0151671 0.0290742
11 0.000665619 0.00140719 0.0105205 0.00191083 0.973204 0.00199741 0.0102942
22 0.990414 0.00296038 0.000985844 0.00122804 0.000663996 0.00313215 0.000615431
11 0.00055118 0.000367517 0.00552526 0.00360671 0.933227 0.00423225 0.0524902
4 0.00543457 0.00827788 0.00447553 0.00560479 0.00740834 0.967152 0.00164692
13 0.00276684 0.0141471 0.957812 0.00668286 0.0111076 0.00666494 0.000819135
11 0.000503541 0.000538676 0.0102966 0.000653217 0.945309 0.00103924 0.0416598
5 0.0269994 0.900753 0.00646041 0.0468919 0.00780486 0.0084159 0.00267437
5 0.048877 0.887229 0.00743539 0.0374181 0.00431834 0.0117932 0.00292854
0 0.00519669 0.0566742 0.00162023 0.933948 0.000677526 0.00156244 0.000321013
11 0.00171796 0.000909552 0.011207 0.00222548 0.930959 0.00145709 0.0515241
4 0.00169608 0.00377829 0.00361084 0.00279192 0.00794333 0.976917 0.00326254
22 0.983499 0.0141982 0.000395407 0.00114689 0.000423976 0.000130812 0.000205967
22 0.973669 0.0207989 0.00204709 0.00230314 0.000375428 0.000385087 0.000420896
0 0.0031536 0.0216389 0.00774276 0.946546 0.00822134 0.00784049 0.0048571
5 0.056433 0.906554 0.00709702 0.0203064 0.0024865 0.00553088 0.00159267
11 0.0024607 0.00138998 0.00962472 0.00398412 0.976282 0.00109089 0.00516784
22 0.947297 0.0321741 0.00341013 0.0128107 0.00189094 0.00118806 0.00122895
19 0.00173969 0.00455146 0.00113852 0.00273984 0.0222601 0.0165393 0.951031
5 0.0210514 0.967777 0.000689514 0.00615441 0.000768093 0.00176181 0.00179732
4 0.00905743 0.014464 0.00196322 0.00283833 0.00181076 0.969117 0.000749281
19 0.00296619 0.00426753 0.00290684 0.00895932 0.0206684 0.0168588 0.943373
11 0.00203908 0.00383459 0.0137728 0.00579042 0.938969 0.00537523 0.0302184
0 0.00779126 0.0298411 0.000543261 0.956309 0.000617137 0.00425897 0.000639146
11 0.000198952 0.000260664 0.0100419 0.000821187 0.980364 0.00263593 0.00567743
5 0.04953 0.903843 0.00152834 0.0392839 0.00120434 0.00358748 0.00102325
13 0.00011841 0.000191722 0.97869 0.00131408 0.0109874 0.000254857 0.00844397
22 0.928979 0.0334812 0.0139179 0.0169282 0.00304067 0.001533 0.0021203
0 0.00971215 0.050638 0.00189308 0.9257 0.00307456 0.00834241 0.00064004
19 0.00256575 0.00379008 0.00266806 0.00469041 0.0295306 0.0182619 0.938493
0 0.013707 0.043588 0.000539714 0.940309 0.000575622 0.00101802 0.000262712
13 0.000151513 0.000510922 0.975482 0.00613595 0.0114257 0.00199051 0.00430381
19 0.0026442 0.00301081 0.00283005 0.00395088 0.0319598 0.0186624 0.936942
13 0.00205312 0.000609201 0.975265 0.00616586 0.00595572 0.00349135 0.00645957
19 0.00269206 0.00387249 0.00470953 0.00296333 0.0319698 0.018877 0.934916
11 0.00375704 0.00484171 0.0113638 0.00213434 0.958927 0.00829302 0.0106826
22 0.925006 0.0579193 0.00137427 0.0134097 0.000596899 0.00087954 0.000814539
0 0.00661729 0.0217733 0.000565772 0.96405 0.00130976 0.00490427 0.000779204
19 0.00260329 0.00424393 0.0148322 0.00901598 0.0316489 0.0047589 0.932897
22 0.931935 0.0601596 3.137e-05 0.00700603 0.000152426 0.000228891 0.000486207
19 0.00031357 0.000424503 2.85249e-05 0.00163657 0.00233846 0.00290133 0.992357
22 0.949029 0.0382539 0.000423933 0.00939605 0.000304601 0.0020079 0.000584445
19 0.00246551 0.00241539 0.007318 0.00167131 0.0443996 0.00650305 0.935227
22 0.919965 0.0550457 0.00373206 0.0161072 0.0010193 0.00323454 0.000896013
11 0.000652674 0.00141355 0.00486323 0.00229367 0.936535 0.0146008 0.0396412
11 0.00393507 0.0029044 0.00991757 0.00508183 0.971712 0.00505298 0.00139628
13 0.00276993 0.0020106 0.968651 0.00583595 0.0118647 0.00474024 0.00412792
0 0.00191435 0.0163082 0.00336372 0.957748 0.00656572 0.0099053 0.00419474
19 0.000515478 0.000662223 0.000732163 0.0030581 0.0253074 0.0099708 0.959754
0 0.0141792 0.0481497 0.00291028 0.92423 0.00381539 0.00608415 0.000630859
22 0.93488 0.0601882 0.000244507 0.00329888 0.000316317 0.000511451 0.000560906
22 0.922981 0.0459808 0.00346459 0.00846593 0.00264554 0.0138778 0.00258428
11 0.00370057 0.00506175 0.00570551 0.0142268 0.947779 0.00869326 0.0148333
22 0.954663 0.0409176 0.000113682 0.00254625 0.000166715 0.000941341 0.000650897
22 0.922719 0.0598851 0.00415627 0.00386968 0.0026616 0.00452631 0.00218238
11 0.0018339 0.00160044 0.006151 0.00339987 0.93114 0.00341453 0.0524606
22 0.906669 0.0541973 0.00846063 0.011068 0.00828138 0.00926429 0.002059
4 0.00212033 0.00460172 0.00526054 0.00415517 0.00704392 0.964898 0.0119199
13 0.00411758 0.00545135 0.955311 0.00660722 0.0129857 0.00487857 0.0106484
11 0.00076297 0.00225215 0.00730362 0.00125172 0.958743 0.00531605 0.0243706
22 0.964366 0.0140909 0.00035051 0.00528999 0.000558848 0.0132965 0.00204736
11 0.00195236 0.00267111 0.00562576 0.00401746 0.929974 0.00331953 0.0524393
11 0.000449991 0.000399311 0.00529531 0.0036623 0.936727 0.000916464 0.0525492
0 0.00986921 0.0544915 0.00573973 0.9153 0.00718212 0.00501313 0.00240479
5 0.0508315 0.913014 0.000401809 0.0246588 0.000843644 0.00796631 0.0022838
22 0.994552 0.00236597 0.000753325 0.000117799 0.000191092 0.00149504 0.000524411
22 0.932851 0.0321521 0.00162189 0.0164027 0.00233439 0.0108893 0.0037483
13 0.00110543 0.00318845 0.962421 0.0060826 0.0124668 0.00594468 0.0087911
11 0.00272383 0.00653083 0.00524038 0.00347209 0.945623 0.0126002 0.02381
0 0.00984677 0.0327957 0.00114373 0.945923 0.00385103 0.00507806 0.00136135
13 0.0038329 0.00688961 0.972974 0.00113362 0.0107679 0.00222421 0.00217767
19 0.00257838 0.00446356 0.00419313 0.0047922 0.0442868 0.00732994 0.932356
13 0.0025189 0.0125697 0.956359 0.00484405 0.0123254 0.00900234 0.00238098
5 0.0401528 0.94999 0.0024434 0.00647887 0.000252175 0.000210564 0.000472032
22 0.923552 0.0599179 0.00121053 0.00813961 0.00119522 0.00522025 0.000764814
5 0.0506636 0.91001 0.00281265 0.0279948 0.00158168 0.00553999 0.00139758
22 0.932522 0.0601668 0.00144941 0.00347898 0.000593803 0.00119532 0.000593543
0 0.00241845 0.0290902 0.00424902 0.95254 0.00934889 0.00137842 0.000975068
13 0.000163558 0.000111372 0.975172 0.0024193 0.0117867 0.000249529 0.010097
13 0.0069605 0.0017009 0.987764 0.000726754 0.00156412 0.000916079 0.00036771
11 0.000694594 0.00274008 0.0172079 0.00416432 0.931192 0.00328268 0.0407188
0 0.00595202 0.0572054 0.00415452 0.923242 0.00289862 0.0041995 0.00234822
4 0.00408127 0.0069444 0.00351216 0.00490851 0.00913905 0.967587 0.00382745
4 0.00477182 0.014182 0.002204 0.00296949 0.00967448 0.964331 0.00186725
0 0.0132502 0.0442182 0.00761818 0.926421 0.00266163 0.00398203 0.00184915
13 0.00216053 0.0112833 0.954688 0.00991746 0.0114605 0.00428896 0.00620085
0 0.00551898 0.0538446 0.00131202 0.924628 0.00300422 0.0094137 0.00227832
19 0.0027969 0.00303656 0.00425544 0.0035655 0.0444228 0.00883319 0.93309
13 0.00175084 0.000584966 0.976017 0.00801886 0.00336158 0.0028823 0.00738431
19 0.00341092 0.00462542 0.00200897 0.0031281 0.00711306 0.00682706 0.972886
22 0.966457 0.0158532 0.00805077 0.00281794 0.0037393 0.000908713 0.00217341
0 0.00260229 0.0579207 0.00345987 0.932056 0.000893574 0.000701015 0.00236627
22 0.933575 0.0602666 0.000623349 0.00328449 0.000717168 0.00116879 0.000364553
0 0.0131515 0.0463557 0.00896059 0.926776 0.00208495 0.000546889 0.00212424
22 0.952632 0.0278599 0.000924213 0.0143314 0.000480307 0.00299211 0.000779619
11 0.000720626 0.00198897 0.00247667 0.00180144 0.98518 0.00190767 0.00592481
19 0.00154903 0.00121415 0.00247492 0.000528437 0.0440794 0.00662877 0.943525
22 0.911038 0.0583071 0.00640676 0.0103463 0.00220508 0.0093009 0.00239565
19 0.000761683 0.000384374 3.04316e-05 0.000429744 0.000952576 0.000877642 0.996564
19 0.0025453 0.00229454 0.000318944 0.00244715 0.0209716 0.0132024 0.95822
22 0.930503 0.0444216 0.000311136 0.0179911 0.000736298 0.00487851 0.00115785
22 0.951121 0.0460532 0.000166708 0.00194207 7.1726e-05 0.000114377 0.000531096
5 0.0487594 0.939477 0.000219076 0.00950832 0.000158065 0.00115928 0.000718443
4 0.00392335 0.00711259 0.00472528 0.00351248 0.00853092 0.970777 0.00141805
11 0.000611326 0.00185937 0.0169651 0.00320438 0.937229 0.000752583 0.0393781
5 0.0557559 0.92688 0.00252018 0.0120031 0.00149792 0.000604868 0.000738482
4 0.00904484 0.0111664 0.000285358 0.00267479 0.000263847 0.975506 0.00105829
11 0.00186657 0.00259373 0.00586718 0.00295632 0.923317 0.0142041 0.0491952
19 0.00214014 0.00327198 0.000514989 0.00149161 0.00209644 0.00445466 0.98603
22 0.968621 0.0171766 0.00228843 0.0018032 0.0027928 0.0065149 0.000802695
4 0.000550484 0.000944441 0.00315048 0.00251766 0.00888412 0.974768 0.00918514
0 0.000399045 0.00392308 0.00207284 0.974185 0.00446282 0.00450587 0.0104513
5 0.0495697 0.913058 0.00655816 0.0217543 0.00193181 0.00565997 0.00146769
4 0.00178986 0.00441426 0.00444274 0.00815012 0.00351202 0.970407 0.00728364
13 0.00543148 0.0126525 0.96183 0.0050614 0.00704868 0.00247048 0.00550583
22 0.936074 0.0603731 0.000279747 0.00115418 0.000180434 0.00114268 0.000795868
13 0.00419685 0.00984447 0.964117 0.004206 0.0122495 0.00277365 0.00261289
11 0.000288468 0.00062938 0.00816059 0.00378005 0.932149 0.00259298 0.0523996
11 0.00434665 0.00597978 0.0122226 0.0110076 0.947307 0.00912307 0.0100136
4 0.006092 0.00403277 0.00197896 0.00790979 0.00151965 0.971859 0.00660746
22 0.932897 0.0582023 8.82597e-05 0.00672745 0.000404366 0.000491749 0.00118878
19 0.00311457 0.00149073 0.00106165 0.00185816 0.0108498 0.0114009 0.970224
19 0.0026307 0.00633921 0.00490154 0.00470751 0.0202816 0.00290198 0.958237
22 0.949381 0.0424483 0.000201026 0.00582607 0.000312697 0.000664217 0.00116682
4 0.00066991 0.00305977 0.000820768 0.00591567 0.00663378 0.973477 0.00942341
22 0.979105 0.0175185 0.0006186 0.00183662 0.000643567 0.000129992 0.000147944
13 0.00125929 0.00474067 0.973297 0.00451385 0.0112889 0.000820593 0.00407945
0 0.00095775 0.00901464 0.0007115 0.988181 0.000489783 0.000325481 0.000320181
5 0.00741607 0.926825 0.0123316 0.0439419 0.00171627 0.00685299 0.000916016
4 0.00477392 0.00339824 0.00484678 0.00762815 0.0079527 0.965628 0.0057719
22 0.91674 0.0591266 0.0116802 0.0060788 0.00207031 0.00235133 0.0019528
5 0.0487787 0.942972 0.00036187 0.00534549 0.000810816 0.00054355 0.00118728
0 0.00487868 0.0168969 0.00686371 0.954218 0.0049537 0.00780113 0.00438775
0 0.00831315 0.0568648 0.000329706 0.929217 0.000979176 0.00212741 0.00216889
5 0.00645947 0.937551 0.0060779 0.0455413 0.00188549 0.001643 0.000841816
11 0.000991804 0.00115369 0.00955558 0.000625895 0.943186 0.00176556 0.0427216
22 0.911256 0.0515537 0.0130173 0.0139818 0.00518228 0.00297528 0.00203374
11 0.00283721 0.00759942 0.00630776 0.00553292 0.934519 0.0152416 0.0279623
4 0.00938066 0.0115071 0.00175029 0.00378651 0.00434768 0.968474 0.000753625
11 0.00158504 0.000898164 0.0143895 0.00343463 0.948003 0.00621121 0.0254779
5 0.0355813 0.900788 0.00539931 0.0481689 0.000677629 0.00633334 0.00305198
22 0.971364 0.0153378 0.00132441 0.00552697 0.000620117 0.00516104 0.000665399
22 0.837144 0.148928 0.000517674 0.00894047 0.00169068 0.00118209 0.00159737
22 0.92493 0.0427027 0.00605958 0.0179506 0.00261142 0.00374039 0.0020051
22 0.930781 0.0600641 0.00220488 0.00227165 0.00176886 0.00151345 0.00139567
19 0.00236729 0.00264881 0.000397077 0.000784182 0.00531611 0.0135665 0.97492
13 0.00905455 0.00386596 0.967536 0.00404672 0.00727137 0.00586975 0.00235607
13 0.000500498 0.00057645 0.968029 0.007557 0.0117671 0.00494125 0.00662855
13 0.00352778 0.00567949 0.960374 0.00353156 0.0119682 0.0100015 0.00491722
22 0.957449 0.03837 0.000835555 0.00260742 0.00029363 3.53455e-05 0.000408686
5 0.0494701 0.920971 0.000299439 0.0222584 0.000856549 0.00394346 0.00220112
4 0.00851257 0.00941005 0.00202891 0.00227128 0.00275446 0.974161 0.000861485
22 0.9308 0.058739 8.73218e-05 0.00887335 7.04783e-05 0.0010975 0.000332316
0 0.00151137 0.00436328 0.000597272 0.983251 0.000935557 0.00756229 0.00177923
5 0.0568341 0.908683 0.000229148 0.0305403 0.000629318 0.00180357 0.00128085
0 0.00423051 0.00631245 0.00485871 0.983803 0.000482129 0.000125173 0.000188235
22 0.930618 0.0600038 0.00039311 0.00282449 0.00233043 0.00165501 0.00217533
11 0.0019911 0.00376392 0.0132155 0.00639957 0.945871 0.0106414 0.0181176
22 0.929388 0.0522391 0.00535309 0.0108091 0.000490522 0.000812018 0.000907907
19 0.00269737 0.00265977 0.00736766 0.00418738 0.0444602 0.00900618 0.929621
22 0.986429 0.00972568 0.00161773 0.000715793 0.000393614 0.000461075 0.000656795
13 0.00221852 0.00148803 0.973027 0.00471144 0.0111698 0.00406402 0.00332142
0 0.00384767 0.0187656 0.0026881 0.962673 0.00163422 0.00920525 0.00118627
11 0.00214173 0.00160856 0.0139096 0.00407613 0.944164 0.00673369 0.0273659
19 0.00267609 0.00478102 0.00233565 0.00295059 0.016641 0.00726743 0.963348
19 0.00060033 0.00139204 0.000203232 0.00195891 0.00912624 0.00613839 0.980581
4 0.00490422 0.0139027 0.00316269 0.00726989 0.00319518 0.967015 0.000549937
22 0.925252 0.056428 0.000901532 0.0153427 0.000482359 0.000348891 0.00124407
11 0.000876674 0.00101524 0.00468096 0.00353839 0.913866 0.00334051 0.0726827
13 0.00276096 0.00069234 0.995031 0.000467007 0.000726759 8.92439e-05 0.000232669
5 0.010701 0.984209 0.000469032 0.00352456 0.000517199 0.000299022 0.00028017
22 0.987345 0.00345887 0.00311383 0.00151203 0.00103381 0.00303205 0.00050405
0 0.000721154 0.00391271 0.00353412 0.975413 0.00130082 0.00790884 0.00720938
0 0.0144498 0.0465431 0.00190147 0.926317 0.00219859 0.00505086 0.00353935
5 0.0195369 0.924984 0.0160943 0.0278362 0.00437581 0.00591648 0.00125601
11 0.000615956 0.000710048 0.00370583 0.0015419 0.953503 0.00288538 0.0370383
4 0.00418531 0.0133922 0.00104235 0.00392644 0.00735889 0.966033 0.00406142
11 0.000730188 0.00102514 0.0114989 0.00458032 0.92961 0.00133946 0.0512156
11 0.00318391 0.00531509 0.011411 0.00398588 0.951128 0.012061 0.012915
11 0.00151581 0.00252501 0.00589978 0.00482879 0.972444 0.00886769 0.00391913
11 0.000413348 0.000351753 0.0160544 0.00160675 0.932654 0.0020506 0.0468689
11 0.00186833 0.00260389 0.0102254 0.00414061 0.972806 0.00145093 0.00690522
13 0.00123934 0.00113207 0.974909 0.00278608 0.0106285 0.000845445 0.00845998
11 0.000993594 0.00141297 0.00321752 0.000744414 0.957703 0.0129193 0.0230093
19 0.00292993 0.00461783 0.00171719 0.00382525 0.0122981 0.0147241 0.959888
5 0.0488134 0.930346 0.000560564 0.0135063 0.000648117 0.00441962 0.00170627
13 0.000946508 0.0053308 0.989694 0.00144757 0.00178979 0.0002166 0.000574538
5 0.0491971 0.914045 0.0019127 0.0218236 0.00442989 0.00658944 0.0020024
22 0.917026 0.0591592 0.00427282 0.0108787 0.00275818 0.00435189 0.00155328
22 0.945266 0.0394309 0.000126197 0.0012816 0.0014097 0.0115357 0.000950181
5 0.0493194 0.926663 0.00065572 0.0218847 0.00042531 0.000372313 0.00067935
0 0.00562854 0.0574075 0.00239652 0.932604 0.00118368 0.000299002 0.000480294
22 0.921171 0.0596768 0.00246342 0.00291295 0.00335404 0.00869358 0.00172781
5 0.0476585 0.896157 0.0120388 0.031764 0.00408581 0.00509628 0.00319968
13 0.00127627 0.00325463 0.965585 0.00221807 0.012014 0.00504463 0.0106073
5 0.0495395 0.922736 0.000447409 0.0223658 0.000773563 0.00343658 0.000701332
22 0.935049 0.0599508 0.000606521 0.00294337 0.000267687 0.000426732 0.000756067
13 0.00447987 0.00516875 0.972936 0.00121513 0.0113032 0.00159315 0.00330385
13 0.00541848 0.015242 0.963069 0.00646546 0.0055466 0.0026677 0.00159088
11 0.00201342 0.00487279 0.00307052 0.00220897 0.975465 0.00227298 0.0100967
13 0.00883805 0.0146339 0.966215 0.00451039 0.00264685 0.00278488 0.000370951
22 0.930557 0.0322112 0.00295718 0.0155688 0.00212916 0.0104668 0.00610978
19 0.000570492 0.00143232 0.000299499 0.0024208 0.039411 0.00927673 0.946589
22 0.932829 0.0601571 0.000269989 0.00426555 0.000422269 0.00134973 0.00070643
22 0.928056 0.0591353 5.91638e-05 0.0112814 0.000184631 0.000372585 0.00091119
5 0.0247457 0.912042 0.00476514 0.0461954 0.001688 0.00750644 0.00305737
22 0.933318 0.0595812 0.000614689 0.00487086 0.000339969 0.000565278 0.000709562
13 0.00334704 0.00632741 0.972354 0.00849815 0.00281707 0.00381277 0.00284373
0 0.00148708 0.0172128 0.00419746 0.941742 0.0136675 0.0124025 0.00929021
19 0.00251844 0.00255816 0.00382208 0.0122209 0.0334048 0.0186133 0.926862
19 0.00249962 0.00438083 0.00314907 0.00428303 0.0444003 0.0116152 0.929672
0 0.00403634 0.0160147 0.00753389 0.954677 0.00416276 0.00732491 0.00625041
0 0.00734519 0.0140859 0.00140049 0.971321 0.000533422 0.00387313 0.0014413
4 0.00101604 0.00214257 0.000717189 0.00111319 0.00194595 0.987873 0.00519196
4 0.00114451 0.00191548 0.00100961 0.000890569 0.00542344 0.984996 0.00462011
19 0.00262375 0.00359103 0.00457878 0.00427803 0.0435915 0.0139672 0.92737
22 0.932957 0.059895 0.0013717 0.00264215 0.000919931 0.00147826 0.000736095
0 0.00204355 0.0579249 0.000739745 0.928739 0.00475387 0.00381142 0.00198707
13 0.0043036 0.00802171 0.961281 0.00867847 0.00967447 0.00420746 0.0038333
22 0.968194 0.0174922 0.001402 0.00602734 0.000902417 0.0051186 0.000863257
11 0.00190428 0.00110141 0.00684625 0.0031716 0.929834 0.00469514 0.0524472
5 0.0470401 0.908516 0.00548286 0.0116612 0.00576445 0.0193574 0.00217806
5 0.0474052 0.926656 0.0118037 0.00656122 0.00364839 0.00293138 0.000994099
22 0.960356 0.0131541 0.00462469 0.0109504 0.00227002 0.00571845 0.00292606
22 0.924616 0.0599321 0.00313193 0.0060638 0.00232064 0.00214946 0.00178613
13 0.00161449 0.0114756 0.972356 0.00686786 0.00482216 0.00129813 0.00156627
0 0.0138794 0.0479637 0.000227453 0.935258 0.000862887 0.00146046 0.000347664
13 0.0016253 0.00140123 0.972623 0.00149696 0.0114297 0.00216177 0.00926217
22 0.914233 0.0554256 0.00327458 0.0151894 0.00202048 0.00771392 0.00214321
13 0.0018251 0.0056507 0.966766 0.00205824 0.0118579 0.00652726 0.00531488
11 0.000499521 0.000523967 0.00446863 0.00142156 0.985931 0.000689465 0.00646628
13 0.00169805 0.00571313 0.959827 0.00605186 0.0125243 0.00474652 0.00943884
13 0.0071531 0.00885646 0.95617 0.00955205 0.010963 0.00438164 0.00292415
13 0.00141114 0.00622548 0.962664 0.00310941 0.012028 0.00592174 0.00864008
13 0.00234108 0.00154212 0.966094 0.00781634 0.0116729 0.00325446 0.00727907
13 0.00426122 0.00754003 0.964944 0.00356713 0.0122104 0.00685861 0.000618658
22 0.951255 0.0371277 0.00286981 0.00565615 0.000421457 0.00192979 0.000739625
22 0.930624 0.0600281 0.000253878 0.00308651 0.00129977 0.00420908 0.000498512
5 0.0220774 0.906261 0.0173147 0.0319113 0.009055 0.00967057 0.00370987
22 0.952815 0.0257929 0.00503826 0.0109846 0.00220837 0.00184662 0.00131439
22 0.974006 0.0212817 0.000123012 0.00333159 0.000210892 0.000743378 0.000303221
22 0.933472 0.0602965 0.000495731 0.00160721 0.00151942 0.0021138 0.000495396
22 0.990571 0.00729107 6.31652e-05 0.000141818 0.000205287 0.0012178 0.00050962
4 0.007972 0.011708 0.00036868 0.00390991 0.00536225 0.968145 0.0025347
13 3.79965e-06 4.24918e-06 0.996772 0.000165711 0.00169465 0.000284513 0.00107485
13 0.00185973 0.00566144 0.956542 0.00513253 0.0131163 0.00286194 0.0148262
13 0.00304221 0.0137487 0.964342 0.00472336 0.0116455 0.00104565 0.00145284
22 0.921155 0.0596932 0.000328549 0.00665664 0.00128081 0.00817209 0.00271409
0 0.000446598 0.00306568 0.00280914 0.991581 0.000258704 0.000266316 0.00157297
5 0.0431228 0.887077 0.01314 0.0425887 0.00377617 0.00701567 0.00327958
5 0.0495895 0.91681 0.000788324 0.0223016 0.00139484 0.00753132 0.00158442
5 0.0497163 0.913616 0.0012444 0.0222744 0.0027171 0.00865022 0.00178206
13 0.000367295 0.000702824 0.970335 0.00229958 0.0117552 0.00773378 0.00680624
4 0.000259162 0.000879158 0.00135368 0.000237542 0.00577765 0.980346 0.0111468
11 0.00140815 0.00420665 0.0103948 0.00404441 0.952938 0.0118137 0.0151943
19 0.00238483 0.00201275 0.00471847 0.00294318 0.0442607 0.00637698 0.937303
13 0.0020637 0.0111125 0.973352 0.00361563 0.00538205 0.00108328 0.00339109
11 0.000378619 0.000535296 0.00661239 0.00141047 0.935592 0.00613615 0.0493349
0 0.00488313 0.0345166 0.00244597 0.935317 0.0063581 0.0138197 0.0026593
11 0.00179684 0.00460816 0.014681 0.00295306 0.939652 0.0084571 0.0278514
13 0.00371554 0.00789229 0.951223 0.00653631 0.0129544 0.0102149 0.00746306
4 0.00243521 0.00645999 0.00668746 0.00496884 0.00347315 0.974799 0.00117679
19 0.000745783 0.00120677 0.000143621 0.000796368 0.00207975 0.0027425 0.992285
19 0.00139339 0.00381045 0.00441656 0.00164182 0.0442667 0.00706825 0.937403
22 0.933904 0.0599959 0.000441771 0.0030179 0.000604981 0.000903637 0.00113218
13 0.00107239 0.0030593 0.989138 0.000563293 0.00409387 0.000809889 0.00126348
13 0.000551066 0.000527169 0.978011 0.00639131 0.00464581 0.000895246 0.0089783
0 0.0168154 0.0339161 0.00365087 0.93994 0.00143214 0.00357532 0.000670537
19 0.00108535 0.00111315 0.00038481 0.00472047 0.0192823 0.0158706 0.957543
5 0.0465677 0.897541 0.00181038 0.0440541 0.000586356 0.00856302 0.000877446
22 0.931037 0.0356712 0.00400233 0.0158227 0.00242437 0.00847419 0.00256801
22 0.926114 0.0579366 0.0013204 0.0133471 0.000279567 0.000466739 0.000535143
5 0.0498281 0.91187 0.0015944 0.0225221 0.00483286 0.00670456 0.00264756
0 0.0089304 0.0527427 0.00244623 0.921595 0.00309892 0.00864602 0.00254098
22 0.920789 0.059766 0.00348912 0.0082571 0.00103346 0.00452694 0.00213879
22 0.970564 0.0261295 0.000259434 0.00192049 0.000277497 0.000382425 0.00046629
5 0.0309918 0.912644 0.00191906 0.0478831 0.00128688 0.00441638 0.000858653
11 0.000984695 0.000897224 0.0158991 0.00412501 0.929936 0.000929975 0.0472279
11 0.00322933 0.00410859 0.0107689 0.0055135 0.963661 0.00670519 0.006013
22 0.921205 0.0597387 0.00468984 0.00796124 0.00192526 0.00253541 0.00194438
5 0.00339515 0.976704 0.00524498 0.00588557 0.00334463 0.00405535 0.00137021
5 0.0254773 0.897202 0.00573621 0.0466002 0.00631404 0.0158754 0.00279471
13 0.00016864 0.000361327 0.972287 0.00297636 0.0112544 0.00518339 0.00776868
19 0.000668713 0.000578113 0.000282851 0.000762953 0.0433066 0.00709424 0.947307
22 0.923506 0.0592877 0.0015988 0.0104327 0.000451593 0.003794 0.000929362
22 0.988404 0.00664059 0.000611641 0.000916565 0.000259058 0.00245975 0.000708132
5 0.00371 0.990118 0.000276375 0.00330544 0.000364419 0.000948258 0.00127798
11 0.00298897 0.00555513 0.00148668 0.00652378 0.967142 0.0103987 0.00590498
13 0.000928642 0.00223375 0.981228 0.000585623 0.0110098 0.000665846 0.00334828
0 0.00840202 0.056652 0.00265155 0.930187 0.000879752 0.000823628 0.000403993
4 0.00558774 0.00892913 0.00564948 0.00199693 0.00925189 0.965309 0.00327614
22 0.936413 0.0601274 0.000374707 0.00209532 9.09553e-05 0.000475363 0.000423348
13 0.0027063 0.0129197 0.953091 0.00950203 0.0114275 0.00556906 0.00478463
22 0.921047 0.0393872 0.00530036 0.0182129 0.00215336 0.0115032 0.00239598
0 0.00932604 0.0407202 0.0132848 0.923473 0.00407355 0.00392861 0.00519336
11 0.0027945 0.00227733 0.0120044 0.00528988 0.947974 0.00248161 0.0271782
11 0.00469673 0.00517831 0.0115104 0.0041416 0.960078 0.00824976 0.00614492
22 0.930303 0.0600378 0.00373926 0.00199109 0.00171015 0.00130247 0.00091659
11 0.00466264 0.00494575 0.0108504 0.00285994 0.967285 0.00807159 0.00132475
11 0.000627782 0.000787594 0.00471578 0.00186578 0.937552 0.00235924 0.0520914
4 0.00093976 0.00394041 0.0028466 0.000649047 0.00770793 0.975071 0.00884521
13 0.0112016 0.00959971 0.966091 0.00678827 0.00170686 0.00437765 0.000235082
19 0.0025084 0.00343129 0.00492303 0.0035927 0.0444297 0.0107289 0.930386
13 0.00504328 0.0137317 0.958948 0.00533699 0.0105204 0.00493552 0.00148361
11 0.00181219 0.00131503 0.0339857 0.00444926 0.908089 0.00597707 0.0443722
0 0.00108264 0.0146642 0.00176897 0.95805 0.00487636 0.00628479 0.0132731
22 0.950877 0.0266239 0.00216419 0.00735938 0.00235813 0.00898918 0.00162776
22 0.912173 0.058614 0.0116647 0.00872171 0.00301128 0.00380466 0.00201042
5 0.0515925 0.912109 0.00696502 0.0215131 0.00110696 0.00559581 0.00111763
19 0.00261451 0.00290191 0.0150762 0.00518893 0.0378498 0.00683255 0.929536
