labels 22 5 13 4 0 11 19
22 0.945398 0.0466833 0.00607494 0.000170051 0.0008415 0.000607249 0.000224888
22 0.970464 0.026838 0.000240122 0.000353143 0.00102159 0.000534251 0.000549425
5 0.0619702 0.910644 0.00175152 0.0073332 0.0173207 0.000580101 0.000399877
13 0.00755876 0.0116856 0.951337 0.0056088 0.0138138 0.00910498 0.000891375
4 0.00418936 0.0128502 0.0145099 0.948324 0.00886096 0.00785683 0.00340924
13 0.00141734 0.00210674 0.983617 0.000774533 0.00554321 0.0047388 0.00180244
0 0.0101683 0.042235 0.00638227 0.0121976 0.921441 0.00386172 0.00371368
11 0.00892405 0.00876984 0.0223299 0.0185796 0.00744638 0.926476 0.00747389
4 0.00476196 0.0109135 0.00695339 0.953884 0.019486 0.00224413 0.0017569
0 0.00529411 0.0073518 0.0116758 0.00808744 0.952884 0.00922992 0.00547723
13 0.00033418 0.00338789 0.965951 0.000811673 0.00177933 0.0251404 0.00259533
0 0.00761839 0.0225739 0.00928492 0.00239902 0.952189 0.00551629 0.000418802
5 0.00786428 0.991633 0.000109152 4.38502e-05 9.16815e-05 6.09706e-05 0.000197508
4 0.00170566 0.00105633 0.00713972 0.95024 0.0199527 0.00516923 0.0147364
11 0.000198351 0.000468106 0.00237017 0.00119778 0.000210345 0.983713 0.0118424
19 0.00348782 0.00462757 0.00860838 0.00146965 0.00807782 0.110268 0.863461
0 0.000675386 0.0005459 0.0117115 0.00123372 0.958982 0.0106166 0.0162344
4 0.000985385 0.00272446 0.00036794 0.983593 0.000220299 0.00553645 0.00657294
4 0.00689304 0.0122597 0.00795727 0.944985 0.0140456 0.00630154 0.00755801
4 0.00396155 0.0087605 0.0103622 0.942825 0.0179305 0.0129974 0.00316239
11 0.00587285 0.00744431 0.0315374 0.0165315 0.00652355 0.89747 0.0346208
0 0.000447646 0.000342108 0.00331318 0.0112035 0.952792 0.00764645 0.0242555
11 0.000955218 0.00106848 0.0201932 0.00338892 0.0058697 0.887767 0.0807571
13 0.00544073 0.00096683 0.958535 0.00349407 0.00496446 0.0253177 0.00128103
4 0.00978948 0.0140123 0.00256922 0.964704 0.00252946 0.004669 0.00172685
0 0.0154511 0.0391305 0.000160331 0.00506988 0.939011 0.000425691 0.000751805
4 0.000803555 0.010616 0.000950974 0.977376 0.00271478 0.00570427 0.00183447
0 0.00367841 0.0217689 0.0120887 0.00823087 0.936481 0.00854528 0.00920701
0 0.0156334 0.0399766 0.00558094 0.00858529 0.927315 0.00136695 0.00154145
22 0.949167 0.0464168 0.000236335 5.93753e-05 0.00375387 9.67704e-05 0.000270011
22 0.98569 0.00975855 0.000322137 0.000641848 0.00280449 0.000255618 0.000527411
0 0.000898282 0.00324103 0.00289469 0.00263085 0.98061 0.0069667 0.00275814
22 0.935335 0.0464676 0.00547961 0.00133261 0.00980765 0.000982747 0.000595201
13 0.000437858 0.000522568 0.9907 0.00030418 0.00173125 0.00549089 0.000813361
5 0.0212167 0.932479 0.00547032 0.00401452 0.0326471 0.00185536 0.00231723
22 0.96476 0.025677 0.00148268 0.000507777 0.00497549 0.00127464 0.0013224
11 0.000510663 0.000799516 0.00825307 0.00120096 0.000649333 0.925927 0.0626592
13 0.000486801 0.000499865 0.991212 0.000404216 0.00151454 0.00337838 0.00250372
22 0.951592 0.0468967 0.000371767 3.56453e-05 0.000816694 0.000158428 0.000128843
11 0.00379824 0.00343476 0.0203167 0.00690854 0.00333828 0.887889 0.0743144
11 0.00283819 0.0029997 0.0126679 0.0133658 0.00603289 0.907607 0.0544885
5 0.0515288 0.879587 0.0109735 0.0256485 0.0188291 0.00885304 0.00458046
19 0.00374247 0.00397395 0.00149167 0.0307551 0.0153527 0.0392662 0.905418
0 0.0162717 0.0397518 0.00229788 0.0150618 0.925599 0.000475988 0.000541749
11 0.000856235 0.00413034 0.0280287 0.0125195 0.00261807 0.91569 0.0361573
22 0.950191 0.0468597 0.000342799 0.000444286 0.00117545 0.000360983 0.00062563
22 0.948419 0.0467673 0.000261407 7.53703e-05 0.00331229 0.000496301 0.000668162
0 0.0173143 0.0345632 0.00186015 0.010367 0.93057 0.00150898 0.00381596
19 0.00419272 0.00452176 0.000671229 0.0252974 0.00661551 0.0489735 0.909728
4 0.0120795 0.00100205 0.00116593 0.958879 0.0173959 0.00142133 0.00805576
19 0.00570115 0.00281824 0.0156568 0.0293398 0.0247057 0.060793 0.860985
4 0.00180579 0.00509838 0.00620553 0.949807 0.0120756 0.0155403 0.00946729
13 0.00626499 0.0076515 0.929729 0.0137122 0.0138527 0.0189551 0.00983485
22 0.954728 0.0115691 0.00536429 0.00218274 0.0215556 0.0010604 0.00353995
22 0.945414 0.00571314 0.0088009 0.00965097 0.02155 0.00404064 0.00483058
5 0.063419 0.917314 0.000558988 0.000183612 0.0173284 0.000410151 0.000786062
22 0.927536 0.0375663 0.00750537 0.00172689 0.0225258 0.0025414 0.000598223
19 0.000725807 0.000559837 5.52816e-05 0.00246955 0.000372121 0.00440325 0.991414
19 0.000212313 0.000311165 0.000582597 0.0105751 0.00147111 0.0645268 0.922321
0 0.000279135 0.000171705 0.00019606 0.0233376 0.972835 0.000392021 0.0027887
22 0.946116 0.0467653 0.000344806 6.18235e-05 0.00623917 0.000195231 0.000277985
22 0.92587 0.036122 0.00489781 0.0196235 0.00573189 0.00363504 0.00411998
19 0.00444599 0.00370668 0.000585359 0.0250052 0.00537997 0.011519 0.949358
4 0.00707156 0.0146284 0.000544414 0.968826 0.00344399 0.00300838 0.00247673
11 0.000712623 0.0010726 0.0232557 0.00226395 0.00208058 0.968761 0.00185396
13 0.0010379 0.00154851 0.943117 0.0105242 0.00423742 0.0261617 0.0133734
19 0.000810333 0.00101037 0.00289268 0.0034874 0.0153423 0.102157 0.8743
5 0.0632418 0.894748 0.0114961 0.00713626 0.0155798 0.00398493 0.00381306
13 0.00367906 0.00511914 0.945138 0.0141721 0.00455726 0.0236214 0.00371277
11 0.000923237 0.00171726 0.00872488 0.0149274 0.000576337 0.936357 0.0367742
11 0.00166726 0.00135226 0.0137679 0.0177788 0.0054907 0.947313 0.0126297
19 0.00592679 0.0060227 0.00979582 0.0098778 0.0127066 0.108642 0.847028
19 0.00046851 0.00100787 0.000226957 0.000293381 0.00137993 0.010447 0.986176
19 0.000630823 0.00182096 0.0002164 0.00082112 0.000632788 0.00830476 0.987573
11 0.00326583 0.000778214 0.0311934 0.00847539 0.00542613 0.869997 0.0808637
13 0.00811168 0.00709124 0.932698 0.0135616 0.00491101 0.0269536 0.00667289
5 0.062395 0.901001 0.0144183 0.00341625 0.00963527 0.00504361 0.00409014
4 0.0047779 0.00261098 0.00817568 0.943599 0.019064 0.00684693 0.0149257
13 0.0125514 0.0126959 0.930505 0.0135038 0.00242218 0.0267108 0.00161077
5 0.059299 0.892634 0.0288988 0.00103922 0.0116802 0.00496983 0.00147892
19 0.00451317 0.00226839 0.00276435 0.0116235 0.0198081 0.00343236 0.95559
13 0.00581354 0.00437883 0.97249 0.00155547 0.0115002 0.00257181 0.00169058
13 0.00087683 0.000511626 0.973618 0.000233341 0.0013687 0.0136905 0.0097014
4 0.00430971 0.00309176 0.0111167 0.954341 0.00294569 0.0152935 0.00890159
13 0.00417227 0.00209951 0.950386 0.00173821 0.00780749 0.0246909 0.00910547
22 0.912739 0.0360104 0.00925516 0.00658877 0.0260061 0.00711542 0.002285
22 0.951714 0.0468444 0.000144618 5.24627e-05 0.000458372 0.000540061 0.000246177
13 0.00643083 0.00566536 0.940416 0.00979596 0.0101219 0.0263735 0.00119647
11 0.00328081 0.00685584 0.0281875 0.00502988 0.0109122 0.910857 0.0348765
22 0.980813 0.0146694 0.000967604 0.00122154 0.00168898 0.00026803 0.000371489
11 0.000523021 0.00123436 0.0238804 0.00147671 0.003174 0.957122 0.0125898
22 0.943916 0.0467652 0.000291278 0.000153283 0.00768358 0.000712595 0.00047831
0 0.0115682 0.0234766 0.000298873 0.00107342 0.962696 0.000369344 0.000517788
19 0.00215414 0.00170833 0.000410762 0.0202772 0.00462532 0.00207401 0.96875
13 0.0107433 0.00485846 0.970696 0.00422104 0.00314864 0.0046154 0.00171757
19 0.00286776 0.00586332 0.00562774 0.00946454 0.0136631 0.109209 0.853304
22 0.993338 0.00467924 0.000420416 0.000516922 0.000306572 0.000365067 0.000373459
0 0.000304542 0.000230203 0.00914098 0.00168695 0.953528 0.0109735 0.0241354
13 0.000138496 0.000288981 0.950878 0.00205902 0.00300261 0.0265488 0.0170837
19 0.00238671 0.00281154 0.0109904 0.00185426 0.00780706 0.109986 0.864164
22 0.95208 0.0468766 3.01995e-05 9.16571e-06 0.000855136 3.08847e-05 0.000117779
0 0.0116016 0.02428 0.000819071 0.00184596 0.960707 0.000447463 0.000298519
5 0.0626543 0.919976 0.00460498 0.00043362 0.00915308 0.00188633 0.00129194
0 0.0120964 0.0215465 0.0149768 0.0133513 0.922555 0.00827199 0.0072023
19 0.0004894 0.000280644 3.23255e-05 0.00791213 0.00267037 0.00804157 0.980574
5 0.062546 0.9291 0.00564056 0.000181318 0.00128665 0.000447853 0.000797984
13 0.00116522 0.00070434 0.973908 0.000766197 0.00427689 0.0171464 0.00203311
4 0.00109757 0.00349235 0.00520851 0.954153 0.00676371 0.010512 0.0187728
11 0.00201616 0.00313994 0.0144871 0.0115925 0.00724044 0.9177 0.043824
13 0.0035945 0.00308833 0.94235 0.00467308 0.0131354 0.0244667 0.00869143
13 0.000290586 0.000292668 0.940758 0.00388583 0.00595611 0.0263863 0.0224307
22 0.930387 0.0477666 0.00174863 0.00118219 0.0147049 0.00329517 0.000915073
22 0.993919 0.0052322 0.000225641 5.27091e-06 0.000371707 9.72269e-05 0.000149099
22 0.932063 0.0466116 0.000458284 0.00564541 0.0104017 0.00255487 0.0022653
22 0.9243 0.018959 0.00848898 0.0173685 0.0219181 0.00458162 0.00438397
5 0.0626688 0.934788 9.34124e-05 0.000660331 0.00123889 0.000119978 0.000430784
22 0.918383 0.0358466 0.00711379 0.00808854 0.0255116 0.00343614 0.00162005
22 0.915311 0.0378349 0.00365535 0.0118042 0.0254894 0.00233065 0.00357497
5 0.0619285 0.906244 0.0108612 0.0074445 0.00408725 0.00742721 0.00200693
0 0.00308674 0.0305929 0.0155055 0.000841291 0.938068 0.0100507 0.00185456
11 0.00303331 0.00981172 0.0236072 0.00331017 0.0075818 0.950084 0.00257132
22 0.97122 0.0203685 0.00133415 0.00374957 0.000923816 0.00155468 0.000849584
0 0.00209877 0.00143568 0.00229886 0.0163952 0.962924 0.00134614 0.0135016
0 0.0112642 0.0437409 0.00200758 0.00110536 0.941637 0.000140917 0.000104457
13 0.00566316 0.0117464 0.927674 0.00927866 0.0097158 0.0274901 0.00843169
5 0.0322255 0.909157 0.00824181 0.00809449 0.0328082 0.00408692 0.00538657
19 0.000403448 0.00032474 0.000182531 0.0112856 0.00375699 0.065071 0.918976
11 0.000663089 0.00152696 0.023196 0.0021917 0.00346019 0.965668 0.00329397
22 0.990135 0.00470943 0.000220573 7.73322e-05 0.0046639 0.00011233 8.1545e-05
19 0.00233468 0.00289078 0.00592821 0.028828 0.0135527 0.0339699 0.912496
11 0.00405811 0.00759354 0.0103779 0.019451 0.00351486 0.938371 0.0166332
0 0.00125847 0.00376074 0.000205829 0.00491661 0.988864 0.000178867 0.000815008
5 0.0629437 0.908435 0.0105666 0.00109764 0.0105459 0.0030314 0.00338009
4 0.00498632 0.00137058 0.00746876 0.959599 0.0188131 0.00456663 0.00319596
0 0.00864469 0.0297967 0.0105633 0.00760508 0.938086 0.00418042 0.00112353
0 0.00774325 0.0420683 0.000147865 0.00029924 0.949578 8.11066e-05 8.21542e-05
5 0.0624554 0.883163 0.00873077 0.0089878 0.027277 0.00444294 0.00494351
22 0.976968 0.00951439 7.07911e-05 0.000253908 0.012718 0.000249261 0.000225183
0 0.00744318 0.0275099 0.0119644 0.000748005 0.943661 0.00813418 0.000538957
22 0.946065 0.0461509 0.000138067 0.000463581 0.0053659 0.000950481 0.000866408
22 0.968051 0.00135949 0.00228596 0.00140451 0.0206038 0.00263301 0.00366187
22 0.941914 0.0467003 0.00123982 0.00137816 0.00802947 0.000345564 0.000392939
19 0.0052413 0.0034646 0.0262538 0.0145513 0.0369102 0.0504262 0.863153
22 0.926881 0.0471235 0.00193288 0.000850947 0.0162371 0.00380065 0.0031736
13 0.00396935 0.00796059 0.960658 0.00498779 0.00231525 0.0181563 0.0019531
4 0.00668997 0.00470138 0.00336861 0.963419 0.00613694 0.00384763 0.0118361
19 0.000724638 0.00170861 0.00635608 0.0225587 0.00551262 0.103168 0.859971
4 0.00913543 0.00942858 0.000908737 0.958227 0.00738821 0.0101979 0.00471464
19 0.00340974 0.00523934 0.00123944 0.0206136 0.00108553 0.0127546 0.955658
22 0.923053 0.0467511 0.00865984 0.000700714 0.0182304 0.00177716 0.000827631
5 0.039713 0.887008 0.00722452 0.0204079 0.0346968 0.00612569 0.00482451
22 0.942262 0.046723 0.000462647 0.000922296 0.00813619 0.000807377 0.000686202
4 0.00566762 0.00830995 0.00803132 0.954574 0.0189982 0.00285596 0.00156265
4 0.00758665 0.00240747 0.00876795 0.953021 0.0029683 0.0147613 0.0104875
22 0.915273 0.0470181 0.0177506 0.00524142 0.0079023 0.00375642 0.00305837
5 0.0635064 0.889326 0.0183098 0.00544754 0.0158596 0.00460909 0.00294187
19 0.00102069 0.00100198 0.00620046 0.00664937 0.00325317 0.110077 0.871797
22 0.951329 0.0468269 0.000126255 9.27493e-05 0.000969262 0.000349485 0.000306725
5 0.0388784 0.882522 0.0258358 0.00648932 0.0362288 0.00472971 0.00531591
5 0.0623168 0.911326 0.000755159 0.00735264 0.015372 0.00107601 0.00180187
22 0.932992 0.0469914 0.00156403 0.00293163 0.0127364 0.0022692 0.000514937
5 0.00176948 0.978776 0.000506836 0.00555643 0.00572761 0.00300085 0.00466283
11 0.000708208 0.00101837 0.0157884 0.0111362 0.00238477 0.880185 0.0887789
11 0.00152861 0.00125399 0.00949783 0.0196819 0.00354704 0.926627 0.0378635
11 0.000674595 0.00164921 0.0241987 0.0018442 0.00131655 0.960505 0.00981153
22 0.993062 0.00060171 0.000911204 0.00281877 0.00122433 0.000544639 0.000837094
11 0.000301484 0.000171203 0.0144482 0.00256929 0.00397433 0.888534 0.0900011
4 0.010213 0.00684474 0.00699125 0.956401 0.0135908 0.00435568 0.00160366
13 0.00851251 0.01712 0.930868 0.0173622 0.0100483 0.0129062 0.00318298
11 0.000289429 0.000413122 0.00565288 0.000696698 0.000440805 0.968731 0.0237762
5 0.0383214 0.896528 0.0111317 0.00903223 0.0360476 0.00631088 0.00262835
5 0.0502981 0.875616 0.0117479 0.0131053 0.0363205 0.00795081 0.00496113
0 0.00700887 0.0388004 0.00372558 0.00154644 0.947368 0.00103683 0.000514144
11 0.00296131 0.00177317 0.0205752 0.00251637 0.0046091 0.878781 0.0887835
4 0.00338631 0.00500503 0.00779849 0.955845 0.00747411 0.014492 0.00599882
22 0.991931 0.00607664 0.000282057 5.03699e-05 0.000700592 0.000761495 0.000197485
22 0.990905 0.00384906 0.00167478 0.000157497 0.00203815 0.000553569 0.000821729
0 0.00512828 0.0119964 0.0129869 0.0140056 0.936044 0.0107922 0.00904629
5 0.0625063 0.899688 0.0137659 0.00495493 0.0135215 0.00371278 0.00185073
11 0.00318819 0.00228436 0.0234819 0.000518611 0.00371112 0.964121 0.00269496
22 0.939972 0.0248048 0.00610762 0.00119177 0.022867 0.00396513 0.00109175
22 0.937766 0.0211436 0.0175799 0.0069041 0.0109687 0.00382908 0.00180822
19 0.00276039 0.00570386 0.00163874 0.0286794 0.00612578 0.0324249 0.922667
11 0.00180166 0.00242165 0.0335243 0.00512242 0.00102875 0.881961 0.0741403
5 0.0149965 0.98271 0.000297052 0.000166337 0.00023096 0.000273572 0.00132529
22 0.928895 0.0478124 0.000703782 0.00492197 0.0144277 0.00202642 0.00121271
4 0.0129735 0.0134548 0.00508747 0.959382 0.00601217 0.00285077 0.000239367
19 0.0036049 0.00428532 0.0140023 0.0276118 0.0155535 0.0983482 0.836594
11 0.002294 0.00544181 0.0284723 0.00703384 0.0120049 0.899625 0.0451278
0 0.0112266 0.0224643 0.000427978 0.00935527 0.955676 0.000355301 0.000494445
11 0.000302761 0.000443002 0.0234043 0.00220927 0.000475316 0.968219 0.00494606
5 0.0618336 0.913403 0.00140346 0.00237836 0.0184147 0.00130111 0.00126603
13 0.000252216 0.000258149 0.959456 0.000243584 0.00142844 0.0255049 0.0128566
22 0.922273 0.0261147 0.023125 0.000601164 0.022371 0.00348437 0.00203116
0 0.0115879 0.0408243 0.00448979 0.0138874 0.926686 0.00186386 0.000660775
19 0.00428408 0.00585503 0.00563638 0.0352681 0.0129743 0.0630859 0.872896
19 0.0041017 0.00577999 0.0186443 0.0260718 0.0293908 0.0904639 0.825548
13 0.000102583 0.000489018 0.970179 0.00138621 0.00836219 0.0141619 0.00531933
19 0.00378796 0.0044482 0.00426259 0.0375035 0.0079962 0.0776312 0.86437
13 0.00149309 0.000401332 0.969467 0.00249655 0.00723479 0.0112648 0.00764264
19 0.00400984 0.00529168 0.00937145 0.0359918 0.00530426 0.0642395 0.875791
11 0.00767309 0.00990531 0.0283017 0.0153364 0.00505691 0.909479 0.0242471
0 0.00444675 0.0261658 0.00277362 0.0264628 0.930866 0.00201518 0.00727002
22 0.932325 0.0478534 0.00272355 0.000767626 0.0143943 0.00079277 0.00114367
0 0.0121493 0.0166471 0.000365123 0.0128409 0.957048 0.00050378 0.000446076
4 0.000666264 0.000865217 0.000204763 0.980404 0.00295469 0.00100101 0.0139043
19 0.00423811 0.00644656 0.0329486 0.00800837 0.0254429 0.071743 0.851172
22 0.949237 0.0468136 1.71949e-05 7.43615e-05 0.00347566 0.000118166 0.000263959
19 0.000262658 0.000192754 7.88549e-05 0.00427495 0.000879659 0.00539412 0.988917
22 0.967431 0.0101783 0.00078455 0.0030084 0.0172067 0.000444381 0.000946815
19 0.0034257 0.00338958 0.0154687 0.00823059 0.00312918 0.108993 0.857363
11 0.00123742 0.00224429 0.0113032 0.0239986 0.00285978 0.893283 0.0650733
11 0.00530259 0.00486626 0.0233527 0.00340996 0.00468613 0.957142 0.0012401
13 0.00491736 0.00238077 0.951444 0.00616397 0.00761458 0.0259357 0.00154371
0 0.00108235 0.00423931 0.00325488 0.0240375 0.957406 0.00528259 0.00469751
19 0.000522177 0.00053024 0.00082687 0.019746 0.00243588 0.0619314 0.914007
0 0.0156329 0.0356876 0.00529726 0.00220515 0.937804 0.00275154 0.000620993
0 0.00519317 0.0108216 0.00901999 0.0250027 0.933608 0.00411324 0.0122416
22 0.984212 0.0111433 0.000221275 0.000162289 0.00301641 0.000865837 0.000378451
22 0.926197 0.0425516 0.00854954 0.010109 0.00643096 0.00410355 0.00205861
11 0.00622995 0.0072397 0.0131619 0.0156534 0.0252575 0.90447 0.0279875
22 0.951262 0.0468581 0.000112169 0.000525803 0.000913212 0.000110631 0.000218512
22 0.929171 0.0468007 0.0052213 0.00543707 0.00582585 0.00441401 0.00313049
11 0.00218135 0.00112543 0.00832964 0.00203627 0.00505058 0.891256 0.0900205
22 0.907932 0.0458854 0.0189389 0.00666509 0.0104477 0.00722276 0.0029083
4 0.00376519 0.00361871 0.0114725 0.939666 0.0108124 0.00998651 0.0206789
13 0.00818959 0.00608426 0.945886 0.00555671 0.0090284 0.0131309 0.0121238
22 0.968754 0.00877601 0.00030836 0.0139063 0.00613719 0.000654465 0.00146413
11 0.0031716 0.00376055 0.0130459 0.00142198 0.00636196 0.882456 0.089782
11 0.000212691 0.000246353 0.0147709 0.000463709 0.00573972 0.888489 0.0900778
0 0.0101101 0.0440966 0.00796513 0.0089819 0.919024 0.00711405 0.00270777
0 0.00808606 0.0430018 0.011906 0.0104432 0.920845 0.00156751 0.00415085
5 0.0632637 0.907429 0.000556741 0.00724978 0.0173834 0.00138791 0.0027295
22 0.994537 0.00226684 0.00154725 0.00109878 0.000182735 0.000157112 0.000210492
22 0.942404 0.0160494 0.0024782 0.00910424 0.0226429 0.00326039 0.00406111
13 0.00247966 0.00269342 0.936352 0.00700576 0.011348 0.0263337 0.0137877
0 0.0121756 0.0233131 0.00262296 0.0057385 0.949871 0.00473281 0.00154642
13 0.00919746 0.0171707 0.936055 0.0067843 0.00206924 0.0262752 0.00244791
19 0.0038459 0.00583699 0.00744364 0.0107378 0.0116274 0.109193 0.851316
22 0.930038 0.0466988 0.00153991 0.00709848 0.0110389 0.00221268 0.00137365
5 0.0623481 0.91179 0.00292246 0.00648845 0.0117644 0.0024446 0.00224163
22 0.945469 0.0467676 0.00158232 0.000695239 0.00351732 0.00121701 0.000751616
0 0.00237578 0.0256982 0.00740273 0.00200272 0.954175 0.00745634 0.000888726
13 0.000224068 0.000153218 0.956217 0.000156942 0.00261837 0.026117 0.0145131
13 0.0145043 0.00396159 0.974971 0.00141334 0.00131828 0.00310044 0.000730972
5 0.0627818 0.936036 0.000349323 0.000105044 0.000440422 0.000126956 0.000160416
11 0.000781303 0.00200902 0.0333001 0.00256726 0.0060654 0.897641 0.0576363
0 0.0128114 0.0411627 0.0131323 0.00599057 0.917534 0.00553712 0.00383223
4 0.00702642 0.00814896 0.00624124 0.945522 0.012292 0.0160554 0.00471366
4 0.00977094 0.0159415 0.00270804 0.949258 0.00754931 0.0114764 0.00329585
13 0.00331543 0.0120368 0.947284 0.0085638 0.0142847 0.0106074 0.00390737
11 0.00345274 0.00800374 0.0167151 0.014935 0.0180226 0.91109 0.0277805
11 0.000885704 0.000912017 0.0133225 0.0149657 0.0129516 0.924234 0.0327282
0 0.00718359 0.0415282 0.00300806 0.0153099 0.924905 0.00382471 0.00424059
19 0.00388456 0.0029067 0.00244399 0.01736 0.00379014 0.10938 0.860234
13 0.00184188 0.000523175 0.973572 0.00152228 0.00988501 0.00456251 0.00809327
22 0.97278 0.00364881 0.0130806 0.000915517 0.00150513 0.00492975 0.00313983
0 0.00560956 0.0447017 0.00730556 0.00629509 0.932031 0.00156208 0.00249547
22 0.939387 0.0465656 0.00112168 0.001431 0.0100536 0.00103321 0.000408186
13 0.00117121 0.00321802 0.941929 0.00485478 0.0107102 0.0263901 0.0117263
0 0.0117738 0.00961051 0.00841623 0.000378606 0.966835 0.0012987 0.00168742
22 0.960957 0.0127894 0.00050868 0.00276453 0.0213069 0.00071341 0.000959656
11 0.00118712 0.00560942 0.00361292 0.00414425 0.00185599 0.978175 0.00541483
19 0.00144631 0.000882918 0.00144158 0.00914335 0.000444067 0.0782483 0.908393
22 0.911706 0.0472104 0.0083239 0.00978314 0.0156768 0.00373351 0.00356652
19 0.000580027 0.000100352 4.05789e-06 0.000442953 0.000149053 0.000399121 0.998324
19 0.00373245 0.00346722 0.000304866 0.0169422 0.00600359 0.0189836 0.950566
22 0.95442 0.0213246 4.6935e-05 0.0022211 0.0211691 0.000325125 0.000492822
22 0.972558 0.0270847 6.01931e-05 1.53747e-05 0.000163115 3.33796e-05 8.49793e-05
5 0.0626466 0.934169 0.00015071 0.00050258 0.00219502 4.19028e-05 0.000294508
4 0.00825744 0.00862662 0.0131358 0.950131 0.0062969 0.0114981 0.00205414
11 0.000690532 0.00141144 0.0280338 0.000969895 0.00213519 0.906441 0.0603182
5 0.0620941 0.923752 0.00302839 0.000431072 0.00856313 0.00124143 0.000889673
4 0.0124868 0.00851868 0.000188873 0.971024 0.0065747 0.000202938 0.00100424
11 0.00273123 0.00296488 0.0107851 0.020442 0.00429749 0.871987 0.086792
22 0.961244 0.0187031 0.00640429 0.00819368 0.00154991 0.00307904 0.000826159
4 0.00135156 0.00144126 0.00773609 0.945582 0.0101213 0.0152102 0.0185579
0 0.000737927 0.000679098 0.00673051 0.0116418 0.948296 0.00724627 0.0246687
5 0.062571 0.89929 0.0129877 0.00596816 0.0152805 0.00227484 0.001628
4 0.00304295 0.00463321 0.00910889 0.942963 0.0206722 0.00576788 0.0138114
13 0.0099976 0.023418 0.919764 0.00808605 0.0102157 0.0191785 0.00934011
13 0.00850525 0.0200101 0.941054 0.00646656 0.0064191 0.0131975 0.0043472
11 0.000187497 0.000361022 0.0214073 0.000931114 0.00524876 0.883063 0.0888008
22 0.958487 0.0292818 0.000480746 0.00057022 0.0106349 0.000231391 0.000314001
11 0.007182 0.00842649 0.026332 0.0109534 0.0157599 0.919172 0.0121743
4 0.0113651 0.00151445 0.00310111 0.952311 0.0191709 0.00263221 0.00990516
22 0.94857 0.0458669 3.93973e-05 0.000184973 0.00442795 0.000417082 0.000493286
19 0.00490143 0.00194266 0.000907881 0.0246611 0.00298816 0.0117972 0.952802
19 0.00340085 0.00707699 0.00928416 0.00301223 0.0111295 0.0334705 0.932626
4 0.000956638 0.00136954 0.00147766 0.959635 0.00787639 0.0139366 0.0147477
22 0.982044 0.0150012 0.00056382 6.58287e-05 0.0011671 0.00104207 0.000116463
13 0.00119411 0.00149233 0.966006 0.000288414 0.00351219 0.0249781 0.0025284
22 0.950862 0.0468713 6.45864e-05 0.000222848 0.00163625 0.000124298 0.000219134
0 0.000111435 0.00179388 0.000193356 0.000120042 0.997507 0.000150932 0.000123237
5 0.00721187 0.932513 0.0182522 0.00857399 0.030008 0.00226747 0.00117396
4 0.00753418 0.00159766 0.0115592 0.948558 0.0107762 0.00873939 0.0112359
22 0.921932 0.0471077 0.012173 0.00207988 0.0117322 0.00239386 0.0025815
5 0.0626844 0.934385 0.000394878 0.000182586 0.000694669 0.00080019 0.000857935
0 0.00455012 0.00536188 0.00679005 0.0146803 0.955474 0.0062317 0.00691191
22 0.928273 0.0477592 0.000632477 0.00446257 0.0146682 0.00264467 0.00155985
5 0.00520904 0.94732 0.0122241 0.0015589 0.0313871 0.00162997 0.000671
11 0.000873953 0.00155864 0.015093 0.00153294 0.00061843 0.899888 0.0804347
22 0.928871 0.0237776 0.021354 0.00263818 0.0145783 0.00599493 0.00278562
11 0.00393393 0.00895756 0.0100606 0.0190268 0.00875917 0.921426 0.0278363
4 0.0135992 0.0126887 0.00149083 0.959287 0.00778058 0.00429075 0.000862587
11 0.00294323 0.00229587 0.0228893 0.014318 0.00424975 0.895968 0.057336
5 0.0405717 0.900541 0.00871715 0.00515917 0.0363019 0.00400824 0.00470128
22 0.982354 0.00283208 0.000532666 0.00683993 0.00527035 0.00120268 0.000967838
22 0.93905 0.046844 0.000318159 0.000326291 0.0110459 0.00129536 0.00112028
22 0.916 0.0358639 0.0120107 0.00392425 0.0262524 0.00334431 0.00260432
22 0.944893 0.0468119 0.00250006 0.000856039 0.000725712 0.00254416 0.00166954
13 0.0162555 0.00257335 0.963261 0.00356539 0.00382027 0.00816512 0.00235904
13 0.000521947 0.000549814 0.95926 0.0060888 0.00977657 0.0173921 0.00641104
13 0.00922177 0.00652221 0.927259 0.0174468 0.00628738 0.0255688 0.00769396
22 0.992573 0.00475123 0.000432371 9.24324e-06 0.00123263 0.00064953 0.000351583
5 0.062425 0.927831 0.00010988 0.00233148 0.00460931 0.000358712 0.00233455
4 0.012744 0.00732746 0.00498895 0.966264 0.0042097 0.00373608 0.000729401
22 0.970359 0.02451 2.60765e-05 0.000233096 0.00466956 5.65816e-05 0.000145513
0 0.000757797 0.000236245 0.000373299 0.0233897 0.972285 0.000853098 0.00210438
5 0.0263043 0.937738 0.00185002 0.000291629 0.0326019 0.000504747 0.000709397
5 0.0630447 0.910249 0.000552842 0.000341404 0.0239568 0.000915691 0.0009392
0 0.00362966 0.00218633 0.0086373 7.05647e-05 0.985109 0.000228315 0.000139169
22 0.950237 0.0468151 0.000445917 0.00021617 0.000578414 0.00118442 0.000522846
11 0.00370117 0.0065616 0.028536 0.0259855 0.0107352 0.888283 0.0361978
22 0.956566 0.0267889 0.00813566 0.000883886 0.00520905 0.00123663 0.00118021
5 0.0198772 0.945959 0.00112923 0.000220584 0.0318082 0.0003702 0.00063587
19 0.00402589 0.00331882 0.0214817 0.0150883 0.00831043 0.105104 0.842671
22 0.993521 0.00381791 0.00111194 0.000233198 0.000169991 0.00047024 0.000675627
13 0.00195442 0.000790945 0.964473 0.00209061 0.00233935 0.0246924 0.00365947
22 0.942382 0.0467247 8.61109e-05 0.00020949 0.0100863 0.00024236 0.000269068
0 0.00344375 0.00736488 0.00384163 0.00804585 0.975724 0.000843324 0.000736325
11 0.00398203 0.00303866 0.0337093 0.00683925 0.00426086 0.891829 0.0563405
19 0.00371878 0.00439174 0.00201148 0.0118768 0.00323079 0.0224475 0.952323
19 0.000667856 0.00129959 0.000115817 0.014684 0.00406306 0.0146081 0.964562
4 0.00765784 0.0121876 0.00408213 0.959078 0.0148623 0.00151679 0.000615597
11 0.000767042 0.00101461 0.00767871 0.00271732 0.00530545 0.892541 0.0899759
13 0.00218631 0.0013872 0.995143 5.8127e-05 0.000269389 0.000761937 0.000194075
4 0.0042923 0.0159075 0.00142772 0.963623 0.0121119 0.00129341 0.00134399
22 0.988598 0.00148782 0.00244047 0.00268291 0.00197114 0.00215007 0.000669222
0 0.00108933 0.000641034 0.00947901 0.0226088 0.954581 0.00171177 0.00988918
11 0.000645209 0.000861187 0.00344813 0.00117983 0.000493909 0.947503 0.0458682
22 0.940887 0.0466763 0.000374464 0.000571875 0.0101317 0.000573074 0.000785516
4 0.0116201 0.012569 0.00254925 0.944788 0.0132533 0.0097018 0.00551898
11 0.000753801 0.0009213 0.0223117 0.000667942 0.00695633 0.880493 0.0878957
11 0.00313671 0.0063742 0.0153524 0.0167408 0.0100372 0.933794 0.0145643
11 0.000480086 0.000399053 0.0314915 0.00356762 0.00202968 0.882151 0.0798809
11 0.000947278 0.00418702 0.023606 0.00189261 0.00458988 0.952904 0.0118733
11 0.00545329 0.016954 0.0286209 0.00767483 0.0106883 0.905282 0.0253266
13 0.00149918 0.00167085 0.970193 0.001289 0.0045031 0.00877844 0.0120667
11 0.000854598 0.00139116 0.00291751 0.0182276 0.000446572 0.95513 0.0210327
5 0.062565 0.933437 0.000269152 0.0016662 0.00077023 0.000443997 0.000848124
13 0.0019119 0.0105151 0.979975 0.000409607 0.0015611 0.00446451 0.0011625
5 0.0620038 0.913628 0.00623897 0.00107692 0.0123904 0.00294547 0.00171599
0 0.00158267 0.00904173 0.00243852 0.000398616 0.985807 0.000395204 0.000336572
22 0.912892 0.0458804 0.00872658 0.00504901 0.0211702 0.00412962 0.00215199
22 0.985553 0.00457054 9.72195e-05 0.00792396 0.000239821 0.00098135 0.000634587
5 0.0627031 0.934424 0.000164122 4.39652e-05 0.00252943 3.2289e-05 0.000102999
0 0.0101748 0.0440364 0.00276785 0.000239352 0.941706 0.000761515 0.000314234
22 0.934439 0.0468699 0.00144221 0.00922818 0.00128387 0.00493485 0.00180173
5 0.050478 0.885588 0.0250025 0.0063795 0.0217525 0.00563742 0.00516156
13 0.00270292 0.00536889 0.936045 0.00723296 0.00384936 0.0266603 0.0181408
5 0.0624743 0.925967 0.00017441 0.00172318 0.00864319 0.000303677 0.000714521
22 0.974077 0.0236743 0.00022829 6.17103e-05 0.00123949 0.000146974 0.000571988
13 0.0107355 0.00349736 0.954703 0.00136115 0.00112715 0.0253329 0.00324263
5 0.0186395 0.967629 0.00182521 0.000530682 0.00887303 0.00117025 0.00133192
13 0.0128325 0.0240153 0.951804 0.00458137 0.00437407 0.00217218 0.000220778
22 0.91991 0.0259505 0.0023899 0.0173136 0.0230413 0.00346686 0.00792815
19 0.000816009 0.00159229 0.000567507 0.0193328 0.00553172 0.0849135 0.887246
22 0.947841 0.0467805 0.000146063 0.000545849 0.00275232 0.00112683 0.000807843
22 0.938474 0.0471235 4.3622e-05 0.000118752 0.0136097 0.00017556 0.000455189
5 0.0304983 0.906482 0.00907745 0.0111021 0.0334306 0.00460962 0.00479992
22 0.94977 0.0467977 0.000725911 0.000183229 0.00172022 0.000295727 0.000507363
11 0.00237941 0.00514666 0.0339714 0.00873763 0.0115664 0.871875 0.0663237
13 0.00606652 0.00794179 0.963394 0.00414118 0.0117557 0.00408973 0.00261088
0 0.00136356 0.0134746 0.00511885 0.0227486 0.922796 0.020863 0.0136352
19 0.00365372 0.00407278 0.0104814 0.0267835 0.0308176 0.084859 0.839332
19 0.0035442 0.00503934 0.00598426 0.024112 0.0109028 0.0836701 0.866747
0 0.0160336 0.035598 0.00142968 0.00148463 0.944729 0.000331235 0.000394035
0 0.00566639 0.00387017 0.0113992 0.0129504 0.957635 0.003468 0.00501069
0 0.0104276 0.00640909 0.00206813 0.00633402 0.972641 0.00114938 0.000970885
4 0.000532759 0.000690719 0.000696998 0.991783 0.00103183 0.00128938 0.00397538
4 0.00169241 0.0016611 0.00131258 0.97886 0.00203487 0.00721841 0.00722105
13 0.00959835 0.00797809 0.952366 0.00750986 0.0135977 0.00814367 0.000806532
19 0.0041616 0.00503067 0.00952485 0.0360066 0.0117972 0.0951902 0.838289
22 0.949391 0.0467623 0.00167668 0.000304592 0.000386484 0.0011593 0.000320154
0 0.00320046 0.0451872 0.00113773 0.00146178 0.93982 0.00707278 0.00212045
0 0.00514381 0.0218295 0.0126407 0.0249203 0.902856 0.00771976 0.0248901
13 0.00611002 0.00406079 0.959269 0.00215839 0.0129188 0.0129152 0.00256745
22 0.983712 0.00391323 0.0017943 0.00470273 0.00418819 0.00119468 0.000494548
11 0.00376555 0.00104787 0.0169818 0.00600902 0.006116 0.876822 0.0892579
5 0.0495191 0.918282 0.0204916 0.00228218 0.00298246 0.00524227 0.00120073
22 0.952243 0.00635577 0.00700461 0.00603795 0.0211719 0.00351774 0.00366941
0 0.0138362 0.0419503 0.000216292 0.000337178 0.943122 0.000359911 0.00017774
13 0.00238312 0.00123038 0.950943 0.00138026 0.00237211 0.0262396 0.0154517
22 0.912116 0.0460051 0.00563489 0.00921734 0.0205786 0.0033248 0.00312374
11 0.000526059 0.000691048 0.00596963 0.000539087 0.00218273 0.983376 0.00671533
13 0.00308258 0.00790405 0.933582 0.00749311 0.00742764 0.0265445 0.0139666
13 0.0167766 0.0132464 0.926131 0.00498475 0.0141069 0.0212495 0.00350504
13 0.00465474 0.0069518 0.935928 0.00838729 0.00422457 0.0268839 0.0129692
4 0.00648178 0.00573479 0.000724763 0.957477 0.0188967 0.000865221 0.00982021
13 0.00205628 0.00274561 0.952013 0.00230648 0.0114215 0.0245896 0.00486712
13 0.00952411 0.0149266 0.935052 0.00969524 0.00306095 0.0268696 0.000871784
22 0.963404 0.0219047 0.00219844 0.00117428 0.0103668 0.000341768 0.000609646
22 0.942228 0.0466665 0.000341321 0.00482339 0.00317471 0.00231618 0.000449788
5 0.0350339 0.87863 0.0341 0.0103041 0.0261981 0.0103015 0.00543284
22 0.979325 0.00216844 0.00912467 0.0011171 0.00309111 0.00341852 0.00175483
22 0.976528 0.020424 6.14928e-05 0.000284421 0.00235173 0.000158723 0.0001914
22 0.9472 0.0467838 0.000461077 0.00102856 0.00206067 0.0016558 0.000809964
22 0.998544 0.00100635 5.65348e-05 0.000118075 1.43873e-05 9.16602e-05 0.000169473
22 0.963732 0.0262951 0.000135553 0.000439854 0.00843509 0.000306795 0.000655232
4 0.0113488 0.00421652 0.000226147 0.976391 0.00462027 0.00199459 0.0012022
13 1.88636e-06 2.20546e-06 0.99733 9.19308e-05 0.00036145 0.00168741 0.000525294
13 0.00191815 0.00591435 0.92944 0.00417835 0.00959381 0.0231259 0.0258298
22 0.973582 0.0120028 0.0027232 0.00548255 0.00182799 0.0029449 0.00143667
22 0.934312 0.0467871 0.000633243 0.00679177 0.00519114 0.00236859 0.00391643
22 0.945578 0.0395235 0.00204673 0.000396844 0.0106673 0.00105204 0.000735499
0 0.000169171 0.00163019 0.000837821 0.00324086 0.993087 0.000232216 0.000802454
5 0.0567179 0.866654 0.02405 0.0101461 0.0323854 0.00469156 0.0053551
5 0.0630073 0.899706 0.00498604 0.0133449 0.0123312 0.00460607 0.00201847
5 0.0625321 0.911457 0.00110871 0.00669609 0.0154526 0.0014326 0.00132085
5 0.0622913 0.913515 0.00113043 0.00677971 0.0136124 0.00149317 0.00117813
5 0.0626887 0.935224 0.000528382 0.000103554 0.00107757 0.000169458 0.000207871
13 0.000470947 0.000849605 0.947972 0.0120409 0.00619674 0.0259141 0.00655575
4 0.00053097 0.001376 0.00115678 0.967783 0.000946589 0.00902029 0.0191868
19 0.00357049 0.0028882 0.0098517 0.00988906 0.00757753 0.109625 0.856598
13 0.00239056 0.00886682 0.970945 0.00237638 0.00260443 0.00951903 0.00329796
11 0.000752597 0.00189468 0.0209914 0.00195755 0.00149955 0.937048 0.035856
11 0.00051948 0.000779992 0.0115322 0.00567537 0.00185314 0.912797 0.0668428
0 0.00613324 0.0182003 0.0032925 0.0249069 0.937169 0.00574498 0.00455262
11 0.00273273 0.00820913 0.0322663 0.0188204 0.00463606 0.890456 0.0428791
13 0.00926992 0.0129161 0.914465 0.0178377 0.0107699 0.0212842 0.0134571
4 0.00343445 0.00625396 0.0147014 0.95809 0.0107915 0.0055631 0.00116555
19 0.00188679 0.00500122 0.00824477 0.0102224 0.00376479 0.109657 0.861223
22 0.948661 0.0466784 0.000330023 0.000689107 0.00225872 0.000483737 0.000898688
13 0.00215272 0.00493536 0.974676 0.00240847 0.00111757 0.0129338 0.00177562
13 0.000881464 0.000723276 0.960693 0.000996916 0.0098995 0.0102904 0.016515
0 0.0121707 0.0228489 0.00687342 0.00888644 0.947346 0.00114346 0.000730886
19 0.00110723 0.000977319 0.000416765 0.028228 0.00722601 0.0548125 0.907232
5 0.040712 0.906379 0.0041334 0.0103102 0.0360107 0.0014726 0.000981943
22 0.923212 0.0288228 0.00944641 0.00741255 0.0244472 0.00362223 0.0030366
5 0.0627642 0.912448 0.0019467 0.00190834 0.00998855 0.00717725 0.00376682
0 0.0105649 0.0352305 0.00276318 0.0169833 0.92569 0.00302192 0.00574619
22 0.992767 0.00400807 0.000348863 0.000253015 0.00140191 0.000596354 0.000625114
5 0.0124873 0.945966 0.00266597 0.00556421 0.0313725 0.000897699 0.0010465
11 0.000752717 0.00101582 0.0253038 0.00212235 0.00688874 0.89666 0.0672569
11 0.00543733 0.00716678 0.0245005 0.0100201 0.0094716 0.933957 0.00944632
22 0.936972 0.0467745 0.00620807 0.0019307 0.0048016 0.00126845 0.00204509
11 0.0017238 0.00357162 0.00533534 0.025763 0.00938174 0.876195 0.0780297
5 0.0342047 0.898091 0.00771774 0.0128648 0.0349769 0.0076501 0.00449515
13 0.00029432 0.000685708 0.950361 0.00716117 0.00434854 0.0257505 0.0113989
19 0.000572087 0.000212303 0.000527051 0.0181998 0.000389019 0.086743 0.893357
5 0.00212254 0.994886 0.000502151 0.000145223 0.000212507 0.000994543 0.00113681
11 0.00389491 0.00798348 0.00243944 0.0176007 0.00843097 0.954003 0.00564727
13 0.0024691 0.0139095 0.949589 0.00175449 0.000905518 0.0259418 0.0054308
0 0.00771952 0.0446509 0.00455118 0.00163052 0.940501 0.000500048 0.000447033
4 0.0124955 0.00792826 0.0134395 0.945332 0.00472098 0.0103339 0.00575004
22 0.952685 0.046877 5.38702e-05 0.000107543 0.000165379 3.09327e-05 8.0204e-05
13 0.00542971 0.0172085 0.925666 0.0122554 0.0155367 0.019312 0.00459126
22 0.917958 0.0321919 0.00810168 0.00962537 0.0255492 0.00380248 0.00277168
0 0.011551 0.022171 0.0142265 0.00645357 0.931207 0.0080575 0.00633301
11 0.00375781 0.0027397 0.027388 0.00281263 0.00529685 0.912378 0.0456266
22 0.937507 0.0467819 0.00743061 0.00135168 0.0022645 0.00339 0.00127451
11 0.0075469 0.0103686 0.0234692 0.0176708 0.00294332 0.936968 0.00103307
11 0.000400297 0.00087362 0.00666035 0.00165823 0.000590837 0.899718 0.0900986
4 0.00119467 0.00239541 0.00497331 0.961864 0.00147435 0.0147548 0.0133435
13 0.0207444 0.0139604 0.946032 0.00692725 0.00997487 0.00192689 0.000434129
19 0.00329948 0.00342931 0.010709 0.0209357 0.0107925 0.107408 0.843426
13 0.00741194 0.018723 0.946403 0.00748758 0.00895011 0.00921063 0.00181345
19 0.00232478 0.00380185 0.00624869 0.0110655 0.0306014 0.0941003 0.851857
11 0.0063962 0.00832311 0.0288557 0.0142216 0.0103383 0.859696 0.0721695
11 0.00305345 0.00176102 0.0337916 0.00981072 0.00660946 0.875224 0.0697495
5 0.0631494 0.883818 0.00819188 0.0105832 0.0244481 0.00578282 0.00402694
0 0.000622181 0.00043576 0.000816842 0.0148209 0.955137 0.00351313 0.0246539
22 0.969936 0.00602797 0.00131681 0.00820824 0.00880178 0.00369115 0.00201828
22 0.915225 0.0472313 0.0173488 0.00432681 0.00865821 0.00439017 0.00281938
5 0.0626884 0.897785 0.0148831 0.00591093 0.0159543 0.00124632 0.00153237
19 0.00291475 0.00273425 0.032549 0.0116368 0.012007 0.0753821 0.862776
