labels 22 13 4 11 0 5 19
5 0.373789 0.00374541 0.0179628 0.00184419 0.0112259 0.590807 0.000626048
0 0.0295327 0.029543 0.0367091 0.0114881 0.799969 0.0844532 0.00830452
11 0.00168959 0.0235717 0.00410842 0.537999 0.0180704 0.00151705 0.413044
5 0.232913 0.0264617 0.0102202 0.00660406 0.0871526 0.633969 0.0026799
13 0.00280566 0.957362 0.00222218 0.0124058 0.0113083 0.00121828 0.012678
4 0.0164662 0.00364388 0.884134 0.00553935 0.0508477 0.004479 0.0348897
19 0.00279163 0.000611104 0.00998418 0.0042789 0.00475786 0.00192017 0.975656
22 0.98174 0.000317478 0.00257025 0.000644456 0.000346722 0.0138955 0.000485578
13 0.00877198 0.374806 0.0182554 0.241385 0.0862898 0.0110016 0.259491
22 0.733342 0.0122891 0.027319 0.00762839 0.0627101 0.154799 0.00191183
22 0.395114 0.00552421 0.155805 0.00392151 0.350902 0.0825735 0.00615969
0 0.0119059 0.00831362 0.0295449 0.00562789 0.794337 0.00613421 0.144137
0 0.262954 0.0610509 0.0230041 0.00848913 0.545278 0.0940936 0.00513037
0 0.198011 0.0120891 0.303675 0.0294116 0.308595 0.141973 0.00624572
19 0.000836096 0.00279538 0.00392535 0.195987 0.00790767 0.000825411 0.787723
22 0.954972 0.00269177 0.018177 0.00147818 0.0150124 0.00644162 0.00122738
22 0.307984 0.101126 0.226248 0.0442014 0.160251 0.147732 0.0124585
19 0.00380571 0.0448675 0.00208535 0.365484 0.00517135 0.00205938 0.576526
19 0.00316346 0.00906586 0.0219992 0.0904759 0.0310421 0.00416961 0.840084
13 0.00170029 0.735694 0.0097409 0.0926055 0.0896407 0.00308293 0.0675354
13 0.00858415 0.850659 0.00943875 0.0243873 0.0628735 0.0022408 0.0418168
22 0.974209 0.000693994 0.0054083 0.00042028 0.00700223 0.0113839 0.00088191
19 0.00440296 0.00712686 0.00148179 0.21257 0.00688243 0.00177558 0.765761
19 0.0248664 0.0466106 0.294499 0.131086 0.0618385 0.0189057 0.422194
19 0.000666766 0.0165188 0.00104402 0.292159 0.0162317 0.000659906 0.67272
5 0.154417 0.10386 0.0617842 0.116291 0.209032 0.342681 0.0119334
0 0.0628936 0.201535 0.0920494 0.00820003 0.508632 0.118431 0.00825919
22 0.882112 0.00325307 0.0505833 0.00238106 0.0102138 0.0499112 0.00154503
22 0.882038 0.00450639 0.00571042 0.00159416 0.00224427 0.103101 0.0008061
11 0.00255997 0.174452 0.00824949 0.402205 0.0259218 0.00376757 0.382844
0 0.115504 0.0650324 0.0626837 0.0225388 0.397956 0.326841 0.00944437
13 0.00849876 0.877697 0.0054379 0.0143129 0.0480845 0.00289824 0.0430705
22 0.942135 0.00121338 0.005669 0.000717705 0.0223373 0.0270564 0.000870783
22 0.475059 0.0454346 0.105256 0.0123956 0.0992966 0.255148 0.00741032
0 0.00998584 0.0698146 0.192845 0.0475728 0.466208 0.0293523 0.184221
19 0.000617923 0.0171495 0.00177595 0.457536 0.0158244 0.000725505 0.506371
4 0.0469933 0.010429 0.646789 0.0107732 0.227403 0.0193871 0.0382246
4 0.0209512 0.0268527 0.80194 0.0402378 0.0354434 0.00841633 0.066159
22 0.893989 0.00412535 0.0604813 0.00286191 0.0169208 0.0197198 0.00190201
13 0.00373274 0.708867 0.031605 0.0527759 0.14951 0.0027681 0.0507406
22 0.868347 0.0338568 0.00423346 0.00158961 0.0062173 0.0842073 0.00154836
19 0.00172447 0.006036 0.00145254 0.0904362 0.00302208 0.00224302 0.895086
22 0.979083 0.00584919 0.00642753 0.00178185 0.00244988 0.00379849 0.000610338
19 0.00267971 0.112399 0.00235618 0.237696 0.0199107 0.00254228 0.622416
13 0.00617815 0.897568 0.00292919 0.0234183 0.0190243 0.00329151 0.0475901
13 0.0090147 0.672406 0.0134395 0.0254348 0.254368 0.0127461 0.0125908
13 0.00635735 0.782865 0.00299384 0.0935078 0.0181202 0.00307352 0.0930826
13 0.00773119 0.397045 0.00752826 0.0818394 0.113409 0.00776833 0.384679
13 0.00802263 0.550969 0.0061302 0.0602099 0.224529 0.00479486 0.145345
22 0.724203 0.0276816 0.0225534 0.0057841 0.144534 0.071946 0.00329738
5 0.17192 0.0109245 0.0135678 0.00515599 0.166373 0.628576 0.00348273
19 0.0034084 0.0672176 0.0061724 0.165804 0.0281633 0.00416594 0.725069
0 0.0321547 0.0119895 0.00392195 0.00285231 0.81425 0.133818 0.00101348
19 0.00267547 0.0146376 0.0502036 0.36193 0.0203164 0.00233075 0.547906
22 0.802031 0.00674581 0.0991626 0.010498 0.0343451 0.0432206 0.00399643
22 0.905159 0.0299425 0.00686931 0.00141128 0.00672227 0.0490005 0.000894895
