labels 22 5 13 4 0 11 19
13 0.000460111 0.000881896 0.988765 0.000797537 0.00397523 0.0042393 0.000880599
11 0.000495279 0.000601365 0.0528691 0.00122313 0.0106582 0.923293 0.0108602
0 0.0658625 0.0326403 0.0220739 0.00998646 0.862806 0.00441749 0.00221374
0 0.0433801 0.118203 0.00434116 0.0396198 0.788888 0.00264066 0.00292735
11 0.00330313 0.0200404 0.00788624 0.395195 0.0650268 0.4976 0.010948
22 0.883774 0.0217841 0.0209423 0.00648475 0.0605259 0.00314844 0.00334003
13 0.00382479 0.0161602 0.856343 0.0733279 0.0175763 0.0281601 0.00460755
11 0.00234905 0.00653632 0.163214 0.0052512 0.0345119 0.777428 0.0107088
11 0.000779525 0.000448364 0.0755274 0.00316546 0.00538622 0.853709 0.0609837
0 0.00364236 0.00821616 0.00207342 0.00506343 0.980213 0.000507567 0.000283866
5 0.131235 0.582869 0.171705 0.0481117 0.0512465 0.00948225 0.00535096
0 0.037432 0.214303 0.15736 0.0236309 0.546076 0.0127903 0.0084078
0 0.0481282 0.360515 0.0531385 0.0315624 0.442169 0.0599674 0.0045201
22 0.966876 0.0111294 0.0127664 0.000729768 0.0065645 0.00105145 0.000882051
19 0.000497906 0.000590463 0.000118095 0.0143793 0.00210411 0.00255631 0.979754
11 0.000916061 0.00103163 0.0104721 0.0322081 0.00260309 0.926215 0.0265537
13 0.00286573 0.00641882 0.957903 0.00538705 0.00199022 0.0243496 0.00108524
19 0.00460928 0.00312156 0.00772121 0.090106 0.0102686 0.436148 0.448025
22 0.669979 0.0508539 0.225489 0.00668054 0.0221494 0.0210241 0.00382443
13 0.00394381 0.0111216 0.96406 0.00477587 0.00605013 0.00565468 0.00439423
13 0.00359951 0.0196515 0.940704 0.00519857 0.00873934 0.0193864 0.00272066
5 0.0480078 0.508432 0.113367 0.0359922 0.281406 0.0101371 0.00265776
22 0.436756 0.174623 0.286761 0.0103475 0.0862139 0.00379587 0.00150367
22 0.623017 0.139903 0.0391733 0.0101883 0.17632 0.00746515 0.00393374
22 0.933403 0.0472328 0.00744436 0.000136579 0.0105258 0.000824876 0.000432872
11 0.00973298 0.0083202 0.139073 0.0812149 0.0328743 0.571739 0.157046
22 0.98568 0.00423525 0.00646745 0.000516683 0.00164313 0.000826489 0.000631279
11 0.000702981 0.000786387 0.137418 0.0146239 0.00379662 0.718456 0.124216
13 0.000202141 0.00236302 0.994909 0.000247095 0.000741 0.00127635 0.000261248
0 0.00643011 0.00971724 0.00259725 0.000822413 0.979353 0.00095066 0.000129256
5 0.0254152 0.620161 0.0266137 0.0351041 0.276516 0.0107741 0.00541622
11 0.00486601 0.0043687 0.0276476 0.233821 0.0347541 0.571458 0.123085
22 0.940415 0.0258779 0.00322869 0.0131353 0.0152849 0.00136057 0.000697254
22 0.594085 0.0671471 0.0281559 0.0696073 0.227148 0.00908778 0.00476863
13 0.00572766 0.0129004 0.816042 0.0174149 0.0165651 0.112197 0.0191532
22 0.944397 0.0235746 0.0117105 0.00273338 0.0162537 0.000621904 0.000709423
22 0.864969 0.0261266 0.056267 0.00834573 0.0321298 0.00891921 0.00324302
0 0.107747 0.319659 0.135302 0.0610548 0.344492 0.0204429 0.0113025
13 0.00114667 0.00491133 0.980912 0.00316121 0.00365295 0.00520089 0.0010149
11 0.00162102 0.00416193 0.182032 0.0227936 0.00348496 0.77864 0.00726638
13 0.0130566 0.0112241 0.785784 0.0737408 0.0256001 0.0656119 0.0249826
11 0.00240151 0.00407777 0.0495233 0.0528289 0.00521377 0.673879 0.212076
13 0.000830921 0.00399279 0.981804 0.00217472 0.000876416 0.00951825 0.000803261
0 0.00748382 0.0102824 0.00365431 0.0247661 0.945921 0.00513248 0.00275969
22 0.968058 0.0206373 0.00402449 0.000739502 0.00498567 0.000972478 0.000582611
22 0.818044 0.116137 0.0256051 0.00606771 0.0286505 0.00297319 0.00252325
5 0.0537228 0.465215 0.0334623 0.073517 0.309233 0.0578246 0.00702471
13 0.00457432 0.0600473 0.697096 0.0371946 0.113675 0.0827846 0.00462764
13 0.00363456 0.00411009 0.66043 0.0269116 0.0121004 0.200167 0.0926465
