labels 22 5 13 4 0 11 19
22 0.922864 0.0702906 0.00422323 9.35027e-05 0.00207072 0.000294066 0.000164087
5 0.0890926 0.873261 0.00294989 0.00999331 0.0234248 0.000931197 0.000347439
13 0.00487327 0.00965748 0.958365 0.00515536 0.0139598 0.00739236 0.000596397
4 0.00285051 0.0216987 0.0202713 0.930606 0.00719433 0.0134486 0.00393036
13 0.000495978 0.00103242 0.985695 0.000467618 0.00228185 0.00678687 0.00324055
0 0.00818048 0.0624966 0.00752582 0.011888 0.902802 0.00399371 0.0031137
11 0.00837669 0.013436 0.053639 0.0149545 0.0069078 0.897507 0.00517924
0 0.00918887 0.063551 0.00102537 0.00151544 0.921615 0.0015367 0.00156716
13 0.0248004 0.0307637 0.919782 0.0113751 0.00881661 0.00248862 0.00197383
0 0.007681 0.0202289 0.0717379 0.0113825 0.876712 0.00876096 0.00349644
5 0.0102382 0.989171 6.84066e-05 6.36925e-05 0.000360295 3.77933e-05 6.03015e-05
4 0.0050301 0.00654089 0.0186765 0.563091 0.24236 0.0354994 0.128802
11 0.000834561 0.000582603 0.00907242 0.000915571 0.00301766 0.894589 0.0909882
0 0.00120261 0.00133484 0.0129581 0.00353136 0.929826 0.0130205 0.038127
4 0.000952621 0.00417765 0.00072161 0.979751 0.000203263 0.00672908 0.00746439
4 0.00564398 0.014793 0.0037229 0.955034 0.0115404 0.00380758 0.00545799
11 0.0043694 0.00311743 0.00912045 0.012305 0.00221347 0.956827 0.0120472
0 0.000961946 0.00186164 0.00327533 0.0227004 0.897224 0.00923492 0.0647415
11 0.000974132 0.000516177 0.0156729 0.00191125 0.00380392 0.915238 0.0618839
11 0.00342811 0.0187899 0.115428 0.00844348 0.00414373 0.844865 0.00490163
13 0.0013283 0.000511596 0.981402 0.00224949 0.00228852 0.00991844 0.00230163
4 0.00824745 0.0184377 0.00181222 0.958043 0.00157651 0.010287 0.00159659
4 0.000763532 0.0186623 0.000742979 0.964348 0.00453791 0.00915961 0.00178618
0 0.000861367 0.0107178 0.011785 0.00738841 0.95908 0.00639196 0.00377513
0 0.0506964 0.0474331 0.00915842 0.00876548 0.879591 0.00263897 0.00171634
22 0.974732 0.0176281 0.000532426 8.15022e-05 0.00674506 4.59906e-05 0.000235072
22 0.978484 0.0134808 0.000188241 0.00102615 0.00599224 0.000194347 0.000633904
22 0.836511 0.146728 0.00461442 0.00139087 0.00901081 0.00109791 0.000646348
13 0.000783954 0.000325498 0.992826 0.000410151 0.000754452 0.00375936 0.00114062
5 0.0312732 0.875333 0.00998023 0.00585908 0.0729438 0.00251514 0.00209608
22 0.915139 0.0700397 0.00208754 0.000878136 0.00847438 0.00152959 0.00185167
11 0.000476628 0.000659128 0.00891699 0.00166486 0.000548336 0.941276 0.0464581
11 0.00182881 0.0036694 0.00574495 0.00937651 0.00053865 0.96045 0.018392
13 0.000641095 0.00023908 0.994034 0.00033566 0.00091418 0.000922046 0.00291357
22 0.959082 0.0388329 0.000153433 2.7674e-05 0.00163119 9.70792e-05 0.000176166
11 0.00249337 0.00195144 0.0122738 0.00481967 0.00131962 0.933754 0.0433878
11 0.00109866 0.0014422 0.00921205 0.0130892 0.00395395 0.93684 0.0343643
5 0.0386027 0.836634 0.0150704 0.0527812 0.0380858 0.0145815 0.00424443
19 0.00415132 0.00439365 0.00167674 0.0184875 0.0173833 0.014831 0.939076
0 0.011593 0.0620532 0.00334626 0.0204031 0.900882 0.00117607 0.000545963
13 0.0059676 0.0288376 0.945419 0.00735217 0.00501571 0.00569806 0.00171005
11 0.000280148 0.000952037 0.00689975 0.00328452 0.00107325 0.977094 0.0104159
19 0.0014718 0.00229748 8.75937e-05 0.00800441 0.00228954 0.00196839 0.983881
22 0.796425 0.197295 0.00079904 0.000170935 0.00415732 0.000350085 0.000803126
0 0.0482208 0.214863 0.00258941 0.0147978 0.713862 0.0028283 0.00283891
19 0.00411039 0.00355444 0.000920284 0.024359 0.00847362 0.0187707 0.939812
4 0.00703949 0.0011207 0.000726242 0.977272 0.00886202 0.00101529 0.00396412
19 0.00485088 0.00151119 0.0129125 0.0200548 0.0222234 0.0211929 0.917254
4 0.00241853 0.0144936 0.0073278 0.735463 0.0221544 0.208128 0.010015
13 0.00675664 0.00659613 0.726417 0.0367835 0.0372264 0.16439 0.02183
22 0.927982 0.0251479 0.00647066 0.00272345 0.032092 0.00178337 0.00380063
22 0.856488 0.0263436 0.0118905 0.0324579 0.0608797 0.00506385 0.00687617
22 0.870715 0.0645416 0.00617244 0.00457822 0.0516446 0.00165522 0.000692438
19 0.000635453 0.000444726 6.78682e-05 0.00113073 0.000688714 0.000843833 0.996189
19 0.000191801 0.000164308 0.000313956 0.00183658 0.00131129 0.0222726 0.97391
19 0.00198544 0.00589319 0.000468207 0.00406521 0.000857495 0.000289052 0.986441
0 0.000284478 0.000345138 0.000207962 0.0268102 0.969345 0.000285922 0.00272116
22 0.850673 0.0976437 0.00447516 0.0305843 0.00756465 0.00430423 0.00475531
19 0.00432979 0.00335009 0.000541463 0.0223907 0.00436279 0.00395132 0.961074
4 0.00901532 0.0221891 0.000553889 0.953454 0.00509849 0.00759847 0.0020911
11 0.000389893 0.00155788 0.0339732 0.0028548 0.000940828 0.9587 0.00158358
13 0.00112892 0.00542208 0.907505 0.0131872 0.00509243 0.0592245 0.00843956
19 0.00112118 0.00122037 0.00578725 0.0011536 0.0189168 0.0241234 0.947677
5 0.391969 0.553704 0.0196577 0.00851407 0.0184333 0.00403428 0.0036878
13 0.00227285 0.00260393 0.974193 0.00679417 0.00176633 0.0101383 0.00223098
11 0.00130182 0.000864099 0.00364629 0.0121422 0.00250826 0.970577 0.00896024
19 0.00625189 0.00584303 0.010164 0.0122907 0.00998574 0.0512043 0.90426
5 0.0416337 0.91835 0.0110117 0.00285787 0.0226209 0.00239613 0.00112952
19 0.000538388 0.00200436 0.00292632 0.00121628 0.00740721 0.0223201 0.963587
11 0.00289399 0.000372375 0.0142361 0.00504659 0.00349121 0.920331 0.0536291
13 0.00336023 0.00319043 0.866778 0.0130406 0.00282667 0.106652 0.00415259
0 0.0276239 0.0454567 0.00107196 0.0094918 0.91503 0.000561861 0.000763758
5 0.0522486 0.872577 0.0181068 0.011099 0.0373159 0.00449673 0.00415631
0 0.0340674 0.282612 0.00381747 0.238158 0.430034 0.0024722 0.00883849
13 0.00556418 0.00520132 0.966603 0.00882682 0.00163612 0.0114182 0.000750649
5 0.410032 0.460694 0.0891923 0.00466868 0.0239619 0.00807477 0.00337698
19 0.00399713 0.0036 0.00151728 0.0140368 0.0246631 0.00367078 0.948515
13 0.00282985 0.00412227 0.976874 0.0011137 0.00960784 0.00205819 0.00339418
13 0.0122337 0.0430119 0.930811 0.00264013 0.00486215 0.00508067 0.00136073
13 0.000582368 0.000351049 0.984658 0.000245934 0.00100665 0.00537947 0.0077762
4 0.00748239 0.00641824 0.039123 0.695799 0.00437677 0.222816 0.0239838
13 0.00334742 0.00120052 0.975515 0.00133098 0.00326366 0.00946822 0.00587381
22 0.879805 0.0489803 0.00737612 0.0203679 0.0356656 0.00522723 0.00257738
22 0.924115 0.069639 7.18681e-05 0.000136305 0.00533447 0.000384436 0.000318832
13 0.0175847 0.00817389 0.909866 0.0103281 0.0130242 0.0394213 0.00160139
11 0.00262104 0.00341517 0.0155026 0.00171216 0.00603606 0.964026 0.00668673
22 0.974497 0.0135205 0.000951472 0.00196977 0.00822427 0.000353026 0.000483554
11 0.000346242 0.000416502 0.00543304 0.000903721 0.00231553 0.984802 0.00578303
22 0.972702 0.0107162 9.95133e-05 0.000178876 0.0153492 0.000502698 0.000451881
22 0.679226 0.147288 0.000231631 0.00214186 0.169885 0.000565127 0.000662552
19 0.00249849 0.00166465 0.000375369 0.00824144 0.00608447 0.00169273 0.979443
13 0.00627979 0.00483602 0.97784 0.00166197 0.00238666 0.00478563 0.00221005
19 0.00308281 0.00519784 0.00600699 0.0124976 0.0123102 0.0516575 0.909247
22 0.948245 0.0432421 0.000540236 0.00213051 0.00489927 0.000507244 0.000435811
0 0.000577504 0.000346079 0.00730407 0.00389565 0.93534 0.0111469 0.0413896
13 0.000482721 0.000518297 0.888371 0.00267189 0.00773057 0.0759921 0.0242335
5 0.0281051 0.968803 0.000767295 0.000270334 0.00177912 8.2242e-05 0.000192793
19 0.00245094 0.00102291 0.00865247 0.00206712 0.00756331 0.180776 0.797467
22 0.97153 0.027342 1.01623e-05 1.78817e-05 0.000983899 3.19248e-05 8.46267e-05
0 0.192555 0.131741 0.000839964 0.00825703 0.665212 0.000882281 0.000512709
5 0.254362 0.674396 0.0174112 0.000776384 0.0482083 0.00320114 0.00164518
0 0.10714 0.0504656 0.0417258 0.0354134 0.73263 0.0212725 0.0113528
19 0.000457879 0.000194874 5.86231e-05 0.00479748 0.00413468 0.00238861 0.987968
5 0.0479153 0.927512 0.00565965 0.000387498 0.0173895 0.000475067 0.000661012
5 0.0148126 0.903593 0.00827256 0.0133577 0.0556475 0.00304905 0.00126785
13 0.000903767 0.000433255 0.988589 0.000348862 0.00269978 0.00561281 0.00141238
4 0.00136601 0.00399881 0.00333588 0.958946 0.00314318 0.00575818 0.0234519
11 0.00189095 0.00152218 0.0100885 0.00735563 0.00333179 0.942043 0.0337682
13 0.000944037 0.0010643 0.965816 0.00192694 0.00612622 0.0155258 0.00859706
11 0.00388057 0.00360742 0.381522 0.00698148 0.0304967 0.434044 0.139467
22 0.933647 0.0544363 0.00273372 3.82405e-05 0.00881084 0.000165758 0.000167971
5 0.461722 0.515154 0.000657915 0.00766923 0.0113888 0.00192978 0.00147839
22 0.911236 0.0120208 0.00690775 0.0273198 0.033248 0.00418666 0.00508059
5 0.0653485 0.931851 8.61648e-05 0.000728988 0.00154047 0.000133631 0.000311208
22 0.824522 0.0958084 0.0100796 0.0121515 0.0499009 0.00514001 0.00239737
22 0.748672 0.0462107 0.00440335 0.06389 0.130216 0.00309126 0.0035164
0 0.00710018 0.183847 0.0364779 0.00205542 0.751307 0.016652 0.00255981
11 0.00336411 0.00814345 0.00376916 0.013571 0.000930096 0.957856 0.0123658
22 0.874213 0.0955235 0.00488671 0.00877982 0.011498 0.00241384 0.00268494
22 0.965399 0.0172937 0.00176533 0.00811691 0.0042771 0.00198581 0.00116199
22 0.92571 0.0705405 9.30266e-05 1.79002e-05 0.00330298 0.000147878 0.000187263
13 0.00439472 0.0138611 0.962775 0.00804566 0.00790157 0.00244687 0.000575481
11 0.00511431 0.0100974 0.0126283 0.0582362 0.00552572 0.886419 0.0219792
0 0.00167341 0.00109776 0.00193313 0.0126396 0.971719 0.00122318 0.00971397
0 0.0318189 0.0548515 0.00390254 0.00118123 0.907098 0.000640336 0.000507025
13 0.00207039 0.00921918 0.769423 0.00842104 0.00603309 0.200883 0.00394987
0 0.0126441 0.192962 0.00171686 0.0102522 0.779723 0.00130141 0.00139997
19 0.000381717 0.000179918 5.26334e-05 0.00169448 0.0032599 0.00273156 0.9917
22 0.981042 0.01039 0.000175074 8.59704e-05 0.00815078 8.90317e-05 6.75348e-05
11 0.00414589 0.00643257 0.00567695 0.0129563 0.00216525 0.95984 0.00878318
0 0.00354464 0.0105951 0.000339824 0.00945399 0.973129 0.00104532 0.00189219
4 0.00487686 0.0028503 0.00404614 0.934858 0.0456869 0.00293618 0.0047453
0 0.0508566 0.100219 0.0224712 0.0148659 0.806867 0.00244043 0.00227957
19 0.00106641 0.00340348 0.000327013 0.009403 0.00181837 0.00486392 0.979118
0 0.00400384 0.0492924 5.7646e-05 0.00114112 0.945305 0.000159189 4.07124e-05
5 0.0228114 0.882797 0.0131832 0.0211686 0.0559795 0.00351316 0.000546789
5 0.0834545 0.77136 0.00847512 0.0138273 0.114036 0.00422207 0.00462502
22 0.966929 0.0178126 2.29574e-05 0.000355508 0.0144453 0.000193267 0.000241347
19 0.000341019 0.00065307 1.47817e-05 0.00148359 0.000457919 0.0016028 0.995447
0 0.00354778 0.0631872 0.0056992 0.000702579 0.921539 0.00477758 0.000546415
22 0.883081 0.106958 0.000124701 0.000752203 0.00725853 0.000928464 0.000897066
22 0.955423 0.00369917 0.00245775 0.00269687 0.0297198 0.00151046 0.00449311
22 0.751093 0.207307 0.00661713 0.00310484 0.0308281 0.000654697 0.000395233
19 0.00404187 0.00305367 0.0204006 0.00955849 0.0253945 0.0226303 0.91492
13 0.000930573 0.00186791 0.984996 0.0012501 0.000646245 0.00971515 0.00059396
4 0.0100447 0.0115827 0.00309251 0.951337 0.00551168 0.00676697 0.011664
4 0.0103664 0.0175536 0.000240164 0.936564 0.00452255 0.0268336 0.00391931
19 0.00323395 0.00547512 0.00143957 0.0226458 0.00155738 0.00345876 0.962189
22 0.978404 0.0125779 0.00127558 0.000453166 0.00550253 0.000820795 0.000965893
0 0.0703869 0.347801 0.00816382 0.0875929 0.46873 0.0120356 0.00529023
22 0.703019 0.270205 0.00151451 0.00205865 0.0217347 0.000502429 0.000965336
5 0.0434403 0.942247 0.00223438 0.00058083 0.00870519 0.00183991 0.000952217
4 0.00476356 0.0157063 0.012524 0.711355 0.25124 0.00333085 0.00108044
4 0.00532418 0.00430662 0.00308075 0.970825 0.00117877 0.00836839 0.00691662
5 0.301989 0.557715 0.0648161 0.0236342 0.040211 0.00669992 0.00493398
19 0.00100849 0.000557994 0.00542468 0.00995536 0.00344983 0.228305 0.751299
22 0.908081 0.0701586 0.00115722 0.00381895 0.0142401 0.0017162 0.000828318
5 0.0384037 0.713241 0.0556615 0.00977222 0.173083 0.00510756 0.0047313
22 0.667328 0.301915 0.000283217 0.00823385 0.0201653 0.00092237 0.0011519
22 0.954964 0.0323363 0.000732821 0.00452604 0.00567079 0.00118044 0.00058951
5 0.0212884 0.929981 0.000353822 0.0119653 0.0275578 0.0044177 0.00443548
11 0.000506553 0.00035654 0.00752652 0.00594725 0.0015037 0.92755 0.0566097
11 0.00121288 0.000883277 0.00626655 0.0178053 0.00308228 0.93354 0.0372094
22 0.930593 0.0314196 0.00260453 0.00952624 0.0235085 0.0013976 0.000950512
11 0.000215333 9.0974e-05 0.00796755 0.000744963 0.00407734 0.864232 0.122672
4 0.00930313 0.0146769 0.00524411 0.952387 0.00877136 0.00765744 0.0019604
13 0.00312453 0.00683469 0.96258 0.0112499 0.00425172 0.00947247 0.00248682
13 0.002698 0.0162804 0.95744 0.00814585 0.00691063 0.00828662 0.000238487
11 0.000323267 0.000258031 0.0067872 0.000487773 0.000553055 0.978792 0.0127983
5 0.0327114 0.866469 0.00939554 0.00977198 0.071028 0.00803464 0.0025896
5 0.197785 0.360355 0.0792573 0.0639373 0.273159 0.0190237 0.00648338
0 0.00506268 0.0651982 0.00458437 0.00239948 0.921069 0.00123456 0.00045123
11 0.00264872 0.000503859 0.0298351 0.00190573 0.00290513 0.883398 0.0788035
4 0.00334704 0.00683108 0.00875162 0.927328 0.00364799 0.0456985 0.00439534
22 0.983222 0.0143633 0.000336065 0.000107556 0.00132276 0.000378789 0.000269906
22 0.965961 0.0240231 0.00269304 0.000341132 0.00544554 0.000589646 0.000946982
0 0.00910943 0.0261645 0.137727 0.0274272 0.761089 0.0218326 0.0166503
11 0.00141689 0.000513562 0.0949331 0.000304298 0.00161867 0.90066 0.000553289
22 0.9305 0.0283381 0.00459553 0.00131898 0.0318805 0.00225325 0.00111348
22 0.926224 0.0164122 0.0209796 0.0101769 0.020138 0.00409273 0.00197658
11 0.00103457 0.00188186 0.0207705 0.00246846 0.000719026 0.936267 0.0368586
5 0.0431362 0.951354 0.000456582 0.000555158 0.00344217 0.000269165 0.000786699
22 0.828961 0.125638 0.00254714 0.0106795 0.0265058 0.00426034 0.0014076
4 0.139648 0.0859161 0.00577426 0.754021 0.0112608 0.00260543 0.000774659
19 0.00369274 0.00346432 0.0100185 0.0203753 0.0129365 0.0198549 0.929658
11 0.00286404 0.00661334 0.031749 0.00680961 0.0079063 0.915453 0.0286051
0 0.0744345 0.0354255 0.000437106 0.0115563 0.877002 0.000502418 0.000642108
5 0.241582 0.716829 0.00295534 0.00471353 0.030565 0.00228191 0.00107399
13 0.000134724 0.000170171 0.980545 0.000105446 0.00143228 0.00988567 0.00772717
0 0.0145152 0.0595646 0.00164421 0.017608 0.90259 0.00329503 0.000782811
19 0.00372426 0.00507376 0.0058288 0.113292 0.0252363 0.0453543 0.80149
19 0.00401178 0.00478999 0.0172335 0.029682 0.0394961 0.0489312 0.855856
0 0.0329717 0.102287 0.000837772 0.00280229 0.860115 0.000668026 0.000318439
13 0.000317004 0.000592455 0.93869 0.00200039 0.0093632 0.0395644 0.00947236
19 0.0042173 0.00235593 0.0031967 0.0215825 0.00948811 0.0206117 0.938548
13 0.00158698 0.000593331 0.9633 0.00532322 0.00706235 0.0109236 0.0112105
11 0.00500391 0.00770615 0.0109314 0.00830018 0.00416235 0.95552 0.00837626
0 0.0115149 0.0509765 0.00919483 0.0546332 0.864642 0.00382628 0.00521221
22 0.899198 0.0613301 0.00164251 0.000819708 0.035026 0.000679982 0.00130349
0 0.0204592 0.0409766 0.000877804 0.02204 0.912729 0.0020494 0.000868452
4 0.000440419 0.000516126 0.000157052 0.986335 0.00206732 0.000839331 0.00964439
22 0.919913 0.0697732 1.20105e-05 0.000153691 0.00975836 0.000142076 0.000247177
19 0.000259906 0.000158603 1.2422e-05 0.00292782 0.000778672 0.00132119 0.994541
22 0.924335 0.0342201 0.00143088 0.0110608 0.0271473 0.000654481 0.00115178
19 0.00280436 0.00315503 0.0756642 0.00942962 0.00562926 0.384481 0.518836
5 0.443128 0.464689 0.00282364 0.00167569 0.0867127 0.000737263 0.000233549
11 0.00108705 0.00119664 0.00592458 0.0176107 0.00258686 0.925062 0.0465318
11 0.00430141 0.00502409 0.0106531 0.00631826 0.00243429 0.970324 0.000944461
13 0.00284032 0.00171183 0.97115 0.00633287 0.0048354 0.0107929 0.00233663
19 0.000457789 0.000235068 0.000153072 0.00153448 0.000898725 0.0113411 0.98538
0 0.00835227 0.0232935 0.019941 0.0617934 0.856336 0.00842617 0.0218572
22 0.967375 0.0273221 0.000167806 0.000273995 0.00418803 0.000274304 0.000399275
22 0.888368 0.0578122 0.00535284 0.0188405 0.023856 0.00345901 0.00231189
11 0.00855272 0.00995612 0.0336147 0.0498492 0.114612 0.734843 0.0485719
22 0.940926 0.0543563 9.00874e-05 0.00071928 0.00355137 0.000137352 0.000219603
22 0.70813 0.262831 0.00643397 0.00751766 0.006908 0.00487368 0.00330577
11 0.00205484 0.000673969 0.00767117 0.00411899 0.00265449 0.926641 0.0561853
22 0.589291 0.243628 0.0436947 0.0404686 0.0362746 0.0414305 0.00521257
4 0.00392897 0.00392454 0.00426696 0.962326 0.0060696 0.00736731 0.0121168
13 0.00615932 0.00595079 0.956174 0.00379077 0.00710305 0.0119471 0.00887513
11 0.000330339 0.00142746 0.00507141 0.0031972 0.000369321 0.969955 0.0196489
22 0.968373 0.00727422 0.000139008 0.0174996 0.00463152 0.000355083 0.00172723
11 0.0038723 0.00362874 0.0170416 0.00411555 0.00712212 0.75463 0.20959
11 0.000229788 8.15712e-05 0.00610718 0.000676203 0.00381714 0.87927 0.109818
0 0.0919352 0.176012 0.0233818 0.016358 0.669189 0.0182395 0.00488514
22 0.696776 0.278147 0.000164005 0.00673196 0.0161723 0.000747063 0.00126172
22 0.972875 0.0196949 0.00260582 0.0020406 0.00235069 0.000196293 0.000237127
22 0.89679 0.0419518 0.00310087 0.0137967 0.0357718 0.00284141 0.00574753
11 0.00303812 0.0120865 0.0137578 0.0598706 0.00473871 0.88045 0.0260587
0 0.123192 0.177405 0.00166872 0.0106245 0.675818 0.010202 0.00109086
13 0.00365428 0.00458289 0.981308 0.00243153 0.00111918 0.00527461 0.00162939
19 0.00362697 0.00495614 0.0068337 0.0113246 0.00991324 0.154746 0.808599
13 0.0020923 0.0176946 0.953075 0.00855012 0.00335814 0.0131595 0.00207048
5 0.030513 0.966542 0.00121836 2.78805e-05 0.00136349 9.86722e-05 0.000236102
22 0.888005 0.0689846 0.00265755 0.0115295 0.0246569 0.00270099 0.00146598
5 0.178391 0.768932 0.00606161 0.00602438 0.0344475 0.0035337 0.00260942
22 0.897013 0.0851431 0.00450237 0.00259306 0.0086927 0.00112899 0.000926799
13 0.000299781 0.000112644 0.898342 0.000106949 0.00572527 0.0850392 0.0103739
13 0.00647839 0.000972778 0.98874 0.000806232 0.000961925 0.00154983 0.000490462
5 0.0899021 0.905958 0.000522577 0.000200379 0.00307967 0.000201687 0.00013546
11 0.00051561 0.00184184 0.0262534 0.00228533 0.00399143 0.927694 0.0374185
0 0.0261288 0.186371 0.0130927 0.0138128 0.751691 0.0047496 0.0041538
4 0.0215847 0.0384721 0.00513231 0.88999 0.00736018 0.0344677 0.00299264
5 0.0895826 0.511628 0.0450797 0.0354021 0.310737 0.00499527 0.00257483
11 0.0031057 0.00663442 0.011494 0.00725029 0.0112165 0.953343 0.00695588
11 0.000594415 0.000696766 0.00757158 0.0124995 0.00800795 0.945466 0.0251642
19 0.00391683 0.00149174 0.00127076 0.00545634 0.00380284 0.022792 0.961269
13 0.00109967 0.00031874 0.981656 0.00183016 0.00647093 0.0020047 0.0066197
19 0.00295199 0.00221322 0.000254343 0.0116471 0.000611295 0.000444343 0.981878
22 0.925485 0.0474959 0.0106855 0.00159212 0.00549877 0.00563432 0.00360803
0 0.00453669 0.347961 0.00759272 0.0052527 0.631585 0.00121328 0.00185799
22 0.771933 0.206011 0.0010097 0.00288717 0.0169354 0.0008058 0.000418652
13 0.000266503 0.000861455 0.977134 0.000975217 0.00431834 0.0103212 0.0061233
0 0.0106632 0.0171123 0.00460097 0.000216029 0.966332 0.000675049 0.000400851
22 0.922127 0.037986 0.00190138 0.00335617 0.0325725 0.000902017 0.00115473
19 0.00163747 0.000483093 0.000915993 0.00573386 0.000760314 0.0224223 0.968047
22 0.510864 0.232512 0.0434416 0.0769319 0.125068 0.00635564 0.00482704
19 0.000369303 5.06483e-05 3.36283e-06 0.000373791 0.000138599 5.1586e-05 0.999013
19 0.00404587 0.00372684 0.000971388 0.0249954 0.0133533 0.0161481 0.936759
22 0.941427 0.0316778 4.76259e-05 0.00310209 0.0231143 0.000217435 0.000413795
22 0.927717 0.0705393 6.33218e-05 2.64963e-05 0.0015428 3.97876e-05 7.17099e-05
5 0.16848 0.827291 3.06054e-05 0.000314457 0.003687 2.7255e-05 0.000168992
4 0.00933561 0.00950986 0.00515296 0.960848 0.00338179 0.00922039 0.00255092
11 0.000437876 0.000940592 0.0138347 0.000648442 0.00126096 0.951938 0.0309399
4 0.0374436 0.0192747 0.000111353 0.937618 0.00422992 0.000358652 0.000963771
11 0.00361588 0.0024549 0.011482 0.0992219 0.0041629 0.690273 0.18879
19 0.000639295 0.000734111 2.90762e-05 0.00266845 0.000101573 2.80371e-05 0.995799
22 0.942433 0.0251258 0.00741046 0.0115012 0.00857186 0.00375513 0.00120234
0 0.00122938 0.00163968 0.00469461 0.0129588 0.924719 0.00661591 0.0481427
4 0.00355474 0.0107239 0.0330693 0.769371 0.120344 0.0317367 0.0312008
13 0.00638911 0.0132147 0.961744 0.00166295 0.00432371 0.00721454 0.00545095
22 0.951696 0.0441351 0.000215932 0.00105561 0.00198138 0.000262944 0.000652729
13 0.00484426 0.00983616 0.965029 0.00236547 0.00364625 0.0111956 0.00308349
11 0.000266329 0.000390421 0.0161298 0.00123897 0.00471287 0.926692 0.0505698
22 0.868611 0.0987359 0.0010943 0.000658159 0.0302169 0.000419636 0.000263749
11 0.00605763 0.00884447 0.0134526 0.0119432 0.00755392 0.947581 0.00456755
4 0.0165349 0.00672742 0.00354172 0.892999 0.0686874 0.00302239 0.00848715
22 0.9875 0.00981778 8.69063e-06 0.000129624 0.00194604 0.000236909 0.000360821
19 0.00370231 0.00723397 0.00858277 0.00518255 0.0133069 0.0235342 0.938457
22 0.923027 0.0697998 4.54983e-05 0.000170745 0.00676415 7.89362e-05 0.000113584
22 0.95958 0.0323877 0.000745454 9.95421e-05 0.00660695 0.000433839 0.000146945
13 0.00118459 0.00475 0.980296 0.000510414 0.00149998 0.00902687 0.00273236
22 0.925855 0.0703267 7.79605e-05 0.000374846 0.00306712 9.63531e-05 0.000202129
5 0.0145963 0.897164 0.0200076 0.0105362 0.0539826 0.00308273 0.000631056
4 0.00660833 0.0029201 0.00470408 0.963448 0.00879371 0.00696987 0.00655595
22 0.724478 0.199994 0.0401165 0.00487607 0.0239293 0.00336108 0.00324561
5 0.128429 0.857502 0.000211868 0.000282549 0.012291 0.000520358 0.000762993
0 0.0108347 0.0190776 0.00799984 0.0194392 0.931015 0.00671695 0.00491655
22 0.551523 0.406815 0.000722901 0.00703679 0.0298456 0.00266397 0.00139288
0 0.0154304 0.0599093 0.000385816 0.00554177 0.917504 0.000579167 0.000649133
5 0.00872984 0.91993 0.0119109 0.00133701 0.0567168 0.000900044 0.000475044
11 0.000690857 0.000835667 0.00922735 0.00323043 0.000328575 0.937464 0.0482226
22 0.829097 0.0610999 0.069717 0.00407177 0.0241879 0.00861831 0.0032085
11 0.00218305 0.00795897 0.00395685 0.0140964 0.00453979 0.950824 0.0164407
4 0.11001 0.0524911 0.0033232 0.812103 0.00826876 0.0112042 0.00259993
11 0.00264448 0.000938779 0.0169664 0.00969356 0.00195849 0.924308 0.0434902
5 0.078197 0.838791 0.00727981 0.0042827 0.065784 0.00113542 0.0045303
22 0.930052 0.0302279 0.00345756 0.0118274 0.0221042 0.00126887 0.00106197
22 0.886702 0.050164 0.0119624 0.00603759 0.0373616 0.00451368 0.00325924
19 0.00151293 0.00135128 0.000118114 0.0119346 0.000340457 0.0028304 0.981912
13 0.0106386 0.00279242 0.967179 0.00338066 0.00265474 0.0108827 0.00247206
13 0.000581472 0.000385057 0.970321 0.00456497 0.00752638 0.00954607 0.00707543
13 0.0105214 0.00956478 0.664511 0.0560181 0.00627914 0.247222 0.00588411
22 0.921993 0.0700501 0.00128751 3.26568e-05 0.00578381 0.000435811 0.000416875
5 0.416847 0.560626 0.000179228 0.00155628 0.0185001 0.000624094 0.00166716
4 0.0563416 0.0420665 0.0037163 0.88922 0.00315515 0.00368445 0.00181596
22 0.970902 0.0261668 1.95652e-05 0.000392314 0.00232112 5.13677e-05 0.000146915
0 0.00135531 0.0012589 0.000331778 0.0662026 0.927604 0.00084346 0.00240383
5 0.0530043 0.842146 0.00254886 0.000888239 0.09843 0.00208016 0.000902518
5 0.267924 0.701856 0.000172843 0.000788176 0.0279958 0.000473324 0.000790117
0 0.00647116 0.00351021 0.0036297 9.84411e-05 0.98602 0.000172585 9.82458e-05
22 0.904614 0.0817799 0.000318581 0.000549092 0.0106016 0.00156831 0.000568612
11 0.00218773 0.00267882 0.0124115 0.0137664 0.00534625 0.946497 0.0171122
22 0.891463 0.0682505 0.00856108 0.00185146 0.0277867 0.000717791 0.00136901
5 0.0378732 0.899142 0.00148181 0.000406558 0.0597937 0.000831543 0.000471425
19 0.00445914 0.00192017 0.0172479 0.0167454 0.00934181 0.100168 0.850117
22 0.961716 0.0313586 0.00269451 0.000500481 0.00236417 0.000594165 0.000771612
13 0.00561978 0.00272018 0.884269 0.00578169 0.00517467 0.0902635 0.00617111
22 0.971602 0.023059 4.05192e-05 0.000229949 0.00453294 0.000266111 0.000269697
19 0.00313564 0.00395489 0.00158222 0.00450848 0.00344307 0.00398498 0.979391
4 0.0088583 0.0361178 0.00470411 0.92002 0.0242647 0.00523046 0.000804656
22 0.903272 0.0690147 0.000119108 3.09137e-05 0.0274184 5.64873e-05 8.86696e-05
11 0.0016162 0.00165189 0.00675768 0.00288125 0.00415276 0.638327 0.344613
13 0.00650266 0.00142616 0.989507 0.000137483 0.000553619 0.00147114 0.000401909
4 0.0046571 0.0613344 0.000874348 0.903315 0.0217218 0.00659625 0.00150078
5 0.0135833 0.978719 0.000742387 0.000173689 0.00620665 0.000304695 0.000270401
22 0.96842 0.0118796 0.00586277 0.00348737 0.00774633 0.00188847 0.000715499
0 0.000581659 0.000990838 0.00502651 0.0149788 0.971376 0.00116304 0.00588308
0 0.0300567 0.0516522 0.00144848 0.00696999 0.906264 0.000635408 0.00297274
5 0.0269571 0.61943 0.241154 0.0127231 0.0907513 0.00752165 0.00146276
11 0.000514123 0.000383355 0.00319232 0.00141476 0.000639857 0.974933 0.0189224
22 0.740916 0.239224 0.00122206 0.00114288 0.0159931 0.000787506 0.000714471
4 0.0064991 0.015752 0.00248356 0.950473 0.00807565 0.0106358 0.00608046
11 0.000492652 0.000701391 0.0126623 0.00194096 0.00482491 0.921179 0.0581985
11 0.00608865 0.0135948 0.0360137 0.0663244 0.00482437 0.858147 0.015007
11 0.00227169 0.00222183 0.00939915 0.00604174 0.00548281 0.972508 0.00207435
11 0.000256413 0.00019533 0.0116896 0.00125534 0.000838825 0.930372 0.0553925
11 0.00237928 0.00269247 0.108866 0.00387257 0.00392671 0.866619 0.0116442
11 0.00399574 0.0230703 0.0382194 0.00599422 0.00680985 0.913448 0.00846222
13 0.00124492 0.00115134 0.974834 0.00128553 0.00394794 0.0101745 0.00736181
11 0.000641135 0.000842106 0.00123444 0.0128541 0.000411177 0.974134 0.00988314
19 0.00428102 0.00513947 0.00192566 0.0238914 0.0098322 0.0103671 0.944563
5 0.416639 0.573725 0.000110218 0.00171503 0.00696788 0.000287819 0.000554812
13 0.00143381 0.00861108 0.984102 0.000382218 0.00193567 0.00293701 0.000598365
5 0.0721714 0.894134 0.00133602 0.00219783 0.0264362 0.00264613 0.00107879
0 0.000375027 0.00874107 0.000810775 0.000513557 0.988952 0.000415263 0.000191854
22 0.916707 0.070249 9.279e-05 0.0100122 0.00133496 0.00103165 0.00057236
5 0.0869009 0.88311 0.000557025 0.000422372 0.0283683 0.000335679 0.000305435
0 0.00740806 0.0634668 0.00158349 0.000420662 0.92607 0.000824533 0.000226871
5 0.296795 0.445919 0.081461 0.0121459 0.14533 0.0102103 0.00813883
13 0.00194086 0.00265408 0.898413 0.00500249 0.00282504 0.0770405 0.0121241
5 0.0617624 0.922936 0.000170907 0.00211226 0.0119976 0.000519202 0.000501346
13 0.00623584 0.00282406 0.971541 0.00119589 0.000967669 0.0137087 0.00352637
13 0.0221676 0.0850056 0.871 0.00317473 0.00914465 0.00853557 0.000971618
11 0.00155449 0.00726592 0.00612925 0.00179329 0.00108006 0.98077 0.00140662
5 0.0116491 0.962401 0.000588521 0.000854922 0.0224169 0.000841766 0.00124815
13 0.338207 0.115766 0.516766 0.0056023 0.0122792 0.0090233 0.00235659
22 0.858146 0.0340696 0.00325521 0.019198 0.0746421 0.00202757 0.00866157
19 0.000867172 0.00176736 0.000919002 0.00711388 0.00783478 0.0227962 0.958702
22 0.653658 0.312067 0.0001706 0.000353667 0.0330913 0.000215269 0.000443942
5 0.0192792 0.842879 0.00552864 0.0141499 0.110856 0.00334068 0.00396665
22 0.922456 0.0695235 0.000338773 0.000310556 0.00652206 0.000277076 0.000572465
11 0.00165657 0.00204052 0.0205974 0.00624982 0.00790342 0.919621 0.0419313
13 0.004881 0.00672904 0.945286 0.00433467 0.030789 0.00464078 0.00333909
19 0.00398352 0.00552749 0.00504766 0.0445173 0.0130466 0.0295698 0.898308
0 0.0166328 0.0561169 0.00162504 0.00388296 0.920667 0.000691335 0.000383715
0 0.00458714 0.00421763 0.0106419 0.0163622 0.954443 0.0026913 0.00705724
0 0.0105416 0.0145464 0.00176981 0.0101494 0.960939 0.000791756 0.00126171
4 0.00149765 0.00135017 0.000529256 0.988777 0.000762536 0.00355086 0.00353264
4 0.00198123 0.00462606 0.0016783 0.973986 0.00217605 0.00783469 0.00771764
13 0.00566172 0.00757367 0.92689 0.00894345 0.0371808 0.0130286 0.000721317
19 0.00400633 0.00410464 0.00701323 0.0377932 0.0110886 0.150705 0.785289
22 0.924511 0.0705137 0.00170786 0.000653633 0.00117835 0.00104681 0.000388361
0 0.00518491 0.0232047 0.0213091 0.0292231 0.844331 0.024632 0.0521153
13 0.00387624 0.00635549 0.973387 0.00209981 0.00688701 0.00591632 0.00147822
22 0.9133 0.0543344 0.00190774 0.00867013 0.0201456 0.00115607 0.000485781
11 0.00399221 0.000609778 0.0114342 0.00459373 0.00476837 0.834962 0.13964
5 0.0424892 0.919044 0.00580582 0.0198416 0.00376516 0.00709621 0.00195845
5 0.0437699 0.936401 0.0123202 0.00145437 0.00333867 0.00174785 0.000968304
22 0.943633 0.00607889 0.00566838 0.00643932 0.0301734 0.00374723 0.00425953
22 0.881612 0.100574 0.00153941 0.00211495 0.0101599 0.00250986 0.00148972
13 0.00327833 0.0144897 0.972694 0.00113575 0.0042064 0.00372153 0.000474689
0 0.0194513 0.0824426 0.000326866 0.00170065 0.893481 0.00230665 0.000290499
13 0.00304168 0.00129873 0.93403 0.0015765 0.00494261 0.044629 0.0104813
22 0.740429 0.0860948 0.00485731 0.0283121 0.133469 0.00342527 0.00341336
13 0.00420666 0.00643877 0.964868 0.00563895 0.00230163 0.0114557 0.00509022
11 0.000150099 0.000121519 0.00187347 3.39593e-05 0.000417584 0.99718 0.000223065
13 0.00398894 0.00815802 0.876782 0.00777385 0.0091943 0.085936 0.0081667
13 0.0146329 0.026214 0.910138 0.00977274 0.0135688 0.0240102 0.00166328
4 0.00514581 0.012017 0.00177469 0.909082 0.060227 0.00183927 0.00991431
13 0.00402259 0.00201548 0.953718 0.00217837 0.00834107 0.0229552 0.00676975
13 0.00537674 0.00879958 0.957617 0.00744583 0.00232478 0.0179278 0.000508583
22 0.916153 0.0700146 0.00125802 0.00222083 0.00926051 0.000368537 0.000724338
22 0.919244 0.0657659 0.00015038 0.00596205 0.00695782 0.00131691 0.000602938
5 0.0290448 0.766655 0.0970643 0.0181902 0.06064 0.0238891 0.00451637
22 0.910968 0.0459419 0.00982744 0.00146589 0.0263193 0.00358204 0.00189508
22 0.98339 0.0132926 4.85722e-05 0.000315657 0.00256189 0.000179626 0.000211248
22 0.856234 0.134942 0.000565948 0.00189524 0.0041224 0.00127719 0.000962637
22 0.97485 0.0234994 4.73651e-05 0.000734491 0.000551466 0.000151793 0.000164957
22 0.933302 0.0498229 0.000326375 0.000512907 0.0147358 0.000553021 0.000746794
4 0.010313 0.0177678 0.000340243 0.959891 0.00396745 0.0053695 0.00235133
13 0.000190573 0.000299 0.991465 0.000189667 0.000836848 0.00568559 0.00133286
13 0.00267092 0.00447644 0.883805 0.00436549 0.0114069 0.0664541 0.0268209
22 0.903055 0.0694891 0.00384883 0.0101761 0.00849032 0.00347215 0.00146807
13 0.00268785 0.0315198 0.93783 0.00290922 0.00118773 0.0231415 0.000724074
22 0.888647 0.0692965 0.000786096 0.0142536 0.0204783 0.0017621 0.004776
22 0.91257 0.070081 0.00334653 0.000887998 0.0104551 0.0018767 0.000783054
0 0.00231496 0.00567005 0.00154555 0.000965221 0.988561 0.000174302 0.000768788
5 0.0439396 0.724088 0.0451087 0.0175378 0.158394 0.00578799 0.00514373
5 0.0678498 0.867305 0.00614396 0.0172276 0.0270016 0.0122501 0.00222151
22 0.623717 0.356547 0.00042186 0.00529422 0.0121849 0.000977701 0.000858091
5 0.139023 0.81916 0.00085563 0.00979869 0.0281974 0.00152171 0.00144331
5 0.0439536 0.935902 0.000754615 0.00040207 0.0184655 0.000287628 0.000234829
11 0.00101984 0.00534695 0.0122366 0.00728086 0.00347408 0.966264 0.00437749
11 0.00234529 0.00123978 0.00953419 0.00562476 0.00756004 0.500886 0.47281
13 0.00241336 0.00919237 0.971047 0.00284343 0.00517701 0.00687586 0.00245111
11 0.000122431 0.000575959 0.0093106 0.000320554 0.000691954 0.982967 0.00601164
11 0.000433433 0.000427532 0.00609114 0.00598726 0.00106143 0.932712 0.0532875
11 0.00252012 0.00549507 0.0658563 0.0125052 0.00394794 0.879508 0.0301673
13 0.00699474 0.00916269 0.923052 0.0145449 0.0106916 0.0184127 0.0171417
4 0.00368017 0.00839182 0.0283597 0.942133 0.00743435 0.00846959 0.00153117
19 0.000745645 0.00133434 8.95646e-05 0.00105108 0.00169209 0.00105736 0.99403
19 0.00175252 0.00384474 0.00713365 0.0117295 0.00287024 0.12378 0.84889
13 0.000940409 0.00165282 0.988878 0.000746898 0.000806437 0.0064281 0.000547323
13 0.000446818 0.000269231 0.981809 0.000457844 0.006325 0.00436759 0.00632471
0 0.447778 0.0600741 0.0138348 0.00876581 0.464061 0.00308439 0.00240279
5 0.0578272 0.791278 0.00303601 0.0126436 0.133701 0.000722635 0.000791159
22 0.890878 0.0437076 0.00613336 0.0137534 0.0373594 0.00384913 0.00431947
22 0.895472 0.0825984 0.00146045 0.000743959 0.018795 0.000403228 0.000527342
5 0.0588261 0.905026 0.00220529 0.00248543 0.0220808 0.00641771 0.00295883
0 0.0127705 0.0597286 0.00297435 0.0179051 0.899926 0.00401034 0.00268481
22 0.890289 0.084343 0.00114972 0.00624499 0.015875 0.000870761 0.00122794
22 0.926386 0.0636233 0.000621439 0.00036835 0.00765201 0.000512563 0.000836144
5 0.0794424 0.809689 0.00525739 0.00420306 0.0984668 0.00173834 0.00120317
11 0.000497604 0.000327214 0.0182061 0.000841993 0.00458215 0.92258 0.052965
11 0.00610916 0.00609621 0.0225352 0.00907436 0.00646952 0.940463 0.00925277
22 0.893835 0.0670817 0.010247 0.00365278 0.0208726 0.0019032 0.00240786
11 0.00114696 0.00272995 0.005716 0.0167209 0.0030502 0.926293 0.0443435
5 0.00349743 0.976353 0.0084284 0.00165144 0.00426335 0.00413201 0.00167395
5 0.0304118 0.816023 0.00842639 0.051202 0.0776251 0.0122908 0.00402072
19 0.000367692 9.4326e-05 8.21953e-05 0.00271587 0.00026858 0.0220053 0.974466
22 0.930231 0.0422508 0.000558136 0.0066908 0.0187968 0.000767616 0.000704398
22 0.976177 0.00872276 0.000487005 0.00481317 0.00853014 0.00043579 0.000833684
11 0.00425421 0.00997141 0.00191137 0.0316857 0.00648751 0.94184 0.00384999
0 0.00674765 0.0639896 0.00432973 0.00102666 0.922846 0.00078171 0.000278549
4 0.0106644 0.0123096 0.0137177 0.947223 0.00349771 0.00924511 0.00334287
22 0.985825 0.0136448 4.4957e-05 6.57256e-05 0.000339778 1.84153e-05 6.17387e-05
13 0.00310966 0.012661 0.956156 0.00671536 0.00836984 0.011294 0.00169439
22 0.878836 0.0585807 0.00865833 0.0154264 0.0330875 0.00243798 0.00297335
0 0.0287006 0.044547 0.019928 0.0101197 0.883681 0.00694412 0.00607983
11 0.00306402 0.00179161 0.0339232 0.00236738 0.00383529 0.921033 0.033985
11 0.0062216 0.0106926 0.0929486 0.0100316 0.0045955 0.87427 0.00124041
11 0.00727495 0.00848366 0.0111503 0.0110001 0.00184777 0.959053 0.0011898
11 0.000405017 0.000401575 0.00550628 0.00214347 0.000449945 0.934478 0.0566154
13 0.0386285 0.0307514 0.895691 0.0114363 0.0174208 0.00533374 0.00073807
19 0.00367838 0.00341261 0.00924552 0.0108006 0.0113029 0.119172 0.842388
13 0.0104996 0.0149416 0.951808 0.00676691 0.00765041 0.00684306 0.00149082
19 0.00132222 0.00213513 0.00433024 0.00954502 0.0163554 0.0228822 0.94343
11 0.00436532 0.00784637 0.0486974 0.00941845 0.00615569 0.867166 0.0563506
11 0.00331896 0.00190834 0.200674 0.0103929 0.00684267 0.683493 0.0933705
5 0.045861 0.880479 0.00825208 0.0174412 0.0361352 0.00863876 0.00319317
0 0.00068916 0.00261318 0.000697215 0.0240687 0.955015 0.00362586 0.0132907
22 0.879605 0.0673987 0.00427485 0.0159934 0.0273219 0.00369552 0.00171091
22 0.594732 0.304996 0.0620717 0.00983425 0.0224638 0.00339555 0.00250673
19 0.00270061 0.00188908 0.0272376 0.00894317 0.0131619 0.0629364 0.883131
