labels 22 5 13 4 0 11 19
22 0.945669 0.0466988 0.00577157 0.000187721 0.000805037 0.000632254 0.000235479
22 0.970575 0.0268345 0.000233006 0.000335667 0.000889712 0.000554362 0.000578045
5 0.06276 0.912199 0.0015157 0.006394 0.016132 0.000565368 0.000433744
13 0.00748106 0.00961132 0.954718 0.00654141 0.0112648 0.00951999 0.000863833
4 0.00393874 0.00962756 0.0119017 0.959694 0.00419206 0.00748262 0.00316296
13 0.00142351 0.00164473 0.984243 0.00084783 0.00460626 0.00566327 0.00157092
0 0.00807615 0.0344065 0.00492301 0.0082353 0.938362 0.00334819 0.0026484
11 0.00915099 0.0100154 0.0234774 0.0206223 0.0113736 0.917403 0.00795722
4 0.00446295 0.00737654 0.00550828 0.96901 0.0104264 0.0018996 0.001316
0 0.00461826 0.00694188 0.00909927 0.00565324 0.961105 0.00878884 0.00379337
13 0.000326209 0.00257464 0.961958 0.000789522 0.00146918 0.0305816 0.00230128
0 0.0064339 0.0212239 0.00816778 0.00201669 0.956505 0.00534214 0.000310219
5 0.00786496 0.991632 8.55361e-05 2.82395e-05 9.81004e-05 6.3791e-05 0.000227233
4 0.00173172 0.000885127 0.00660512 0.95951 0.0114549 0.00538273 0.0144308
11 0.000183421 0.000480142 0.00218749 0.00103214 0.000201416 0.984433 0.0114819
19 0.00318106 0.00446332 0.00982304 0.000948114 0.00563684 0.0946298 0.881318
0 0.00049394 0.000551099 0.00952796 0.000715551 0.967508 0.0101039 0.0111
4 0.00106709 0.00260818 0.000397867 0.982583 0.000174632 0.00588766 0.00728202
4 0.00596612 0.0091617 0.00678256 0.955245 0.00899767 0.0061609 0.00768571
4 0.003779 0.00673068 0.0085463 0.955278 0.0110815 0.0118542 0.00272987
11 0.00593493 0.00838079 0.0336973 0.0190317 0.00738918 0.88879 0.0367761
0 0.000300474 0.000289683 0.0026486 0.00742843 0.966489 0.00711168 0.0157326
11 0.000982108 0.00131378 0.0226385 0.00381348 0.0071308 0.882617 0.0815044
13 0.00551112 0.000769727 0.951805 0.00430861 0.00580289 0.0305826 0.00122022
4 0.00922373 0.0111637 0.00229579 0.969479 0.00168322 0.0045522 0.00160201
0 0.0125489 0.0320448 0.000110327 0.00355957 0.950836 0.000368549 0.000532323
4 0.000784558 0.00821636 0.000805027 0.981598 0.00153141 0.00534323 0.00172107
0 0.00288031 0.0175683 0.00931224 0.006219 0.949796 0.00755031 0.00667417
0 0.0125238 0.0325405 0.00384848 0.00514577 0.943687 0.00122912 0.00102493
22 0.94874 0.0458345 0.000234424 5.70122e-05 0.00473681 0.000104601 0.000293002
22 0.986369 0.0095253 0.000315918 0.000610937 0.0023574 0.00026428 0.000557065
0 0.000548712 0.00200681 0.00161052 0.00165483 0.98583 0.00663322 0.00171589
22 0.938335 0.0465194 0.00501316 0.00115581 0.00738446 0.000988274 0.000603875
13 0.000450878 0.000424667 0.989712 0.000339703 0.00155907 0.00684023 0.000673412
5 0.0226509 0.925795 0.00550773 0.00342349 0.0382786 0.00183285 0.00251172
22 0.966332 0.0256617 0.0014231 0.000486556 0.00338679 0.00131445 0.00139546
11 0.000496056 0.000884849 0.00932207 0.00130441 0.000673075 0.923823 0.0634961
13 0.000481451 0.000419238 0.990826 0.000413906 0.00146786 0.00425943 0.00213227
22 0.95184 0.0469072 0.000361866 3.59345e-05 0.000555997 0.000164422 0.000134875
11 0.00364526 0.00344971 0.0223057 0.00661228 0.00401142 0.884996 0.0749794
11 0.00272622 0.00307264 0.0130223 0.0124967 0.00717854 0.90605 0.055454
5 0.0516668 0.87897 0.0105665 0.0243906 0.0205599 0.00881514 0.00503122
19 0.00342127 0.00383345 0.00140542 0.0209942 0.0111544 0.0324969 0.926694
0 0.013011 0.0323824 0.00212179 0.0103249 0.941322 0.000449156 0.000388471
11 0.00084246 0.00477101 0.0304922 0.0125922 0.00294972 0.911439 0.0369133
22 0.950484 0.0468689 0.000291872 0.000418195 0.00091348 0.000366474 0.000657405
22 0.949558 0.0468102 0.000248916 7.35112e-05 0.00209496 0.000512735 0.000701193
0 0.0136911 0.0281281 0.00181684 0.00679717 0.945663 0.00140266 0.0025009
19 0.00380691 0.00433209 0.000566777 0.0179568 0.00463334 0.0413751 0.927329
4 0.0108905 0.000784379 0.00110094 0.967862 0.00958895 0.00138484 0.00838806
19 0.00507197 0.00260866 0.0140657 0.023031 0.0170299 0.0514287 0.886764
4 0.00176037 0.00399287 0.00518859 0.955247 0.00787986 0.0164014 0.00952965
13 0.00585813 0.00574201 0.930167 0.0150947 0.0128674 0.0215678 0.00870286
22 0.961497 0.0106967 0.00519062 0.00187185 0.0159291 0.0010812 0.00373377
22 0.950829 0.00550697 0.00862232 0.00955695 0.0163078 0.00414669 0.00502995
5 0.0634706 0.91479 0.000573397 0.000211647 0.019594 0.000447513 0.000912558
22 0.932204 0.0370905 0.00749243 0.00171203 0.0182197 0.00264621 0.000635644
19 0.000640249 0.000537229 4.97378e-05 0.00135069 0.000163587 0.00338192 0.993877
19 0.000184737 0.000302406 0.000535886 0.00796971 0.000926493 0.0540972 0.935984
0 0.000122699 7.7648e-05 8.6535e-05 0.0146628 0.982976 0.000283728 0.0017911
22 0.946942 0.0467712 0.000330406 5.93753e-05 0.00540929 0.000199248 0.000288723
22 0.926844 0.0358813 0.00478983 0.0195672 0.00492088 0.00373035 0.00426619
19 0.00399476 0.00349249 0.000430832 0.0156355 0.00332279 0.00924576 0.963878
4 0.00671405 0.0114265 0.000474287 0.973758 0.00237631 0.00282899 0.00242229
11 0.000717696 0.00138486 0.0254767 0.00232804 0.00280305 0.965449 0.00184097
13 0.000982184 0.00117141 0.93848 0.0120459 0.00408097 0.0314278 0.0118115
19 0.000724925 0.00101113 0.00292225 0.00308349 0.0130659 0.0866722 0.89252
5 0.0632355 0.894529 0.0115648 0.00610793 0.0165146 0.00383762 0.00421101
13 0.00385175 0.00504336 0.937182 0.0176507 0.00475812 0.0279157 0.00359823
11 0.000885524 0.00170515 0.0080803 0.0139057 0.000553122 0.938297 0.0365731
11 0.00165488 0.00149461 0.0141715 0.0190969 0.00687337 0.943739 0.0129697
19 0.0052397 0.00556565 0.0106186 0.00707019 0.0109373 0.0930569 0.867512
19 0.0004122 0.00096928 0.000222434 0.000168622 0.000657994 0.00817755 0.989392
19 0.000570233 0.00174339 0.000174494 0.000268292 0.000261023 0.00646475 0.990518
11 0.00317614 0.000752359 0.0344099 0.00835532 0.00671301 0.864811 0.081782
13 0.00776279 0.00567088 0.928163 0.0165776 0.00391589 0.0319544 0.00595543
5 0.0625116 0.900589 0.014498 0.00301806 0.00992576 0.00493433 0.00452353
4 0.00465374 0.002281 0.00751802 0.952162 0.0119872 0.00640396 0.0149938
13 0.0127011 0.0109018 0.925656 0.0160899 0.00245431 0.0306435 0.00155313
5 0.0594416 0.891215 0.0291464 0.000905784 0.0127839 0.00482553 0.00168184
19 0.00411042 0.00216119 0.00195944 0.00748621 0.0106617 0.00217332 0.971448
13 0.00579036 0.00317605 0.976313 0.00176448 0.00870485 0.00277929 0.00147198
13 0.000800664 0.000434977 0.972246 0.0001753 0.00131232 0.0169709 0.00805991
4 0.00424704 0.00244602 0.00953375 0.956036 0.00167436 0.0164163 0.00964603
13 0.00423787 0.0018199 0.947902 0.00167631 0.00749378 0.0289121 0.00795812
22 0.92228 0.0325425 0.00845243 0.00620712 0.0211951 0.00688896 0.0024342
22 0.951759 0.0468453 0.000138901 4.889e-05 0.000386013 0.000562004 0.00026003
13 0.0065483 0.00430308 0.935545 0.0111732 0.0102426 0.0310657 0.0011225
11 0.00326872 0.00785211 0.0301836 0.00498476 0.0134665 0.903437 0.036807
22 0.981333 0.014689 0.000959084 0.00115786 0.00119321 0.000277426 0.000390879
11 0.00043335 0.00139059 0.025561 0.00177565 0.00404814 0.954047 0.0127444
22 0.944784 0.0466453 0.000278669 0.000136356 0.00691865 0.000734643 0.000501903
0 0.0091522 0.0192413 0.000199395 0.000577833 0.970213 0.000321109 0.000295309
19 0.00189611 0.00158167 0.000344057 0.0130294 0.00237615 0.00144511 0.979328
13 0.0106029 0.00387065 0.970727 0.00510421 0.00315113 0.00492656 0.00161707
19 0.00263507 0.0052918 0.00575228 0.00643738 0.0108001 0.0940414 0.875042
22 0.993355 0.00467518 0.000410126 0.000498046 0.000291115 0.000378703 0.000392056
0 0.000208868 0.000190708 0.00765936 0.00114883 0.964419 0.00991902 0.0164541
13 0.000128499 0.000259121 0.947591 0.00258879 0.00293368 0.0312722 0.0152271
19 0.00214999 0.00271171 0.0120425 0.00124447 0.0054212 0.0944553 0.881975
22 0.952149 0.0468741 2.68004e-05 8.10068e-06 0.000785525 3.21384e-05 0.000124227
0 0.00916341 0.0198706 0.000703873 0.00114491 0.968531 0.000396843 0.000189531
5 0.0626285 0.917795 0.00450938 0.000412424 0.0113238 0.00187498 0.00145582
0 0.00953616 0.0172813 0.0112924 0.00962207 0.939571 0.0074775 0.00521936
19 0.000435169 0.000271064 2.48045e-05 0.00485436 0.00155266 0.00615091 0.986711
5 0.0625295 0.929093 0.00558475 0.000173635 0.00126431 0.000457204 0.000897615
13 0.00124312 0.000668218 0.969214 0.000879358 0.00553478 0.0206257 0.00183493
4 0.00102245 0.00317495 0.00458261 0.956478 0.00359887 0.0107777 0.0203652
11 0.00198623 0.00355315 0.0149388 0.0114386 0.00852513 0.915376 0.0441822
13 0.0035012 0.0025633 0.941044 0.00524003 0.0122925 0.0277328 0.00762636
13 0.000298195 0.000277986 0.93882 0.00496293 0.00516284 0.0300544 0.0204239
22 0.932864 0.0471673 0.00169624 0.00115425 0.0127624 0.00339687 0.000958932
22 0.994066 0.00523425 0.000223319 5.30067e-06 0.000214081 0.000101209 0.000155523
22 0.934889 0.046654 0.000428232 0.00527374 0.00781892 0.00260936 0.00232679
22 0.93007 0.0185994 0.008438 0.0161904 0.0174606 0.00462503 0.00461673
5 0.0626831 0.935146 8.39108e-05 0.000539398 0.000934462 0.000124873 0.000488618
22 0.927543 0.0323196 0.00690025 0.00761097 0.0202721 0.00360023 0.00175423
22 0.916364 0.0410716 0.00364743 0.0132724 0.0194892 0.00238015 0.00377544
5 0.061732 0.906744 0.0105057 0.00656626 0.00496828 0.00726574 0.00221836
0 0.00267819 0.0245362 0.0124772 0.000550951 0.949276 0.00920478 0.00127632
11 0.00301435 0.0117928 0.0257993 0.00349997 0.0106637 0.942362 0.00286744
22 0.971347 0.0203571 0.00126737 0.00369683 0.000824614 0.00160977 0.000896975
0 0.0014461 0.000949051 0.00158675 0.0119421 0.973742 0.00105875 0.00927516
0 0.00919264 0.0358542 0.00170731 0.000588238 0.952458 0.00013899 6.02356e-05
13 0.00549535 0.00983889 0.924945 0.0114359 0.00880664 0.0319881 0.00748975
5 0.0315368 0.905843 0.00811936 0.00661428 0.0380435 0.00395469 0.00588881
19 0.000342113 0.000288264 0.000139026 0.00866603 0.00302942 0.054953 0.932582
11 0.000664608 0.00193165 0.0254266 0.00246352 0.00467661 0.961479 0.00335756
22 0.990996 0.00437626 0.000208255 6.93855e-05 0.00414892 0.000116432 8.43863e-05
19 0.00213779 0.0027754 0.00657726 0.0196656 0.00931702 0.0277532 0.931774
11 0.00404076 0.0084533 0.0104626 0.0203691 0.00425272 0.935161 0.0172606
0 0.000164809 0.00251312 0.000102449 0.00185618 0.994841 0.000114403 0.000407545
5 0.0630543 0.903973 0.0102307 0.0010399 0.0148926 0.00303447 0.00377493
4 0.00490528 0.0010638 0.00629809 0.970087 0.00984312 0.00482923 0.00297332
0 0.00690595 0.0233319 0.00816413 0.00566368 0.951273 0.00389099 0.000770086
0 0.00600378 0.0343887 0.000110396 0.000176117 0.959188 7.00596e-05 6.31551e-05
5 0.0636515 0.883422 0.00854565 0.00763758 0.0269571 0.00436937 0.00541712
22 0.979858 0.00925868 4.93298e-05 0.000215099 0.0101605 0.000240978 0.00021769
0 0.00605702 0.0218579 0.00937468 0.000611318 0.954208 0.00746974 0.000421452
22 0.945773 0.0452732 0.00014146 0.000425268 0.00647268 0.000995392 0.000919202
22 0.973218 0.00125812 0.00228349 0.00138581 0.0151906 0.00272778 0.00393578
22 0.945403 0.0466621 0.00112131 0.00131708 0.00474017 0.000349847 0.000406629
19 0.00461206 0.00313847 0.0270639 0.0109828 0.0259984 0.0437605 0.884444
22 0.929489 0.0464479 0.00186872 0.000825806 0.0140943 0.00389573 0.00337808
13 0.00401696 0.00699963 0.957032 0.00587251 0.00255642 0.0216664 0.00185656
4 0.00653861 0.00389007 0.00335023 0.966394 0.00389014 0.00356124 0.0123761
19 0.000660287 0.00168796 0.00588308 0.0175448 0.00411593 0.088535 0.881573
4 0.00857921 0.00798874 0.000806221 0.963156 0.00452141 0.00997243 0.0049756
19 0.00311719 0.00491124 0.00124861 0.0131061 0.000771255 0.0102355 0.96661
22 0.925911 0.0452086 0.00868955 0.000759562 0.0167224 0.00183396 0.000875333
5 0.0389347 0.885532 0.00724627 0.0192329 0.0377158 0.00606877 0.00526979
22 0.945303 0.0467552 0.000418911 0.000852862 0.00513571 0.000823051 0.000710892
4 0.00530258 0.00577523 0.00636827 0.967963 0.0100263 0.00301059 0.00155399
4 0.00760116 0.00223188 0.00797976 0.952834 0.00203436 0.0160564 0.0112629
22 0.916636 0.0468737 0.0183209 0.00521834 0.00589495 0.00382399 0.0032324
5 0.06357 0.888613 0.0186634 0.00455116 0.0168467 0.00448521 0.00327105
19 0.000923677 0.00098787 0.00685857 0.00463797 0.00231503 0.0944811 0.889796
22 0.951718 0.0468442 0.0001237 8.45362e-05 0.000541789 0.000364248 0.000323248
5 0.0377919 0.87971 0.0269187 0.0055041 0.0397694 0.00458684 0.00571873
5 0.0622939 0.909833 0.000723832 0.00630083 0.0177157 0.00110513 0.00202802
22 0.935605 0.0468349 0.00150942 0.00277775 0.0104085 0.00233156 0.000532647
5 0.00196872 0.977619 0.000470593 0.00443082 0.00743713 0.00295477 0.00511945
11 0.000694368 0.00119812 0.0177506 0.0105178 0.00276435 0.874525 0.0925494
11 0.00149924 0.00133529 0.00911924 0.0191816 0.00399698 0.92588 0.0389875
11 0.000670944 0.00192909 0.0262909 0.00199045 0.00170917 0.957388 0.0100212
22 0.993386 0.000602778 0.000906028 0.00278058 0.000877113 0.000564745 0.000882984
11 0.00030672 0.000209319 0.0163131 0.00266127 0.00466603 0.882426 0.0934175
4 0.00954759 0.0051274 0.00564825 0.966635 0.00822611 0.00347495 0.00134106
13 0.00874522 0.0141606 0.930852 0.020255 0.00882334 0.0143038 0.00286029
11 0.000278653 0.000470887 0.00583584 0.00061638 0.000558762 0.969218 0.0230216
5 0.0378682 0.89305 0.0110582 0.00798226 0.0409832 0.00620056 0.00285699
5 0.0553198 0.869557 0.0125473 0.013692 0.0354427 0.00803082 0.00541008
0 0.00560747 0.0314182 0.00312272 0.00106049 0.957522 0.000882804 0.000386701
11 0.0029086 0.0021398 0.0235978 0.00257245 0.00592054 0.871215 0.0916454
4 0.00319927 0.00398194 0.00642681 0.959741 0.00479665 0.0156592 0.00619556
22 0.991974 0.00603664 0.000278461 5.12595e-05 0.000665205 0.000787498 0.000206464
22 0.991499 0.00383627 0.00164613 0.000164836 0.00141719 0.000572939 0.000863945
0 0.00420752 0.0129391 0.0106016 0.0104573 0.944533 0.010326 0.00693561
5 0.062572 0.898044 0.0141151 0.00403209 0.0155989 0.00357328 0.00206417
11 0.00333344 0.0029782 0.0253329 0.000809997 0.00531643 0.959295 0.00293402
22 0.946679 0.0240327 0.00617339 0.00117445 0.0166634 0.00411163 0.00116534
22 0.939938 0.0203678 0.0178004 0.00677108 0.00937285 0.0038582 0.00189204
19 0.00251136 0.00543853 0.0015545 0.0193341 0.00414031 0.0266377 0.940383
11 0.00179295 0.00258428 0.0363885 0.00479833 0.00118518 0.879132 0.0741189
5 0.0150189 0.982571 0.000240243 0.0001213 0.000272455 0.000278712 0.00149758
22 0.932757 0.0468157 0.000786125 0.0049057 0.0114001 0.0020669 0.00126805
4 0.0123252 0.0107318 0.0036967 0.96663 0.00331173 0.00310204 0.000202192
19 0.00325341 0.00411995 0.0122162 0.0212885 0.0120007 0.0842306 0.862891
11 0.0023147 0.00640981 0.0304925 0.00728172 0.0139529 0.892613 0.0469351
0 0.00929607 0.018293 0.000280075 0.00599435 0.965568 0.000252753 0.000316106
11 0.000309268 0.000511809 0.0255283 0.00243285 0.000602825 0.965693 0.0049215
5 0.0623459 0.910757 0.00160121 0.00205463 0.0205831 0.0012905 0.00136742
13 0.000208066 0.000213717 0.956474 0.000152594 0.00132104 0.0308859 0.0107443
22 0.926925 0.0254384 0.0224025 0.000611634 0.0189104 0.00354984 0.00216198
0 0.00932387 0.0332544 0.00353334 0.00964557 0.942187 0.00157233 0.000483798
19 0.00382471 0.00544371 0.00582849 0.0250366 0.00972132 0.0549944 0.895151
19 0.00377726 0.00554954 0.0163085 0.0195367 0.0244303 0.0772578 0.85314
13 9.7368e-05 0.000380786 0.968808 0.00166563 0.00748002 0.0168875 0.00468102
19 0.0034368 0.00425144 0.00435973 0.0274633 0.00568431 0.0668227 0.887982
13 0.00147426 0.000353193 0.968832 0.00297061 0.00626257 0.0134205 0.00668663
19 0.00363191 0.00507547 0.00952275 0.026039 0.00418017 0.0554627 0.896088
11 0.00778517 0.0111587 0.0307326 0.0172041 0.00621067 0.901175 0.0257336
0 0.00316505 0.0208012 0.00214823 0.0172212 0.949841 0.00178636 0.00503646
22 0.934404 0.0462735 0.0026288 0.000704894 0.0139816 0.000806561 0.00120035
0 0.00869889 0.0124923 0.000267726 0.00854557 0.969302 0.000420512 0.000272928
4 0.000720561 0.000927611 0.000235247 0.97853 0.00302873 0.00101776 0.0155399
19 0.00373854 0.00599629 0.0316419 0.00564773 0.0210801 0.0623454 0.86955
22 0.949901 0.0468369 1.36403e-05 6.05074e-05 0.00278819 0.000121142 0.00027889
19 0.000231798 0.000188175 3.92425e-05 0.00259492 0.000439891 0.00413541 0.992371
22 0.972708 0.00917971 0.000703783 0.00261014 0.0133514 0.000454296 0.000993007
19 0.00311858 0.00324041 0.0160209 0.00546583 0.0019883 0.0938129 0.876353
11 0.0011772 0.0024878 0.0129244 0.0263881 0.00280893 0.882895 0.0713182
11 0.0054245 0.00578345 0.0256231 0.00381452 0.00640951 0.951602 0.0013431
13 0.00488775 0.00192352 0.94591 0.00760801 0.00687139 0.0313627 0.0014366
0 0.000767279 0.00299126 0.00211419 0.0153887 0.971065 0.00463336 0.00304004
19 0.000468891 0.000532291 0.00073808 0.0139219 0.00179926 0.0516031 0.930936
0 0.0126571 0.0288416 0.0043562 0.00164749 0.949529 0.00257664 0.000391995
0 0.00352343 0.0064388 0.00623086 0.0163005 0.955536 0.00372274 0.00824743
22 0.985226 0.01113 0.000209333 0.00015226 0.00199595 0.000891482 0.000395024
22 0.92608 0.0426199 0.00811442 0.0101192 0.00664008 0.00423858 0.00218792
11 0.0062517 0.00793462 0.0125378 0.0146975 0.0306158 0.898684 0.0292787
22 0.95098 0.0468032 9.62531e-05 0.000487393 0.0012874 0.000115303 0.00023099
22 0.930813 0.0468571 0.00509148 0.00535888 0.00411644 0.00449643 0.00326715
11 0.00214573 0.00136425 0.00944507 0.0023437 0.00651999 0.884843 0.0933385
22 0.908038 0.0456725 0.0195376 0.00660727 0.0100081 0.00706861 0.00306799
4 0.00369847 0.00297344 0.0101586 0.944965 0.0065949 0.00992226 0.0216877
13 0.00815181 0.00455425 0.947062 0.00628243 0.0080738 0.0149278 0.0109481
22 0.970296 0.00833732 0.000306052 0.0138398 0.00501312 0.00066938 0.001538
11 0.00312141 0.00448297 0.0146013 0.00163849 0.00793979 0.875033 0.093183
11 0.000228399 0.00031523 0.0167113 0.000521878 0.00736837 0.881444 0.0934111
0 0.00822976 0.0361933 0.00636165 0.00616502 0.934805 0.00643029 0.00181521
5 0.0632597 0.906404 0.000547887 0.00585702 0.0194471 0.00141584 0.00306819
22 0.994526 0.00226832 0.00154238 0.00109825 0.000180966 0.000163764 0.000219856
22 0.948598 0.0152841 0.00238799 0.00892929 0.0171786 0.00332907 0.00429316
13 0.00240656 0.00199255 0.933233 0.00814457 0.0109283 0.0302621 0.0130328
0 0.0096311 0.019106 0.00159127 0.00369884 0.960559 0.00448572 0.000927922
13 0.00963471 0.0147924 0.933 0.00770587 0.00230013 0.0301253 0.00244168
19 0.00348966 0.00542745 0.00763768 0.00753945 0.00855055 0.094007 0.873348
22 0.932232 0.0467127 0.00147575 0.00683653 0.00903305 0.00227198 0.0014384
5 0.0628136 0.910646 0.00267525 0.00525351 0.0137791 0.00236643 0.00246629
22 0.946073 0.0467897 0.00152931 0.000621851 0.00294015 0.00125401 0.000792506
0 0.00210604 0.0238739 0.00650783 0.00162844 0.958065 0.00723151 0.000587435
13 0.000191373 0.00011998 0.953277 0.000117072 0.00241861 0.0312762 0.0126002
13 0.014264 0.00316347 0.97635 0.00139038 0.00110302 0.0030293 0.000700017
5 0.0627738 0.936068 0.000309723 8.8383e-05 0.000444755 0.000131974 0.000183597
11 0.000732738 0.00219841 0.0349193 0.00309248 0.00742192 0.894379 0.0572558
0 0.0104154 0.0332904 0.0110839 0.00467164 0.932746 0.00513701 0.00265578
4 0.00624282 0.00583928 0.00471765 0.955061 0.00799946 0.0156915 0.00444809
4 0.00914453 0.0128019 0.00237191 0.956585 0.00493531 0.0110213 0.00313988
13 0.00327748 0.00947393 0.95052 0.0101787 0.011981 0.0110526 0.00351627
11 0.00339868 0.00912913 0.0184317 0.0168652 0.0220635 0.900436 0.0296761
11 0.00087602 0.00105255 0.0138454 0.015254 0.0158384 0.919776 0.0333572
0 0.00569687 0.0337477 0.00229767 0.0105914 0.941118 0.00364074 0.00290714
19 0.00358475 0.00281569 0.00213474 0.0124562 0.00239 0.0940514 0.882567
13 0.00172701 0.000404663 0.977623 0.00144619 0.00783981 0.00431496 0.00664444
22 0.971937 0.00382281 0.0133057 0.00101053 0.00152511 0.00509649 0.00330284
0 0.00438046 0.0364128 0.0059932 0.00391994 0.946265 0.00137123 0.00165742
22 0.942079 0.0465951 0.00106651 0.00133581 0.00745546 0.00105381 0.000414421
13 0.00111036 0.00253155 0.939186 0.00559734 0.0101639 0.0306174 0.0107932
0 0.00932419 0.00670453 0.00660921 0.000213981 0.974896 0.00121839 0.00103413
22 0.96728 0.0120958 0.000504956 0.00232654 0.0160373 0.000741837 0.00101381
11 0.00118315 0.00694654 0.00418403 0.004597 0.00237161 0.975033 0.00568454
19 0.001332 0.000873587 0.00107277 0.00719754 0.000275136 0.0661794 0.92307
22 0.914599 0.0468218 0.00826779 0.00954691 0.0131741 0.00381584 0.00377492
19 0.000514463 9.80401e-05 3.38277e-06 0.000222731 5.77587e-05 0.00028519 0.998818
19 0.00339597 0.0033243 0.000246498 0.0111258 0.00385884 0.0153105 0.962738
22 0.960662 0.0196058 5.25815e-05 0.00204665 0.0167784 0.000343744 0.000511127
22 0.972524 0.0270821 5.2753e-05 1.49333e-05 0.000202073 3.47829e-05 8.95873e-05
5 0.0626236 0.933952 0.000119256 0.000341911 0.00258199 4.51914e-05 0.000336458
4 0.0077686 0.00679621 0.0108987 0.957056 0.00447662 0.0111475 0.00185683
11 0.000746592 0.00157247 0.0294315 0.00103883 0.00261046 0.904444 0.060156
5 0.0620989 0.923138 0.00301205 0.000374733 0.00914416 0.00122924 0.00100315
4 0.012347 0.00656474 0.000124283 0.976502 0.00340529 0.000149817 0.000906657
11 0.00267652 0.00351494 0.0116349 0.0182003 0.00552638 0.866979 0.091468
22 0.960655 0.0188673 0.00628672 0.00866037 0.00147384 0.00318848 0.000868727
4 0.00120435 0.0012879 0.00708345 0.948822 0.00632461 0.0153755 0.0199023
0 0.000504407 0.000586181 0.00519251 0.00775276 0.963209 0.00669267 0.0160622
5 0.0625501 0.897914 0.0126041 0.00500741 0.0178621 0.0022442 0.00181833
4 0.00309104 0.00388452 0.00862458 0.953019 0.0121765 0.00567355 0.0135306
13 0.0102914 0.0190677 0.923917 0.00910519 0.00871989 0.020343 0.00855619
13 0.00805608 0.0156898 0.947189 0.00763737 0.00417912 0.0134744 0.00377406
11 0.000195898 0.000439987 0.0245245 0.00109339 0.00663013 0.875598 0.091518
22 0.961398 0.0291712 0.000421865 0.000502677 0.00797386 0.00022028 0.000312544
11 0.00729663 0.00930239 0.0287269 0.0120767 0.0215076 0.908297 0.0127927
4 0.00970655 0.00126029 0.00282302 0.962508 0.0107887 0.00272311 0.0101903
22 0.94853 0.0455318 4.15335e-05 0.00015298 0.00478371 0.000435661 0.000524695
19 0.00442466 0.00185117 0.000829285 0.0155469 0.00183236 0.009374 0.966142
19 0.00307102 0.00628841 0.00964319 0.00229551 0.0079691 0.0275193 0.943214
4 0.00108203 0.00153057 0.00154917 0.959232 0.00604081 0.0143634 0.0162026
22 0.982105 0.0149046 0.000560093 7.06473e-05 0.00115822 0.00108003 0.000121731
13 0.00124629 0.0010902 0.961293 0.000251181 0.00353324 0.0302753 0.0023106
22 0.951413 0.0468858 5.96519e-05 0.000209679 0.00107161 0.000129271 0.000230536
0 7.51349e-05 0.00163119 0.000170898 6.02857e-05 0.997841 0.000163093 5.86043e-05
5 0.0073702 0.928211 0.0185192 0.00761049 0.0347912 0.00224073 0.00125676
4 0.00746809 0.00144971 0.0110935 0.951571 0.00766401 0.00904193 0.0117118
22 0.925024 0.0470146 0.0121841 0.00207006 0.00851524 0.0024588 0.00273361
5 0.0626442 0.933891 0.000351244 0.000169885 0.00116581 0.000806062 0.000972136
0 0.00335766 0.00432774 0.0049839 0.00969729 0.967093 0.00576505 0.00477526
22 0.93196 0.0467603 0.000617086 0.0043932 0.0118803 0.00274421 0.00164528
5 0.00524333 0.941542 0.0125836 0.00149697 0.0367898 0.00159479 0.000749221
11 0.000887535 0.00173525 0.0166084 0.00155621 0.000666102 0.897409 0.0811376
22 0.934397 0.0221807 0.02128 0.00273595 0.0105624 0.00587275 0.0029712
11 0.00395814 0.0101922 0.0110249 0.0195774 0.0103466 0.915067 0.0298333
4 0.0129686 0.0099686 0.00121351 0.966439 0.00431802 0.00438167 0.000710697
11 0.0028978 0.00250921 0.0241123 0.0139614 0.00524549 0.892876 0.0583979
5 0.0394395 0.897607 0.00845251 0.00423714 0.0412351 0.00387109 0.00515726
22 0.98339 0.00275523 0.000522031 0.00677637 0.00429268 0.00124394 0.00101946
22 0.941488 0.0468175 0.000293977 0.000292528 0.00860943 0.0013272 0.00117178
22 0.923436 0.0337898 0.0115061 0.00366982 0.0214264 0.00340089 0.00277143
22 0.944706 0.0468151 0.00248714 0.000883523 0.000684765 0.00265295 0.0017703
13 0.0162503 0.00208416 0.961959 0.00421047 0.00392384 0.00934019 0.00223231
13 0.000562961 0.000556178 0.955855 0.00725566 0.00918565 0.0205846 0.00600002
13 0.00896747 0.00488701 0.92293 0.0210265 0.00520249 0.0304757 0.00651033
22 0.992914 0.00475004 0.000428981 8.92326e-06 0.000855529 0.000674076 0.000368292
5 0.0623402 0.924217 0.000123766 0.0017748 0.0084955 0.000417725 0.0026313
4 0.0126264 0.00562145 0.00415814 0.971202 0.00180894 0.00394005 0.0006429
22 0.971691 0.0243696 2.05088e-05 0.000204314 0.00350265 5.86597e-05 0.000153653
0 0.000485107 0.000192414 0.000255012 0.0148048 0.982148 0.000794286 0.00132042
5 0.0270903 0.931981 0.00164082 0.00022365 0.0377544 0.000517749 0.000792378
5 0.0636371 0.908008 0.000524184 0.000277222 0.0255401 0.000934283 0.00107927
0 0.00307081 0.00171879 0.00705379 5.20578e-05 0.987792 0.000231639 8.08421e-05
22 0.950127 0.046806 0.000429307 0.000202975 0.000656876 0.00122422 0.000553684
11 0.00372605 0.00739561 0.0290409 0.0283082 0.0135377 0.879724 0.0382673
22 0.95741 0.0267633 0.00787252 0.000907756 0.00452222 0.00127787 0.00124595
5 0.0207807 0.939853 0.000991832 0.000161271 0.0371257 0.00037654 0.000711377
19 0.00360806 0.00318788 0.0210987 0.0114965 0.00605076 0.0906428 0.863915
22 0.993554 0.00382016 0.00106614 0.000224931 0.000138046 0.000487219 0.000709758
13 0.00212346 0.000720572 0.95808 0.00244467 0.00324214 0.0300421 0.0033471
22 0.944989 0.0467522 6.19306e-05 0.000169353 0.0075319 0.000231117 0.000264586
0 0.00190638 0.00464319 0.00203622 0.00401087 0.986335 0.000639261 0.000429001
11 0.00392549 0.00330041 0.0357989 0.00659488 0.00507488 0.887355 0.0579507
19 0.00335689 0.00409405 0.00199184 0.00805769 0.0021251 0.0184769 0.961898
19 0.000589815 0.00125542 9.75025e-05 0.00925154 0.00234541 0.0116429 0.974817
4 0.00715242 0.00906843 0.00339004 0.970108 0.00824482 0.00152865 0.000507643
11 0.000773277 0.00123864 0.00865045 0.0028974 0.00663051 0.886466 0.0933437
13 0.00218179 0.000926111 0.995672 5.4972e-05 0.000206627 0.000788315 0.000170671
4 0.00421545 0.0117932 0.00117041 0.973398 0.00715786 0.00101703 0.0012484
22 0.989997 0.000875246 0.00218477 0.00253506 0.00148323 0.00222174 0.000702618
0 0.000730127 0.000437288 0.0071111 0.0148792 0.968854 0.00144304 0.00654559
11 0.000609873 0.000865119 0.00388844 0.00100272 0.000514698 0.946559 0.0465602
22 0.943663 0.0466964 0.000309997 0.000524369 0.00742002 0.000574777 0.000811909
4 0.0105232 0.00956681 0.00217977 0.955452 0.0086627 0.00852921 0.00508616
11 0.000770462 0.00113232 0.0257079 0.000771029 0.00825345 0.872787 0.0905777
11 0.00313962 0.00720856 0.0160731 0.0181311 0.0129753 0.926925 0.0155477
11 0.000497508 0.000470875 0.0346088 0.00387552 0.0020366 0.878122 0.0803887
11 0.000950228 0.00502362 0.0257952 0.00195142 0.00609535 0.948271 0.0119136
11 0.00550683 0.0182226 0.0307821 0.00800612 0.0134875 0.896802 0.0271931
13 0.00140697 0.00124366 0.971287 0.00114812 0.00419287 0.0105195 0.0102018
11 0.000828286 0.00147016 0.00307597 0.0180643 0.000529191 0.954009 0.0220229
5 0.0625857 0.93366 0.000222607 0.00119438 0.000930673 0.000447367 0.000959684
13 0.00180788 0.00757972 0.983309 0.000360818 0.00153897 0.00440021 0.00100343
5 0.0621074 0.90859 0.00614963 0.00100195 0.017233 0.00296105 0.00195705
0 0.0010317 0.0060174 0.00157909 0.000228491 0.990609 0.000314805 0.00021971
22 0.916812 0.0447477 0.00863613 0.00508034 0.0181373 0.00429567 0.00229095
22 0.985715 0.00449947 9.63426e-05 0.00779438 0.000211753 0.00101677 0.000666079
5 0.0626195 0.933478 0.000146189 4.80145e-05 0.00355161 3.6984e-05 0.000120035
0 0.00755275 0.0359793 0.00202931 0.000145955 0.953341 0.000733918 0.000218063
22 0.934867 0.0468993 0.00134388 0.00891444 0.00104713 0.00502423 0.00190403
5 0.0505264 0.883613 0.0267181 0.00567934 0.0224129 0.00547391 0.00557658
13 0.00257815 0.00424692 0.932779 0.00821191 0.00408381 0.0311572 0.0169426
5 0.0624498 0.923957 0.000166834 0.00136448 0.0109081 0.000336321 0.000817029
22 0.974059 0.0236458 0.000232511 5.98031e-05 0.00124707 0.000152284 0.000603189
13 0.0108491 0.00300355 0.950148 0.00138497 0.00120145 0.0304049 0.00300776
5 0.0186772 0.967588 0.00167589 0.000396011 0.00901542 0.00115891 0.00148868
13 0.0125214 0.0173478 0.958158 0.00575974 0.00357115 0.00242453 0.000217214
22 0.927352 0.0239051 0.00247489 0.0158022 0.0185104 0.00356983 0.00838605
19 0.000705574 0.00150573 0.000471598 0.0154027 0.00413439 0.0728663 0.904914
22 0.948878 0.0468093 0.000138516 0.000525571 0.00162771 0.0011665 0.000854664
22 0.940711 0.0468084 2.23899e-05 9.26436e-05 0.0117275 0.000169075 0.000468609
5 0.0305228 0.902417 0.00875837 0.0100293 0.0385574 0.0044738 0.00524173
22 0.949816 0.0467666 0.000705683 0.000159389 0.00170661 0.000305431 0.000540038
11 0.00236236 0.00561865 0.0366751 0.00808023 0.0131776 0.866578 0.0675082
13 0.00601636 0.00583417 0.967851 0.00501341 0.00913894 0.00379457 0.00235151
0 0.000954359 0.0107753 0.00400039 0.0155439 0.940306 0.0184979 0.00992235
19 0.00335034 0.00392916 0.0106283 0.0213398 0.0251276 0.072394 0.863231
19 0.00326297 0.00486449 0.00600169 0.0173602 0.00833683 0.0709926 0.889181
0 0.0129912 0.0291425 0.00108113 0.000989066 0.955191 0.000279942 0.000325301
0 0.00446107 0.00439021 0.00898575 0.00886466 0.966804 0.00302915 0.00346488
0 0.00849929 0.00681495 0.00182355 0.00495059 0.975985 0.00106603 0.000860242
4 0.000543224 0.000658099 0.000661196 0.991855 0.000737813 0.00131257 0.00423215
4 0.00170584 0.00158236 0.00138627 0.977897 0.0017692 0.00780428 0.00785552
13 0.00945013 0.00591412 0.954885 0.00915594 0.0113978 0.00845275 0.000744355
19 0.00380802 0.00491495 0.00947695 0.0271089 0.00918531 0.0817768 0.863729
22 0.94941 0.0467613 0.00157859 0.000290738 0.000423191 0.00119766 0.000338329
0 0.00262175 0.0369971 0.000856791 0.00107475 0.950304 0.00676755 0.00137756
0 0.0035514 0.0168441 0.009222 0.0163116 0.929645 0.00668321 0.017743
13 0.00614047 0.00340536 0.96015 0.00253705 0.0109355 0.0144704 0.00236119
22 0.984384 0.00380244 0.00172457 0.0046308 0.00370263 0.00123774 0.000518216
11 0.00373684 0.00120933 0.0193817 0.0061006 0.00742277 0.869668 0.0924804
5 0.0494966 0.918557 0.0204006 0.00219817 0.00295563 0.00506301 0.00132883
22 0.958673 0.00583426 0.00678779 0.0052705 0.0158813 0.0036347 0.00391798
0 0.0106995 0.0341824 0.00013422 0.000165113 0.954337 0.000362376 0.000119243
13 0.00231856 0.000975052 0.947812 0.00146466 0.0026242 0.031286 0.0135194
22 0.916625 0.0461059 0.00566561 0.00923786 0.0155874 0.00345536 0.00332255
11 0.000511398 0.000806745 0.00690383 0.000462985 0.0029292 0.981608 0.00677793
13 0.00301913 0.00586692 0.932385 0.00827189 0.00638225 0.0316072 0.0124676
13 0.0170582 0.0109448 0.927464 0.00590895 0.0126283 0.0229975 0.00299818
13 0.00435264 0.00540915 0.932436 0.0101505 0.00405952 0.0316106 0.0119818
4 0.00616804 0.00474957 0.000687067 0.967547 0.00974467 0.000798454 0.0103052
13 0.00209491 0.00223302 0.949247 0.00262923 0.0108766 0.0285665 0.00435316
13 0.00980402 0.0127724 0.930078 0.0114493 0.00350034 0.0315403 0.00085537
22 0.966483 0.0217856 0.00209734 0.00108487 0.00759023 0.000333701 0.000624887
22 0.942382 0.0465659 0.000331408 0.00465595 0.00318839 0.00240293 0.000473574
5 0.0353471 0.87581 0.0346556 0.00963926 0.0286382 0.0100798 0.00583033
22 0.979801 0.00218917 0.00886707 0.00118686 0.00257203 0.00353101 0.00185283
22 0.976699 0.0199639 5.96161e-05 0.000257603 0.00265346 0.00016462 0.000202149
22 0.94756 0.0468055 0.000458393 0.000948585 0.00165394 0.0017156 0.000858389
22 0.998536 0.00100643 5.51473e-05 0.000117053 1.24093e-05 9.58032e-05 0.000176817
22 0.966 0.026991 0.000120885 0.000401763 0.00551994 0.000291833 0.000674858
4 0.0110243 0.00317693 0.000177016 0.980013 0.00286913 0.00171793 0.00102208
13 2.36925e-06 2.79776e-06 0.997031 0.000121798 0.000183855 0.00222572 0.000432222
13 0.00190156 0.00457276 0.931565 0.00508496 0.00852013 0.0252847 0.0230709
22 0.973497 0.0120169 0.0026911 0.00557594 0.00166015 0.0030453 0.00151399
22 0.935554 0.0468207 0.000634223 0.00691455 0.00350907 0.00243319 0.00413426
22 0.948172 0.0395313 0.00168368 0.000357577 0.00844861 0.00105011 0.000756289
0 8.3851e-05 0.00131447 0.000489083 0.00141063 0.996123 0.000159678 0.000419018
5 0.0576306 0.863175 0.0244472 0.00933343 0.0350965 0.00456315 0.00575451
5 0.0630323 0.900444 0.0049779 0.0113627 0.0132968 0.00462089 0.00226571
5 0.0625473 0.910342 0.000968103 0.00530597 0.0179269 0.00143431 0.00147521
5 0.062295 0.911221 0.00104503 0.00546557 0.017138 0.00150216 0.00133341
5 0.0626968 0.935341 0.000455502 7.88309e-05 0.00101654 0.000175706 0.000235666
13 0.000468262 0.000875993 0.941849 0.0149344 0.00495127 0.0309893 0.00593142
4 0.00053493 0.00137973 0.00109066 0.965416 0.00072089 0.0096395 0.0212182
19 0.00323618 0.00276586 0.0108778 0.00689285 0.00507386 0.0941086 0.877045
13 0.00238363 0.0067768 0.971845 0.0022842 0.00299595 0.0107194 0.0029952
11 0.000765156 0.00198221 0.0224913 0.00177931 0.00151673 0.935223 0.036242
11 0.000502446 0.000814609 0.0131513 0.00520954 0.00196441 0.910084 0.068274
0 0.00502811 0.0193345 0.00266905 0.0175661 0.946664 0.00557814 0.00315971
11 0.00272265 0.00937595 0.0343266 0.0207857 0.00527036 0.882102 0.0454167
13 0.00919788 0.010571 0.913564 0.0205939 0.0100844 0.0234057 0.0125828
4 0.00332396 0.00486153 0.0116299 0.967785 0.0057388 0.00561588 0.00104494
19 0.00170459 0.0048681 0.00907459 0.00728317 0.00234448 0.0941606 0.880564
22 0.948262 0.0465148 0.000319488 0.000611875 0.00283722 0.00050228 0.000952393
13 0.00223021 0.00405318 0.971925 0.0028218 0.00125902 0.0158664 0.00184486
13 0.000796309 0.000577553 0.964193 0.000936223 0.008388 0.0109046 0.0142048
0 0.00964124 0.0184378 0.00533276 0.00585153 0.959223 0.00102539 0.000488781
19 0.00100591 0.000957562 0.000399715 0.0195642 0.0051301 0.0454008 0.927542
5 0.0389156 0.905631 0.00386981 0.00833898 0.040707 0.00145295 0.00108511
22 0.931072 0.0268746 0.00944309 0.00712089 0.0184691 0.00375504 0.00326575
5 0.0629533 0.906616 0.0018452 0.00169915 0.0154825 0.00719962 0.00420464
0 0.00799824 0.0285031 0.00201723 0.0116491 0.943043 0.00278969 0.00399946
22 0.993284 0.0040067 0.000340067 0.000254796 0.000839869 0.000617314 0.000657438
5 0.0122326 0.942092 0.00235885 0.00438087 0.0369065 0.000880199 0.00114922
11 0.000825537 0.00120449 0.0268645 0.00251563 0.00849642 0.893163 0.0669302
11 0.00557057 0.00799256 0.0267814 0.0109509 0.0123954 0.926526 0.00978282
22 0.938771 0.0467897 0.00648366 0.00184822 0.00263958 0.00129972 0.00216793
11 0.00168213 0.00368963 0.00580157 0.0244785 0.010405 0.869552 0.0843915
5 0.0342418 0.89375 0.00769471 0.0118589 0.0400203 0.00755162 0.00488303
13 0.00027412 0.000572209 0.945098 0.00853158 0.00412615 0.0310974 0.0103004
19 0.000508358 0.00020676 0.00032563 0.0134475 0.000290332 0.0737086 0.911513
5 0.00213243 0.99474 0.000429084 0.000134324 0.00028811 0.000988097 0.00128821
11 0.00383433 0.0088465 0.00230766 0.0182916 0.0118278 0.948927 0.00596556
13 0.00243288 0.0107458 0.948268 0.00176093 0.000890393 0.0308357 0.00506601
0 0.0062789 0.0365644 0.00365534 0.00120754 0.951517 0.000475364 0.000301211
4 0.0119311 0.00615363 0.0115028 0.952075 0.00217816 0.0103656 0.00579372
22 0.952689 0.0468773 4.84657e-05 8.86423e-05 0.000179151 3.1865e-05 8.50906e-05
13 0.00537921 0.014607 0.925762 0.014548 0.0143537 0.0210536 0.00429666
22 0.924346 0.0311815 0.00795367 0.00910048 0.0205733 0.00391229 0.00293316
0 0.00913616 0.0177161 0.0109048 0.00449056 0.946053 0.00720027 0.00449953
11 0.00371369 0.00285341 0.0294718 0.0025118 0.00618963 0.908231 0.0470289
22 0.937805 0.0468138 0.00727959 0.0013985 0.00185322 0.00350216 0.00134735
11 0.00780384 0.0116807 0.0246447 0.0194376 0.00414632 0.931173 0.00111414
11 0.000387194 0.000905748 0.00794659 0.00158207 0.000748162 0.895078 0.0933523
4 0.00120399 0.00233441 0.00471263 0.959687 0.000959769 0.0162792 0.014823
13 0.0210018 0.0101274 0.950731 0.00799917 0.0080308 0.00172172 0.000388442
19 0.00304796 0.00337129 0.0105272 0.0157561 0.00718069 0.0921777 0.867939
13 0.00749342 0.0145446 0.950424 0.00880621 0.0078299 0.00924503 0.00165685
19 0.00203722 0.00355303 0.00554074 0.00934804 0.0230232 0.0780988 0.878399
11 0.00648653 0.00910404 0.0326574 0.0140735 0.0108636 0.850514 0.0763011
11 0.00301309 0.00198092 0.0366624 0.00907353 0.00778174 0.870822 0.0706665
5 0.0635948 0.883286 0.00811677 0.00946888 0.0253587 0.00572531 0.00444909
0 0.000378957 0.000309998 0.000585681 0.00885397 0.970546 0.00350888 0.0158166
22 0.971224 0.00596908 0.00131075 0.00799822 0.00753924 0.00383012 0.00212835
22 0.916046 0.0470039 0.0179895 0.00425185 0.00728235 0.00445617 0.00297051
5 0.0633824 0.895272 0.015328 0.00530395 0.017736 0.00126009 0.00171744
19 0.0024828 0.00243881 0.0316508 0.00861363 0.00864611 0.0664612 0.879707
