labels 22 5 13 4 0 11 19
13 0.000450227 0.000741688 0.987663 0.000668804 0.00409379 0.00564146 0.000740745
11 0.000487686 0.000562749 0.0414834 0.00137006 0.0127029 0.932118 0.0112756
0 0.0421544 0.0247674 0.0170749 0.00710352 0.903247 0.00380693 0.00184582
0 0.0381011 0.0981309 0.00467869 0.0358161 0.816789 0.00311727 0.00336687
11 0.00339632 0.0201185 0.00783395 0.308732 0.0743397 0.572921 0.0126579
22 0.88922 0.0214007 0.02161 0.00637151 0.0542519 0.00333425 0.00381161
13 0.00373932 0.0127828 0.881628 0.062533 0.0126335 0.0227381 0.00394577
11 0.0022932 0.00670872 0.147251 0.00502859 0.0336433 0.794182 0.010893
11 0.000662347 0.00031459 0.0757232 0.00238023 0.00443565 0.856807 0.0596768
0 0.00276628 0.00717479 0.00255941 0.00495663 0.981704 0.000560101 0.000278368
5 0.155463 0.558757 0.166296 0.0484972 0.0561261 0.0094386 0.00542195
0 0.0313346 0.190096 0.191248 0.018963 0.549239 0.0115495 0.00757002
0 0.0524095 0.346079 0.0575898 0.0311977 0.447302 0.0611851 0.00423725
22 0.96128 0.0132962 0.0144373 0.000793452 0.0079419 0.00113849 0.00111306
19 0.000635167 0.000458702 0.000130202 0.0160698 0.00204454 0.00399261 0.976669
11 0.0011559 0.00126382 0.0114733 0.03035 0.00292393 0.92017 0.0326629
13 0.00345074 0.00594124 0.952775 0.00455905 0.00182224 0.0305258 0.000925749
11 0.00461806 0.00303281 0.00595219 0.105921 0.00810056 0.517185 0.355191
22 0.655206 0.0536477 0.235885 0.00608379 0.0249208 0.0202951 0.0039621
13 0.00393867 0.00875039 0.969113 0.00385566 0.00528152 0.00490641 0.004154
13 0.00431838 0.0180367 0.941415 0.00454337 0.00642641 0.0226567 0.00260391
5 0.0471823 0.479094 0.104907 0.0347815 0.317989 0.0131013 0.00294526
22 0.436362 0.155655 0.313461 0.00977013 0.0791286 0.00383719 0.0017864
22 0.622105 0.133629 0.0447053 0.0115264 0.174551 0.00859991 0.00488342
22 0.921693 0.0558361 0.00736866 0.000187326 0.0136677 0.000785996 0.000461383
11 0.0112604 0.00950552 0.154385 0.0797855 0.0329464 0.548264 0.163853
22 0.984289 0.00667746 0.00559405 0.000440543 0.00156175 0.000745512 0.000691727
11 0.00100839 0.00106976 0.0983808 0.0127448 0.00409688 0.761952 0.120747
13 0.000202381 0.00153097 0.995758 0.000181076 0.00085207 0.00127472 0.000200944
0 0.00351091 0.00677837 0.0017469 0.00063044 0.986273 0.00095462 0.000105871
5 0.0242372 0.615318 0.0213618 0.0318269 0.292719 0.00980858 0.00472891
11 0.00483221 0.0036552 0.0249837 0.18587 0.0334742 0.629897 0.117287
22 0.936401 0.029711 0.00311168 0.0134327 0.015223 0.00141647 0.000704124
22 0.599812 0.0657772 0.0310797 0.079342 0.208046 0.0103392 0.00560433
13 0.00711677 0.0145876 0.721561 0.0157461 0.0200586 0.203373 0.0175569
22 0.943448 0.0257327 0.0126233 0.00249353 0.0143588 0.000591241 0.000752662
22 0.85307 0.0267579 0.0623195 0.00905936 0.0359879 0.00912721 0.00367818
0 0.114569 0.285424 0.140844 0.0536081 0.377237 0.0184975 0.00981966
13 0.00116506 0.00345271 0.979768 0.0029708 0.00618207 0.00561025 0.000851221
11 0.00171874 0.00434181 0.133712 0.018614 0.00340776 0.830199 0.0080069
13 0.0129876 0.0107452 0.776416 0.0621585 0.0265127 0.0880794 0.0231007
11 0.00282476 0.00454122 0.0493163 0.0513834 0.00558728 0.697138 0.189209
13 0.000907109 0.00345411 0.978061 0.00195851 0.00088708 0.0140395 0.000692366
0 0.00583106 0.00881692 0.00356272 0.0176244 0.954059 0.00647574 0.00362977
22 0.965223 0.0234624 0.00447777 0.000728425 0.00447507 0.000956298 0.000677478
22 0.859867 0.0844078 0.025772 0.00580143 0.0186331 0.00286343 0.00265582
5 0.0542612 0.457879 0.028478 0.0699957 0.325428 0.0574905 0.00646785
13 0.00488879 0.0517843 0.741299 0.032443 0.0807738 0.0848557 0.00395541
13 0.00307396 0.00295184 0.58301 0.0216029 0.0105943 0.295321 0.0834457
