labels 22 13 4 11 0 5 19
22 0.939624 0.00589928 0.00164625 0.00131172 0.00114083 0.0495804 0.000797658
22 0.956069 0.000858545 0.00110232 0.000893433 0.00235875 0.0379187 0.000798872
13 0.00388915 0.968337 0.00588579 0.00608558 0.00916814 0.00588245 0.000752087
4 0.0026281 0.00815628 0.964225 0.00621481 0.00544947 0.0104554 0.00287132
13 0.00116001 0.982603 0.000463107 0.00602542 0.00607315 0.00120427 0.00247105
11 0.00655684 0.0178235 0.0146004 0.93794 0.00746425 0.00928013 0.00633465
4 0.0039248 0.00462617 0.967227 0.00400354 0.0101196 0.00893152 0.00116776
0 0.00617962 0.000617896 0.00105382 0.000868656 0.966391 0.0240614 0.000827677
13 0.00553061 0.972835 0.00685549 0.00105002 0.00530959 0.00789685 0.00052255
0 0.00308277 0.00498207 0.00737741 0.00511649 0.966201 0.0106292 0.00261158
13 0.000435098 0.971242 0.0010854 0.0150733 0.0034669 0.0035324 0.00516472
0 0.00606555 0.00400168 0.00480384 0.00492341 0.958135 0.021729 0.000341676
5 0.00891122 0.000128828 0.000136288 0.000103862 0.000725748 0.98972 0.000273751
4 0.00203745 0.00305215 0.968302 0.00370778 0.0104096 0.00274162 0.00974962
11 0.000101754 0.000580787 0.00111139 0.993427 0.000117755 0.000189155 0.00447184
19 0.00287787 0.00416721 0.000967852 0.0380145 0.00389999 0.0026408 0.947432
0 0.00050618 0.00285125 0.00138444 0.00343989 0.982074 0.00102099 0.00872321
4 0.00150444 0.00075901 0.978801 0.00864452 0.000721092 0.00352135 0.00604814
4 0.00558652 0.00462956 0.961619 0.00344059 0.0104614 0.00985062 0.00441239
4 0.00284536 0.00453149 0.962079 0.00995549 0.00853054 0.00871414 0.00334427
11 0.0028587 0.0143133 0.0167182 0.953715 0.00229807 0.00248499 0.00761173
0 0.000229298 0.00155944 0.00674197 0.00298692 0.978255 0.00124747 0.0089794
11 0.00262558 0.0167085 0.00853552 0.955953 0.00404303 0.00651193 0.00562223
13 0.00203523 0.973133 0.00259852 0.0151783 0.00530789 0.000914892 0.000831832
4 0.00548298 0.0022779 0.963667 0.0101296 0.00287881 0.0138814 0.00168243
0 0.00505189 6.2531e-05 0.0055813 0.000291164 0.963098 0.025507 0.000408457
4 0.000849156 0.000800304 0.971141 0.00916527 0.00288765 0.012157 0.00299987
0 0.00122036 0.00401786 0.00753911 0.00394216 0.967727 0.0102389 0.00531461
0 0.00755772 0.00286937 0.00562973 0.00151185 0.960521 0.021242 0.00066839
22 0.987747 0.000261252 0.000159693 6.20073e-05 0.000860585 0.0106846 0.000224636
22 0.979093 0.000113444 0.00121454 0.000143963 0.00272191 0.0163969 0.000316501
0 0.00113979 0.00219818 0.0101253 0.00435015 0.975608 0.00489079 0.0016883
22 0.939347 0.006078 0.0018892 0.00106529 0.00163039 0.0495304 0.000459566
13 0.000868954 0.989582 0.000507177 0.00521739 0.00152872 0.000320104 0.00197523
22 0.94545 0.00195116 0.0015754 0.00116256 0.00180586 0.0471944 0.000860501
11 0.000522844 0.00406254 0.00212733 0.95553 0.000731775 0.000659673 0.0363653
11 0.00177486 0.00406071 0.011904 0.97341 0.000602542 0.00255281 0.00569536
22 0.969819 0.000264014 6.3541e-05 8.9881e-05 0.00051188 0.0291231 0.000129086
11 0.00358439 0.0188939 0.0083931 0.929867 0.00348047 0.00254097 0.03324
11 0.0011483 0.0090263 0.0123431 0.937038 0.00650464 0.00160704 0.0323328
5 0.0361849 0.00578654 0.02373 0.00766844 0.0223923 0.901661 0.0025768
19 0.00273489 0.00144893 0.0174635 0.0225268 0.00959297 0.00346783 0.942765
0 0.00535589 0.000782489 0.0116079 0.00053921 0.957543 0.0239202 0.000250784
13 0.00413628 0.964708 0.00699144 0.00759134 0.00596318 0.00928817 0.00132126
11 0.000460033 0.0197792 0.00985751 0.941413 0.00240853 0.000963432 0.0251181
22 0.945405 0.000705578 0.00075589 0.000568429 0.00216614 0.0496377 0.000761601
19 0.00137215 0.000223686 0.00670738 0.0120255 0.0099137 0.00321338 0.966544
22 0.948429 0.000262691 0.000142408 0.000275288 0.000602818 0.0498393 0.000448829
0 0.00805825 0.000798505 0.0083529 0.00158826 0.956447 0.0231462 0.00160899
19 0.00291052 0.000357724 0.0168471 0.0208018 0.00559062 0.00322562 0.950267
19 0.00344382 0.006076 0.00949907 0.0262144 0.0156144 0.00230541 0.936847
4 0.00180371 0.00285522 0.968142 0.00883311 0.00588896 0.00675049 0.00572678
13 0.00268791 0.954888 0.0101524 0.0137416 0.00986748 0.00376654 0.0048959
22 0.96014 0.00517143 0.00299738 0.00175899 0.00975541 0.0176632 0.00251378
22 0.95908 0.00587579 0.00972829 0.00294824 0.00903746 0.00885169 0.00447828
5 0.0461298 0.000318304 0.0004009 0.000233811 0.0140509 0.938183 0.000683686
22 0.923879 0.00554302 0.00751802 0.00241783 0.0126143 0.0472856 0.000741914
19 0.000882781 0.00016329 0.00387747 0.0105997 0.00242777 0.000729642 0.981319
19 0.000200462 0.000374643 0.00479037 0.0366002 0.00158929 0.000330166 0.956115
19 0.0031693 0.000934995 0.0139983 0.0113272 0.00825719 0.00591365 0.956399
0 0.000447627 0.00011561 0.00910047 0.000573862 0.985218 0.000516171 0.0040278
22 0.940111 0.00138195 0.000350682 0.000555001 0.00758487 0.0493093 0.000706788
22 0.923001 0.0036713 0.0212097 0.00345419 0.00642332 0.039343 0.00289793
19 0.0031216 0.000886339 0.015098 0.0211764 0.00539313 0.00363823 0.950686
4 0.0063062 0.000351484 0.966744 0.00619225 0.00394834 0.0145808 0.00187731
11 0.00228687 0.016468 0.00647934 0.953966 0.00551125 0.00325957 0.0120286
13 0.00259776 0.955072 0.0091935 0.0162502 0.00498571 0.00297288 0.00892828
19 0.000987298 0.00234032 0.00316948 0.0317405 0.0123455 0.00115614 0.948261
5 0.0457021 0.00550981 0.00593995 0.0028557 0.0144438 0.923174 0.00237475
13 0.00262574 0.960682 0.0100245 0.0156176 0.00397012 0.00287994 0.00419968
11 0.00102851 0.00790111 0.0151661 0.949948 0.00105537 0.00285573 0.0220456
11 0.00146202 0.0109854 0.0167038 0.958016 0.00502614 0.000854069 0.00695223
19 0.00441864 0.00464213 0.00731154 0.0380587 0.00709495 0.00432342 0.934151
5 0.0456065 0.0056295 0.00420487 0.00164674 0.0160849 0.926162 0.000665111
19 0.000363979 0.000298424 0.000767344 0.00590647 0.00184485 0.000794151 0.990025
19 0.000603854 0.000196197 0.00109661 0.00979883 0.00107813 0.00204919 0.985177
11 0.00263965 0.0157568 0.00606297 0.934129 0.00356453 0.000556828 0.0372902
13 0.00292681 0.964432 0.0118653 0.0158794 0.00172433 0.000938379 0.00223422
0 0.00555061 0.000406846 0.00517697 0.00029309 0.97287 0.0153077 0.000395151
5 0.0433319 0.0119171 0.00773953 0.0042958 0.0241255 0.906065 0.00252527
5 0.0151168 0.0028632 0.021935 0.00240802 0.0222331 0.929729 0.0057149
4 0.00359869 0.00416772 0.961896 0.00924909 0.00932277 0.00340317 0.00836246
13 0.0059219 0.961701 0.010674 0.0161084 0.00145339 0.00265697 0.00148434
5 0.0427729 0.0121588 0.00252808 0.00329278 0.0100303 0.928057 0.00116028
19 0.00314414 0.0012025 0.0108822 0.00208486 0.0119741 0.00291344 0.967799
13 0.00288856 0.979347 0.00181498 0.00198043 0.00857257 0.00345867 0.00193742
13 0.0101687 0.97003 0.00378027 0.00339648 0.00433335 0.00695419 0.00133737
13 0.000696745 0.981733 0.00013277 0.00955927 0.00126012 0.000324082 0.00629361
4 0.00347146 0.00391868 0.971547 0.00880881 0.00239982 0.004606 0.0052479
13 0.00353901 0.970426 0.0011645 0.0147437 0.00370682 0.00145128 0.00496911
22 0.919139 0.00514812 0.0128206 0.00400481 0.0156665 0.040888 0.00233284
22 0.947441 0.000244689 0.000246178 0.000584276 0.000710035 0.049807 0.000966509
13 0.00401585 0.961054 0.00761263 0.0160935 0.00740554 0.00316713 0.000651378
11 0.00251133 0.0183117 0.00333699 0.94667 0.00634974 0.0040458 0.0187742
22 0.968166 0.00116372 0.00391453 0.000428921 0.00553672 0.0200976 0.000692011
11 0.000585156 0.0161318 0.00309093 0.967378 0.00268021 0.00165652 0.00847739
22 0.964462 0.00016239 0.000331651 0.000539501 0.00605094 0.0276881 0.000764995
0 0.00449118 0.000133172 0.00321273 0.000368044 0.977607 0.0137849 0.000403157
13 0.00330024 0.980842 0.00364186 0.00528212 0.0022983 0.00377569 0.000859806
19 0.00258565 0.00269856 0.00672243 0.0379537 0.00875137 0.00495442 0.936334
0 0.000332399 0.00225307 0.00440607 0.00343393 0.980071 0.00022774 0.00927539
5 0.0269114 0.00131864 0.000489002 0.000146269 0.000499353 0.970349 0.000286465
19 0.00282346 0.00487679 0.000831387 0.0378983 0.0045296 0.00243969 0.946601
22 0.94696 0.000115941 0.000136417 0.000112673 0.00240566 0.049771 0.000498412
0 0.00467924 0.00050972 0.00322388 0.000253266 0.977057 0.0141253 0.000151991
5 0.0456285 0.00480203 0.00117993 0.00309034 0.00643887 0.937635 0.00122505
0 0.0050018 0.00635005 0.00830311 0.00456407 0.958848 0.0139579 0.00297462
19 0.000382249 5.40531e-05 0.00710536 0.00313354 0.00358461 0.000271594 0.985469
5 0.0456211 0.00284341 0.000510627 0.000550093 0.00717027 0.942517 0.000787679
5 0.0185674 0.00738329 0.0132467 0.00414038 0.0210607 0.933287 0.00231481
13 0.00131535 0.969357 0.00148883 0.0140094 0.00928527 0.000968679 0.00357498
4 0.000685651 0.00317745 0.970665 0.00899565 0.00404673 0.00165754 0.0107722
11 0.00255485 0.01222 0.00783912 0.934634 0.0083728 0.00296808 0.0314109
13 0.000601502 0.972526 0.00242794 0.0116343 0.00780416 0.000657007 0.0043487
13 0.000607785 0.964858 0.0038707 0.0112637 0.00512769 0.000365654 0.0139067
22 0.935162 0.00143968 0.00150743 0.00220276 0.0116975 0.0472325 0.000757917
22 0.971069 0.00100461 4.66149e-05 0.000138838 0.00231883 0.0249796 0.000442732
22 0.934194 0.000567078 0.00604358 0.00231511 0.00554636 0.0496597 0.00167415
22 0.94117 0.00663359 0.0150818 0.00337653 0.0110261 0.0195048 0.00320685
5 0.045723 8.14317e-05 0.000599288 0.000210351 0.00112105 0.951719 0.000545711
5 0.043441 0.00520141 0.00721762 0.00687745 0.0151791 0.919592 0.00249184
0 0.00257448 0.0051656 0.00325048 0.0045454 0.959778 0.0237161 0.0009699
11 0.00245214 0.0162863 0.0030161 0.966527 0.00414956 0.00641036 0.00115821
11 0.00312471 0.00157658 0.0155021 0.97001 0.000759221 0.00465978 0.0043678
22 0.927111 0.00423426 0.00723203 0.00233725 0.00719518 0.0496892 0.00220118
22 0.936624 0.00229436 0.00581158 0.00155076 0.00369881 0.0488762 0.00114456
22 0.947246 0.000406847 9.93581e-05 0.000187944 0.0015425 0.0498262 0.00069163
13 0.00275719 0.968832 0.0089822 0.0029762 0.0086373 0.0067291 0.00108552
11 0.0034123 0.00682121 0.0173849 0.946978 0.00538153 0.00657436 0.0134475
0 0.00530223 0.00246308 0.0025565 0.000524461 0.964238 0.0247887 0.000126989
13 0.000955559 0.966042 0.0073441 0.0154863 0.00540911 0.00158595 0.00317695
5 0.0220698 0.00358132 0.00821321 0.00334301 0.0301288 0.92949 0.0031738
19 0.000377746 5.10806e-05 0.00189638 0.00972233 0.0028465 0.000310059 0.984796
11 0.000325889 0.0158053 0.00106553 0.977491 0.00238861 0.00094677 0.00197696
22 0.979387 0.000417833 0.000628665 0.000201722 0.00765586 0.0114949 0.000214191
19 0.00158214 0.00257109 0.0180686 0.0254013 0.0108877 0.00218852 0.939301
11 0.00237292 0.00383894 0.0153534 0.971563 0.00101116 0.00284499 0.0030156
0 0.000949189 0.000113199 0.00245741 0.000535998 0.990336 0.00470261 0.000905132
5 0.0456786 0.00413989 0.00181402 0.00325619 0.0143723 0.928284 0.00245525
4 0.00379658 0.0036548 0.970523 0.00326403 0.00966839 0.0039151 0.00517816
19 0.00113764 0.000416628 0.0166605 0.019672 0.00411071 0.00481419 0.953188
0 0.00258552 2.96056e-05 0.000243772 7.37657e-05 0.988722 0.00826546 8.03481e-05
5 0.0312685 0.00869527 0.0188956 0.00399644 0.019269 0.917022 0.000853055
5 0.0463313 0.00444798 0.00665867 0.00316571 0.0232653 0.913302 0.002829
22 0.986723 6.00646e-05 0.000497024 0.000203579 0.00704767 0.00508087 0.000387954
19 0.000280967 4.49283e-05 0.00278949 0.00707921 0.000862548 0.000809116 0.988134
0 0.00454484 0.0034635 0.000894916 0.00313707 0.962558 0.0249133 0.000488504
22 0.943776 0.000126587 0.000700675 0.000875977 0.00399459 0.0492814 0.00124492
22 0.977445 0.0030423 0.00366693 0.00222472 0.00777028 0.00261254 0.00323827
22 0.933292 0.00511886 0.00270452 0.000513332 0.00835774 0.0491811 0.000832823
19 0.00352213 0.0101408 0.0035763 0.0149582 0.0119685 0.00375138 0.952083
22 0.934608 0.000831638 0.00122332 0.00237319 0.0101916 0.0484863 0.00228601
13 0.00137925 0.978444 0.00216016 0.0148562 0.000853785 0.000985911 0.00132041
4 0.00796266 0.00268717 0.960059 0.00696449 0.00576433 0.00563504 0.0109269
19 0.000420711 0.00120798 0.00996146 0.0355221 0.0042084 0.00112833 0.947551
4 0.00963376 0.000362845 0.959229 0.00916134 0.00434345 0.0143708 0.00289898
19 0.00372884 0.00175242 0.015156 0.0181112 0.00179883 0.00482385 0.954629
22 0.936869 0.00552366 0.00119089 0.00140122 0.00612216 0.0481179 0.00077553
22 0.94135 0.00125746 0.00169671 0.000557231 0.00472578 0.0497029 0.000710204
5 0.0457987 0.00133781 0.000583197 0.0011902 0.0179049 0.932421 0.000763891
4 0.00376575 0.00328649 0.971327 0.00292313 0.0095922 0.00608275 0.0030227
4 0.00465461 0.00440412 0.969332 0.00898313 0.00317089 0.00401889 0.00543653
22 0.924589 0.0100224 0.00703762 0.0025812 0.00411941 0.0494726 0.00217746
5 0.0460854 0.00924086 0.00548695 0.00369294 0.0152197 0.918166 0.00210869
22 0.94722 0.000371828 0.000237796 0.000376818 0.00145291 0.049747 0.000593763
22 0.942479 0.000766706 0.0033542 0.00118308 0.00153379 0.0495574 0.00112549
5 0.0251002 0.0141212 0.00575892 0.00358943 0.0305016 0.918014 0.00291433
5 0.0457597 0.000223611 0.00726346 0.000621744 0.0149878 0.929685 0.00145865
22 0.948314 0.00132441 0.00797394 0.00119347 0.00512071 0.035633 0.000439975
5 0.00926713 0.000226732 0.00698302 0.0029371 0.0283499 0.949255 0.00298164
11 0.000640168 0.00824454 0.00681016 0.943012 0.00289807 0.000462737 0.0379326
11 0.000658351 0.00455762 0.0138533 0.958389 0.00281855 0.000599904 0.0191234
11 0.000533414 0.0162437 0.00180644 0.971297 0.00118796 0.00152042 0.00741157
11 0.00049748 0.00847733 0.00402548 0.944748 0.00414368 0.000307142 0.0378008
4 0.00913747 0.00500309 0.965206 0.00562705 0.00715738 0.00665591 0.00121313
13 0.004481 0.959341 0.0140544 0.0108151 0.00566652 0.00331548 0.00232691
13 0.00163801 0.962842 0.00849153 0.0119607 0.00490716 0.00985255 0.000308305
11 0.000599221 0.0101413 0.00153188 0.961636 0.000768415 0.000783832 0.0245398
5 0.0414706 0.00660111 0.0111521 0.00876083 0.0297745 0.899854 0.00238636
0 0.00573349 0.00149976 0.00158618 0.000627593 0.969673 0.0206436 0.000236223
4 0.00316875 0.00370803 0.973736 0.00855464 0.00436501 0.00339674 0.00307104
22 0.978225 0.000543018 0.000233074 0.000457579 0.00150243 0.0188157 0.000223077
22 0.990817 0.00163755 0.000260104 0.000282824 0.000471799 0.00605897 0.000471971
0 0.00205303 0.00416186 0.00742111 0.0052498 0.966893 0.00980027 0.00442081
5 0.0456331 0.00489375 0.00446768 0.00254237 0.0122976 0.92885 0.00131543
11 0.00279371 0.0160007 0.0010488 0.971169 0.00357367 0.00168008 0.00373422
22 0.9513 0.00547307 0.00251832 0.00245687 0.0103442 0.0267407 0.00116686
22 0.91917 0.0159843 0.0105395 0.00287026 0.0111741 0.0381596 0.0021021
19 0.00174517 0.000966924 0.0181409 0.0273406 0.00727434 0.00471012 0.939822
11 0.0011704 0.0186192 0.00486938 0.939375 0.000908465 0.00157027 0.033487
5 0.0217685 0.000150199 0.000560316 0.000406901 0.00175097 0.974045 0.00131787
22 0.929379 0.00119503 0.00715622 0.00198019 0.0136949 0.0455061 0.00108879
4 0.0123255 0.00222075 0.966001 0.0019877 0.0037287 0.0126443 0.00109194
11 0.00235311 0.0197619 0.00658535 0.936515 0.00635231 0.00445735 0.0239748
0 0.00396595 0.000167341 0.00581723 0.000173778 0.976427 0.0131926 0.00025633
11 0.000150538 0.0158149 0.00171814 0.978903 0.000466308 0.000158632 0.00278832
5 0.0457383 0.000995 0.00274129 0.000903428 0.0256498 0.923182 0.000790172
13 0.000122461 0.97544 0.000203914 0.0151873 0.00192699 0.000131918 0.00698736
22 0.927045 0.0186486 0.00116648 0.0032293 0.0140634 0.0335829 0.00226457
0 0.00438044 0.00134319 0.00763653 0.00209624 0.958949 0.0252317 0.000362613
19 0.00270681 0.00208738 0.0174203 0.0242101 0.00537103 0.00366115 0.944543
19 0.00281916 0.00613416 0.0104916 0.0328465 0.0154701 0.00365624 0.928582
0 0.00695672 0.000232973 0.00107508 0.000259765 0.972802 0.018596 7.72799e-05
19 0.00283983 0.00279549 0.0181947 0.0276532 0.00514686 0.00304814 0.940322
19 0.00268044 0.00418516 0.0180401 0.0321767 0.00445844 0.00385328 0.934606
11 0.00373643 0.013559 0.0115765 0.957652 0.00215683 0.00530115 0.00601785
0 0.00278853 0.00262286 0.0157567 0.00242748 0.95662 0.0170932 0.00269084
22 0.936914 0.00165845 0.00113678 0.000606661 0.0111426 0.047759 0.000782808
0 0.00513964 0.000149592 0.0093164 0.000265102 0.979087 0.00587714 0.000164799
4 0.000345111 0.000155326 0.98693 0.00150889 0.00185183 0.000509738 0.00869896
19 0.00271008 0.0100948 0.00432959 0.0265941 0.0144488 0.00442296 0.9374
22 0.94669 5.1464e-05 0.000196631 0.000140984 0.00267506 0.0497787 0.0004675
19 0.000311957 9.88387e-05 0.00414224 0.00745929 0.0018534 0.000419783 0.985714
19 0.00274858 0.00792426 0.0056804 0.0375518 0.00320425 0.00217509 0.940716
22 0.936356 0.00352734 0.00476358 0.00106846 0.0148558 0.0385468 0.00088213
11 0.000559496 0.00461799 0.0165956 0.940427 0.00209427 0.000991832 0.0347134
11 0.00380779 0.0163688 0.00919369 0.961147 0.00529242 0.00339858 0.000791553
13 0.00280226 0.966351 0.00553818 0.015549 0.00578012 0.00208293 0.00189694
0 0.000866707 0.00146825 0.0136402 0.00377777 0.97171 0.0050233 0.00351373
19 0.00060858 0.000867385 0.00969914 0.026471 0.00378134 0.000607607 0.957965
0 0.00713493 0.00155832 0.00291112 0.00231692 0.966419 0.0192597 0.000400338
0 0.00279587 0.00584673 0.0149095 0.00353364 0.950033 0.0171629 0.00571829
22 0.975266 0.000220926 0.000438425 0.000296655 0.00185445 0.0213363 0.000587699
22 0.926088 0.00478991 0.015688 0.00291708 0.00932694 0.038701 0.00248929
11 0.00348027 0.0068894 0.0100512 0.949531 0.0128161 0.00438187 0.0128504
22 0.94706 0.000142539 0.000869967 0.000126632 0.00161958 0.04964 0.000541039
22 0.928518 0.00528956 0.00661866 0.00384477 0.00406848 0.0494162 0.0022441
22 0.915443 0.010346 0.00794248 0.00758204 0.00973078 0.0467908 0.00216499
13 0.00533653 0.954515 0.00463766 0.0159899 0.00797959 0.00342122 0.0081205
11 0.000261224 0.00368135 0.00367191 0.978479 0.000807064 0.0011672 0.0119321
22 0.964129 0.000303893 0.0159425 0.000633866 0.00468597 0.0127185 0.00158639
11 0.00218257 0.0104572 0.00303599 0.93966 0.00399642 0.00255158 0.0381163
22 0.99483 0.00167176 0.00115108 0.000135653 0.000325902 0.00144422 0.000441241
22 0.944703 0.0016115 0.0114411 0.0025744 0.01151 0.0247926 0.00336765
13 0.000972942 0.959356 0.00743105 0.0158677 0.00787433 0.00233839 0.00615992
11 0.00256181 0.00833895 0.0174028 0.943584 0.00392742 0.00657052 0.0176143
0 0.0052374 0.000352013 0.00602082 0.0021186 0.97061 0.0148172 0.000843661
13 0.00397791 0.969546 0.00480375 0.0147161 0.0011288 0.00441967 0.00140729
19 0.00265871 0.00353819 0.00606724 0.0377382 0.00642487 0.00437541 0.939197
13 0.00228776 0.955726 0.00910478 0.0147857 0.00679734 0.00946041 0.00183794
5 0.0458056 0.00075261 5.88038e-05 0.000115893 0.000952607 0.951923 0.000391327
5 0.0463814 0.00198004 0.00545903 0.0015145 0.0171925 0.926257 0.00121502
0 0.00127931 0.00225799 0.00222354 0.00483153 0.975412 0.0134879 0.00050779
13 0.000238049 0.966587 0.000327657 0.0155811 0.00598632 9.65317e-05 0.0111836
13 0.00539638 0.990535 0.000573214 0.00113913 0.000629107 0.00150037 0.00022634
5 0.0457395 0.000292947 0.000445671 0.000111949 0.00171125 0.951438 0.000260617
4 0.0049344 0.00331833 0.963419 0.00959791 0.0090198 0.00677593 0.00293473
4 0.00674693 0.00295388 0.962449 0.0101593 0.00428103 0.0109606 0.00244964
0 0.00717969 0.00386676 0.00655792 0.00184818 0.95897 0.0200388 0.00153885
13 0.00176974 0.959365 0.00545615 0.01176 0.00848412 0.00892532 0.00424002
11 0.00203783 0.0101402 0.0103792 0.93994 0.0117724 0.00641263 0.0193179
11 0.0009187 0.0108709 0.0109674 0.933869 0.0100221 0.000750618 0.0326011
0 0.0033937 0.000672736 0.00733138 0.00169092 0.959339 0.0259437 0.00162841
19 0.00319841 0.00347847 0.0091299 0.0376556 0.00504509 0.00303366 0.938459
19 0.00363764 0.00166244 0.0142242 0.0154837 0.01108 0.00527025 0.948642
22 0.976054 0.00825309 0.00139589 0.00416755 0.00114444 0.00677257 0.00221226
0 0.00161478 0.00164767 0.0029643 0.000950231 0.964878 0.0259337 0.00201142
22 0.938956 0.00114057 0.0038926 0.000654785 0.00531184 0.0496685 0.000375524
13 0.000312972 0.970582 0.00187958 0.0139238 0.00770485 0.000616459 0.00497993
0 0.00651062 0.00441619 0.000570106 0.00109054 0.968516 0.017089 0.0018078
11 0.000648644 0.00822797 0.00340981 0.979377 0.00132194 0.00361203 0.0034029
19 0.00171977 0.000970141 0.00662735 0.0368724 0.000951448 0.00123284 0.951626
19 0.000859172 3.3587e-05 0.00167351 0.00170994 0.000869639 0.0004112 0.994443
19 0.00232254 0.000288088 0.0144464 0.0206084 0.00814418 0.00228498 0.951905
22 0.966602 0.000195254 0.00314774 0.000433571 0.0096488 0.0189764 0.000995787
22 0.968125 0.000150639 5.94318e-05 6.6598e-05 0.000538926 0.0306537 0.000406092
5 0.0457578 0.000119717 0.000597758 8.77047e-05 0.00759658 0.94536 0.000480857
4 0.00658637 0.00646799 0.967357 0.00869514 0.00415478 0.00537169 0.00136672
11 0.000479746 0.0177172 0.000524368 0.945818 0.00171443 0.00097441 0.0327717
5 0.0455852 0.00231968 0.000450596 0.00135645 0.0110755 0.938522 0.000690843
4 0.0120397 0.000162011 0.967296 0.00022982 0.00581552 0.0136874 0.000769716
11 0.00191616 0.00677 0.0141953 0.93411 0.00283192 0.00233578 0.0378404
19 0.00219619 0.000495192 0.00777012 0.00322463 0.00426781 0.00382009 0.978226
22 0.955724 0.0043015 0.0161281 0.00265738 0.00212479 0.0180861 0.000978187
4 0.000668487 0.0036877 0.972287 0.00920567 0.00500176 0.00110698 0.0080422
0 0.000570194 0.00202251 0.00591374 0.00402567 0.97576 0.00244791 0.00925952
5 0.0456515 0.00546717 0.00531419 0.00128095 0.0142245 0.926902 0.00115992
13 0.00562865 0.962926 0.00315405 0.00914445 0.00690223 0.0081379 0.00410696
22 0.953436 0.000385263 0.00164205 0.000260301 0.000637618 0.0428012 0.000838067
13 0.00470064 0.960021 0.00410254 0.0155667 0.00584309 0.00602369 0.00374272
22 0.955104 0.00121661 0.00304123 0.000607897 0.00670392 0.0327275 0.000598544
11 0.00501007 0.016649 0.0146533 0.946607 0.00937925 0.00490717 0.00279435
22 0.950793 0.000122811 0.000597904 0.000477546 0.00785804 0.0390149 0.00113552
19 0.00324133 0.000809684 0.0120395 0.015288 0.00467288 0.00171911 0.96223
19 0.00273745 0.00357939 0.00407914 0.0173507 0.00729366 0.00482891 0.960131
22 0.970665 0.000259815 0.00065328 0.000276125 0.00701622 0.019869 0.00126081
4 0.000574401 0.000932348 0.97311 0.00843702 0.0047209 0.00372436 0.00850134
22 0.966745 0.00143136 0.000353066 0.000862234 0.0024267 0.0280032 0.000177985
13 0.00146543 0.97187 0.000608397 0.0150477 0.00411325 0.00279912 0.00409618
22 0.947184 0.000224171 0.000438385 0.000155369 0.0019141 0.0496887 0.000395513
0 0.000357568 0.00022101 0.000482803 0.00017479 0.996163 0.00241622 0.000184567
5 0.00784438 0.00950793 0.00755909 0.00243855 0.0286282 0.943139 0.000882586
22 0.924433 0.0131784 0.00443189 0.002418 0.00399703 0.0494207 0.0021214
5 0.0458161 0.000149147 0.000187648 0.000580192 0.00115363 0.951099 0.00101432
0 0.00313053 0.00358277 0.00959388 0.00328229 0.971483 0.00528843 0.00363949
22 0.930637 0.000839411 0.00512858 0.00270203 0.0110364 0.0479502 0.00170622
0 0.00333888 5.93918e-05 0.00144748 0.000157351 0.978046 0.0165684 0.000382462
5 0.00789359 0.00690172 0.00285005 0.00224657 0.029534 0.949422 0.00115214
11 0.00108924 0.00470173 0.00350442 0.95267 0.000686907 0.000935984 0.0364113
22 0.917933 0.0193248 0.00406702 0.00650384 0.011067 0.038908 0.00219646
11 0.00195506 0.00653775 0.0184377 0.938566 0.00630457 0.00684868 0.0213501
4 0.0121304 0.00181669 0.961556 0.00436763 0.00535435 0.0139235 0.000851565
11 0.00229817 0.0202155 0.00905721 0.934442 0.00284171 0.00124765 0.0298982
5 0.0369708 0.00467446 0.00278657 0.000765224 0.0324624 0.919446 0.00289417
22 0.94029 0.000739479 0.00119035 0.00231299 0.00402832 0.049669 0.00176984
22 0.926175 0.00803072 0.00600973 0.00318129 0.0157483 0.0387385 0.00211644
22 0.941457 0.00248433 0.00115332 0.00249355 0.0011571 0.0497096 0.00154488
19 0.00250823 0.000457034 0.0144919 0.00851557 0.00235275 0.00261903 0.969055
13 0.00998431 0.965684 0.00502093 0.0117565 0.00378939 0.00167478 0.00209031
13 0.00449999 0.955744 0.0131784 0.0160276 0.00337538 0.00349778 0.00367671
22 0.987193 0.000919824 5.3083e-05 0.000343719 0.000221658 0.0109331 0.000335904
5 0.0462067 0.000240113 0.00379338 0.000655274 0.0139945 0.932939 0.00217132
4 0.0115819 0.00201817 0.972083 0.0020717 0.0015358 0.0102909 0.000418774
22 0.942446 0.000103858 0.000740647 7.55431e-05 0.00944405 0.0468668 0.000323353
0 0.00115645 0.000457952 0.00956216 0.00124342 0.980039 0.00329776 0.00424347
5 0.0358931 0.00251989 0.00141889 0.00273023 0.032791 0.923393 0.0012544
5 0.0464821 0.000235519 0.00109536 0.000407127 0.0172557 0.933533 0.000991696
0 0.00284479 0.00320941 0.00030764 0.000745889 0.987871 0.0047401 0.000281315
22 0.94391 0.000436959 0.000738656 0.00188573 0.00121261 0.0497817 0.002034
11 0.00114357 0.0116507 0.0172435 0.953032 0.00631674 0.00225782 0.00835536
5 0.0465366 0.000757719 0.000507821 0.000679633 0.0227796 0.928081 0.000657874
19 0.00305482 0.00925862 0.00905956 0.0373425 0.00551613 0.00247487 0.933293
22 0.987682 0.00209024 0.000694757 0.000603894 0.000365291 0.00793959 0.000624195
13 0.0020796 0.969035 0.00540044 0.0151124 0.00427288 0.00134554 0.0027544
22 0.943157 0.000195146 0.000529255 0.000548607 0.00482898 0.0496344 0.00110626
0 0.00219533 0.0023522 0.00703649 0.000890515 0.979401 0.00766365 0.00046116
11 0.00224632 0.017317 0.00538804 0.953682 0.00311214 0.00146638 0.0167879
19 0.00286917 0.00212138 0.0157175 0.013735 0.0048303 0.00393197 0.956795
19 0.000706648 9.64068e-05 0.00541625 0.00448967 0.00519893 0.00134882 0.982743
4 0.00632132 0.00358013 0.964597 0.00298658 0.0101754 0.0117607 0.000578547
22 0.939949 0.000905332 0.000317626 0.000359467 0.00829758 0.0492138 0.000956729
13 0.00255059 0.99574 0.000119098 0.000710669 0.000190122 0.000474681 0.000214453
4 0.00341105 0.000648297 0.966273 0.00288018 0.0085853 0.0170913 0.00111069
5 0.00772556 0.000269823 0.000186916 0.000282809 0.000857241 0.990412 0.000265285
0 0.00088388 0.00315552 0.00820795 0.00130983 0.975004 0.00174653 0.00969222
0 0.00726543 0.000496353 0.00548012 0.00027669 0.9646 0.020734 0.00114693
5 0.0160216 0.0128611 0.00735472 0.00482965 0.0211035 0.936497 0.00133248
11 0.000564611 0.00176626 0.00104176 0.95746 0.00132506 0.000628608 0.0372136
22 0.944759 0.000548933 0.000817895 0.000498304 0.00283306 0.0496705 0.00087221
4 0.00467837 0.00128181 0.96098 0.00875823 0.00872115 0.0126224 0.00295805
11 0.0032083 0.0151966 0.017477 0.944576 0.00410779 0.00623826 0.00919643
11 0.00138517 0.00497731 0.0114186 0.969022 0.00575692 0.00232322 0.00511694
11 0.000334856 0.017138 0.00207724 0.941739 0.00277539 0.000195076 0.0357405
11 0.00272286 0.0175796 0.00563524 0.945585 0.00499685 0.00335511 0.0201252
11 0.00303567 0.0177297 0.00782152 0.946372 0.00624651 0.00735972 0.011435
11 0.000533412 0.00230836 0.01562 0.966148 0.000394105 0.000923628 0.0140724
19 0.0029148 0.00246418 0.0181612 0.0253466 0.00858 0.00531561 0.937218
5 0.0457873 0.000179099 0.00268174 0.000294421 0.00603442 0.943822 0.00120071
13 0.0013905 0.986529 0.000478283 0.00430111 0.0017806 0.00458998 0.000930273
5 0.0461095 0.000595312 0.00152111 0.00192274 0.0137159 0.934751 0.00138441
0 0.000489978 0.000529622 0.000306788 0.000237197 0.995274 0.00303159 0.000130519
22 0.924726 0.00548213 0.00550493 0.00334782 0.0108214 0.0483695 0.00174839
22 0.936507 0.000144536 0.0108183 0.00117683 0.00070076 0.0497721 0.000880809
5 0.0457494 0.000205802 0.000132887 0.000150104 0.0131537 0.940165 0.000442981
0 0.00468012 0.00181277 0.000437163 0.00121834 0.966347 0.0252066 0.000298412
22 0.929214 0.00218551 0.0106606 0.00351364 0.002919 0.0496436 0.00186341
5 0.0418009 0.011164 0.00547774 0.0042609 0.0225621 0.911562 0.0031726
13 0.0011333 0.963855 0.00645455 0.0155333 0.00372931 0.00146415 0.00782998
5 0.0461168 0.000281598 0.00129196 0.000441022 0.0141029 0.93721 0.000555869
22 0.945227 0.000606174 0.000435966 0.000303642 0.00296485 0.049526 0.000936332
13 0.00449549 0.974423 0.00103698 0.0150928 0.000815111 0.00304144 0.00109495
13 0.00644976 0.965541 0.00366236 0.00896337 0.00544572 0.00936853 0.000569029
11 0.0020298 0.0026797 0.00237371 0.978648 0.00159928 0.00343564 0.00923344
5 0.0200966 0.000205318 0.00101281 0.000931895 0.00539675 0.971358 0.000998438
13 0.00773633 0.969475 0.00466807 0.00537535 0.00350355 0.00897791 0.000264171
22 0.934563 0.00359691 0.0149833 0.00288515 0.0127021 0.0237483 0.00752109
19 0.000576112 0.000134774 0.00418114 0.0222712 0.0039877 0.00125456 0.967595
22 0.941128 0.000397224 0.00136782 0.000671587 0.00586756 0.0497084 0.000859539
22 0.941291 9.40334e-05 0.00026717 0.000175859 0.00807689 0.049249 0.000846121
5 0.0246937 0.00445504 0.00828602 0.00307808 0.0312919 0.92527 0.00292479
22 0.945696 0.000877738 0.00043348 0.000409327 0.00249213 0.0494789 0.000611951
11 0.00106866 0.0196029 0.00472353 0.940693 0.00669399 0.00140263 0.0258153
0 0.000557673 0.00221716 0.0104238 0.0100441 0.962246 0.00749557 0.00701595
19 0.00262728 0.00306791 0.0131715 0.0248952 0.0146556 0.0023275 0.939255
19 0.00263861 0.00247491 0.0144832 0.0372211 0.00541925 0.0038491 0.933914
0 0.00671352 0.000617191 0.00178196 0.000430984 0.97215 0.0180736 0.000232553
0 0.00321439 0.0041106 0.00625423 0.00268052 0.96992 0.00854673 0.00527352
0 0.0070726 0.0021816 0.00801307 0.00078522 0.965029 0.0155908 0.00132812
4 0.0027468 0.00111711 0.983265 0.00261376 0.00346854 0.00272647 0.00406191
4 0.000885828 0.000772563 0.985923 0.00383693 0.00108419 0.00399235 0.00350537
13 0.00538718 0.963824 0.00816042 0.00870383 0.0102119 0.00333113 0.000381964
19 0.00280415 0.00454427 0.0141477 0.0372872 0.00552435 0.00364078 0.932052
22 0.945902 0.00161225 0.000768527 0.000777414 0.000635965 0.0497342 0.000569451
0 0.00112654 0.000117925 0.001465 0.00265326 0.967582 0.0258954 0.00115959
0 0.00159298 0.00359138 0.0147753 0.00446591 0.956458 0.00927651 0.00983989
13 0.00366287 0.968812 0.00348325 0.00753022 0.00963618 0.00413715 0.00273827
22 0.96945 0.00243039 0.006452 0.00135031 0.0087807 0.010641 0.000895217
11 0.00270728 0.00908284 0.00541234 0.940123 0.00390735 0.0008677 0.0378999
5 0.0446602 0.00418942 0.0182629 0.00545902 0.0100484 0.915492 0.00188813
5 0.0438419 0.00984563 0.00174062 0.00186215 0.00198571 0.939912 0.000812061
22 0.962233 0.00639812 0.00741746 0.00278095 0.00932494 0.00871271 0.00313271
22 0.934192 0.00406433 0.00315023 0.00239324 0.00499973 0.0495929 0.00160715
13 0.00115867 0.982273 0.000725404 0.0033445 0.00530225 0.00666923 0.000526956
0 0.00695944 7.19009e-05 0.000770541 0.000358979 0.973038 0.0186494 0.000151395
22 0.918926 0.00515103 0.0133656 0.00269753 0.0152692 0.0421699 0.00242125
13 0.00265926 0.962587 0.00877339 0.0156952 0.00213984 0.00450754 0.00363786
11 0.000565577 0.00501591 0.000764846 0.983401 0.00268804 0.000843542 0.00672145
13 0.00180856 0.95988 0.00620789 0.0159289 0.0051633 0.0031597 0.00785157
13 0.00674684 0.956508 0.00522607 0.0136999 0.0082513 0.00722634 0.00234151
13 0.000767466 0.961981 0.00640078 0.0155551 0.00448073 0.00414199 0.00667254
4 0.00454072 0.0013934 0.967197 0.0012583 0.0100221 0.00849785 0.0070906
13 0.00287678 0.963423 0.00303962 0.015064 0.00882181 0.00112333 0.00565167
13 0.00428879 0.96276 0.00870824 0.0158529 0.00274371 0.0050444 0.000602185
22 0.943674 0.00370331 0.00357544 0.000385968 0.00504305 0.0428893 0.000729056
22 0.937508 0.000307943 0.0087726 0.00120633 0.00202133 0.049763 0.000420638
5 0.0171161 0.0136981 0.00927017 0.00825838 0.0236087 0.924679 0.0033699
22 0.962382 0.0063438 0.0044323 0.00255121 0.00661936 0.016315 0.00135656
22 0.979265 0.000147119 0.000463359 0.000160664 0.00368575 0.0159787 0.000299936
22 0.942153 0.000563621 0.00452922 0.00151146 0.0010709 0.0496364 0.000535645
22 0.994014 8.62654e-05 0.000586364 0.000188445 5.01632e-05 0.00462666 0.000448098
22 0.958436 0.000655155 0.00107898 0.000798513 0.00185736 0.0358993 0.00127468
4 0.0107949 0.00030111 0.963177 0.00499774 0.00706576 0.0117167 0.00194715
13 4.22764e-06 0.996443 0.000143693 0.00180282 0.000325684 0.000135187 0.00114588
22 0.928064 0.00347328 0.00895459 0.00274931 0.00489377 0.049688 0.00217756
13 0.0030684 0.966062 0.00290652 0.0140085 0.00413888 0.00887621 0.000939409
22 0.925125 0.000404681 0.0124661 0.00151133 0.00988982 0.0478019 0.00280157
22 0.940425 0.00190681 0.000847506 0.000981951 0.00529391 0.0496157 0.000929593
0 0.00102098 0.00124046 0.00209577 0.000334089 0.99138 0.00267366 0.00125509
5 0.0352521 0.0103893 0.0076679 0.00363587 0.0319926 0.907996 0.00306605
5 0.045089 0.0022559 0.0123019 0.00657284 0.0151514 0.91628 0.00234863
5 0.0455412 0.000504988 0.00730676 0.00113278 0.0143895 0.929683 0.00144142
5 0.04574 0.000498369 0.00672757 0.00107087 0.0143173 0.93038 0.00126597
5 0.0449483 0.000576521 0.000344153 0.000408351 0.00185793 0.95132 0.000544276
13 0.000458214 0.960647 0.0110182 0.0161424 0.0051679 0.000960454 0.00560554
4 0.000298572 0.000714971 0.977864 0.00738023 0.000851511 0.000868277 0.0120223
11 0.000900411 0.0174913 0.0124309 0.954549 0.00322457 0.00314047 0.00826355
19 0.00258243 0.00577143 0.0052355 0.0378526 0.00468911 0.00203817 0.941831
13 0.00304469 0.968503 0.00264997 0.00804363 0.00733331 0.00662923 0.00379587
11 0.000415308 0.0179872 0.00195679 0.954293 0.00119969 0.000874543 0.0232731
11 0.000267652 0.00734361 0.00296208 0.951782 0.00146983 0.000346745 0.0358285
0 0.00289542 0.00105167 0.0156865 0.0029956 0.957931 0.0175394 0.00190049
11 0.00170707 0.019805 0.0124495 0.937257 0.00330544 0.00366473 0.0218115
13 0.00448906 0.948414 0.0120608 0.0153404 0.00771626 0.00512041 0.00685942
4 0.00308157 0.00621642 0.970831 0.00435188 0.00534689 0.00741345 0.00275843
19 0.000777676 0.000216589 0.00352998 0.0070509 0.00365341 0.0013868 0.983385
19 0.00128987 0.00384427 0.00809712 0.0378687 0.00290136 0.00356891 0.94243
22 0.943594 0.00081527 0.00124814 0.0010058 0.00259747 0.0495307 0.00120887
13 0.00138828 0.976626 0.00188782 0.0147724 0.00127535 0.00171667 0.00233319
19 0.000648788 0.000207558 0.013618 0.0242448 0.00678997 0.000800799 0.95369
5 0.0437904 0.00170617 0.0118495 0.000885181 0.0288052 0.911926 0.00103804
22 0.931153 0.00591554 0.0138048 0.002623 0.0139982 0.0301786 0.00232656
22 0.938248 0.00118864 0.000647957 0.000342555 0.0116433 0.0473178 0.000611367
5 0.0457362 0.000738349 0.00174166 0.00392171 0.00610063 0.939379 0.00238282
0 0.00563255 0.00144483 0.0104323 0.0020632 0.954836 0.0236879 0.00190341
22 0.930501 0.00326036 0.00558423 0.000937104 0.00812617 0.049343 0.00224852
22 0.988271 0.000323507 0.000690944 0.000272273 0.000322064 0.00970168 0.000418956
11 0.00438196 0.017323 0.0108061 0.950361 0.00559637 0.0041529 0.00737862
22 0.919635 0.00989842 0.00839626 0.00251764 0.00898717 0.0483863 0.00217911
11 0.000769769 0.00506458 0.0159728 0.935951 0.00655016 0.00178123 0.0339101
5 0.0023671 0.00323873 0.00108853 0.00343656 0.00154766 0.986992 0.00132942
5 0.022423 0.00405962 0.0129338 0.00628265 0.0315101 0.920159 0.00263181
13 0.000107286 0.96934 0.00444695 0.0151702 0.00402184 0.000275288 0.00663835
19 0.000897348 0.000680423 0.00763441 0.0362496 0.00130554 0.000749064 0.952484
22 0.934542 0.00146535 0.00465017 0.00055737 0.0116235 0.0461269 0.00103465
22 0.977577 0.000895048 0.0075366 0.000353495 0.00638804 0.00626351 0.000986308
5 0.00392273 4.01399e-05 0.000176248 0.000179993 0.000532759 0.9943 0.000848306
11 0.00290769 0.00119051 0.0161192 0.965858 0.00542833 0.00541101 0.0030849
13 0.00102983 0.978244 0.000990602 0.0149037 0.000458416 0.00209336 0.00227967
4 0.00711305 0.00780761 0.961368 0.00903492 0.00322498 0.00791973 0.00353167
22 0.94694 0.000251429 0.000228591 5.15442e-05 0.00292979 0.0493012 0.000297302
13 0.00252907 0.952758 0.0093864 0.0142455 0.0102884 0.00683857 0.0039537
22 0.931957 0.00675625 0.0121265 0.00255404 0.013738 0.0305533 0.0023152
0 0.00420323 0.00554912 0.00417922 0.00327212 0.964237 0.0149915 0.00356757
11 0.00245149 0.0171685 0.00197746 0.95298 0.0041812 0.0018167 0.019425
11 0.00415668 0.0170024 0.0095298 0.9551 0.0033039 0.00675071 0.00415639
22 0.938024 0.00501816 0.00256093 0.00240775 0.00130067 0.049648 0.0010407
11 0.00557507 0.0158025 0.0155229 0.955708 0.00118101 0.00554609 0.000664059
11 0.000804465 0.00431264 0.00157287 0.95325 0.00153579 0.000855084 0.0376693
4 0.00107117 0.00393578 0.970231 0.00913518 0.00193084 0.00604458 0.00765167
13 0.0101725 0.967835 0.0074168 0.00171945 0.00842739 0.00422484 0.000204147
13 0.00915106 0.950882 0.0106489 0.0123701 0.00819697 0.0065822 0.00216909
19 0.0019794 0.00251631 0.00468894 0.0286381 0.0154417 0.00273881 0.943997
11 0.0037311 0.0190944 0.00986002 0.926793 0.00590341 0.00530582 0.0293125
11 0.00205305 0.0192468 0.00612909 0.934309 0.0039955 0.00122068 0.0330458
5 0.0387419 0.00345441 0.00845103 0.00484931 0.0191826 0.922848 0.00247242
0 0.000245837 0.000249471 0.00777461 0.00242176 0.978049 0.00187351 0.00938592
22 0.921905 0.010455 0.00437523 0.00299461 0.00919809 0.0489312 0.00214097
19 0.00260254 0.0128831 0.00563399 0.0271518 0.00729482 0.0022448 0.942189
