labels 22 5 13 4 0 11 19
0 0.0319587 0.287265 0.00553 0.00258093 0.665134 0.00280376 0.00472743
5 0.254041 0.369102 0.151364 0.123662 0.0651626 0.0203453 0.0163219
11 0.0202731 0.115975 0.284404 0.155933 0.0247094 0.370601 0.0281048
11 0.0125825 0.0298178 0.063644 0.218875 0.00698291 0.613755 0.0543429
5 0.0270886 0.549032 0.296705 0.0835207 0.031786 0.00740275 0.00446441
19 0.00199184 0.00168484 0.000115716 0.00378702 0.00527538 0.0036297 0.983516
19 0.0034182 0.00615461 0.000599101 0.00143229 0.000987 0.00187404 0.985535
5 0.0852035 0.870572 0.00858673 0.00484728 0.0249382 0.00366278 0.00218999
22 0.559 0.139184 0.018102 0.0432344 0.211737 0.013018 0.0157246
4 0.0087112 0.0074782 0.000883096 0.912914 0.063274 0.000189333 0.00655034
13 0.284408 0.230387 0.378034 0.0318027 0.0326853 0.0251008 0.0175822
5 0.0276281 0.970138 0.000636584 0.000742126 0.000494265 6.23293e-05 0.000298895
5 0.0258286 0.926564 0.0111313 0.0135739 0.0188424 0.00248592 0.00157342
4 0.0100141 0.0635034 0.0274893 0.481866 0.00205727 0.3894 0.0256704
5 0.364133 0.581272 0.00254497 0.0398625 0.0087946 0.00111293 0.002279
22 0.506047 0.492782 0.000114137 1.76433e-05 0.000721051 5.21099e-05 0.00026595
13 0.0577486 0.20672 0.302874 0.278541 0.124083 0.0174399 0.0125939
4 0.0203347 0.0335 0.0224564 0.758929 0.0174539 0.122011 0.025315
19 0.00158184 0.00391688 0.000379429 0.00900392 0.00144075 0.0105535 0.973124
5 0.0583855 0.824222 0.0153551 0.077599 0.0206377 0.00252242 0.00127827
19 0.00034414 0.000546652 2.89962e-05 0.00125314 0.000321676 0.00421495 0.99329
5 0.307151 0.677399 0.00188975 0.000567539 0.0106985 0.00124589 0.00104823
22 0.812889 0.18249 0.000349919 0.00227291 0.000966884 0.000358056 0.000672785
13 0.0209887 0.228453 0.399536 0.301005 0.0338498 0.014549 0.00161906
5 0.290731 0.363622 0.0324709 0.0417936 0.224957 0.0243037 0.0221211
5 0.0426082 0.934665 0.000384862 0.00153909 0.0204987 0.000100735 0.000202969
11 0.00157596 0.00941043 0.0219506 0.0735775 0.00256639 0.831087 0.0598321
4 0.00484335 0.050661 0.028585 0.771271 0.00961168 0.0956965 0.0393314
5 0.0143755 0.321174 0.241639 0.306111 0.0415469 0.0639715 0.011182
5 0.0198116 0.978854 0.000436451 2.42012e-05 0.00041473 0.000134298 0.00032451
5 0.310519 0.449369 0.0267731 0.0767605 0.117216 0.00951205 0.0098509
19 0.00499482 0.00369156 0.000546272 0.00652543 0.0010324 0.00246712 0.980742
19 0.00109711 0.00104817 8.07558e-05 0.0019763 0.000163842 0.00055532 0.995079
22 0.764917 0.23227 0.00018801 0.00122968 0.000593017 0.000206485 0.000595946
22 0.929692 0.0646466 2.21062e-05 8.28681e-05 0.00529322 6.01406e-05 0.000203467
0 0.0321152 0.304022 0.000643985 0.00864568 0.652751 0.000299185 0.00152299
19 0.0018507 0.002099 0.000297153 0.026514 0.000293941 0.00110954 0.967836
5 0.329475 0.63176 0.000176589 0.000176396 0.0380491 0.000116405 0.000246105
5 0.000886783 0.997596 0.000391511 9.1761e-05 0.000502707 0.000263875 0.000266867
5 0.277535 0.383497 0.00523271 0.0175699 0.306963 0.00085351 0.00834975
5 0.079189 0.6547 0.0750033 0.0282311 0.150803 0.00841467 0.003659
4 0.0156496 0.0927476 0.174186 0.641951 0.0109192 0.0486491 0.0158977
19 0.0078231 0.0108874 0.00280995 0.0809804 0.0061011 0.0087296 0.882668
5 0.100781 0.716338 0.130718 0.00948376 0.0244244 0.014356 0.00389819
11 0.010349 0.0861099 0.0398481 0.0516065 0.00902421 0.76191 0.0411528
5 0.0701367 0.72247 0.0129977 0.147622 0.0321189 0.0103545 0.00430072
22 0.705903 0.289046 0.000441279 0.00119876 0.00175548 0.000709405 0.000946371
13 0.0117912 0.130519 0.812921 0.00962629 0.0201701 0.0117105 0.00326156
13 0.0242288 0.0606691 0.813471 0.0533804 0.00924147 0.0200444 0.0189651
13 0.0158783 0.409924 0.473983 0.035117 0.00691723 0.0519085 0.0062721
4 0.00520043 0.0285021 0.198804 0.551366 0.0173798 0.183273 0.0154738
19 0.000826604 0.000814385 3.18014e-05 0.00278312 0.000515689 0.000972987 0.994055
22 0.738553 0.232561 0.000677042 0.000517744 0.0267773 0.000297355 0.000616569
22 0.710313 0.276579 0.000553338 0.00320311 0.00747598 0.000510527 0.00136477
5 0.00284381 0.975067 0.00988167 0.00181543 0.0023393 0.00604884 0.00200437
22 0.826394 0.14494 0.000345941 0.0050263 0.0222589 0.000344546 0.000690429
22 0.992434 0.00349447 9.82672e-05 0.00239004 0.000713413 0.000221058 0.0006485
4 0.09362 0.124309 0.308015 0.335735 0.0136343 0.11826 0.00642736
