labels 22 5 13 4 0 11 19
22 0.922908 0.0629098 0.005634 0.00122865 0.00412342 0.00146701 0.00172875
22 0.951249 0.0439171 0.000519441 0.000501534 0.00277267 0.000545945 0.00049435
5 0.0495705 0.922199 0.00144489 0.0060563 0.0197086 0.00068393 0.000336445
13 0.00377357 0.00554278 0.975643 0.00440456 0.00619838 0.00385695 0.000580427
4 0.00306993 0.00979947 0.00606816 0.967168 0.00590634 0.00562001 0.00236859
13 0.00104009 0.0012662 0.982277 0.000650182 0.0041365 0.00791194 0.00271764
0 0.0045061 0.0305543 0.00557752 0.00472265 0.948361 0.00294962 0.0033284
11 0.00551499 0.00692867 0.00844638 0.0083824 0.00404716 0.960883 0.00579777
4 0.00339589 0.00939692 0.0029746 0.969515 0.0109398 0.00263898 0.00113871
0 0.00902845 0.0302962 0.000849086 0.000883536 0.957259 0.000610513 0.00107341
13 0.00924448 0.0109493 0.968725 0.00498526 0.00442171 0.000920246 0.000754296
0 0.00564085 0.00664476 0.00444609 0.00443127 0.970283 0.00575205 0.00280244
13 0.000549311 0.00417976 0.98193 0.000728808 0.00219595 0.00783593 0.00258073
0 0.00897445 0.0227671 0.00466697 0.00351613 0.953968 0.00569118 0.000416217
5 0.0137531 0.984031 0.000451843 0.000190299 0.00110813 0.000141504 0.000324335
4 0.001806 0.00254289 0.00242857 0.965866 0.0112689 0.00366581 0.0124217
11 0.000289117 0.000423705 0.00273642 0.00141487 0.000211957 0.981825 0.0130992
19 0.00181876 0.00362115 0.0039694 0.000668266 0.00378067 0.0514669 0.934675
0 0.000361081 0.000912582 0.00364711 0.00100871 0.979619 0.00668821 0.00776373
4 0.0014285 0.00346885 0.000883583 0.979132 0.000532942 0.00826426 0.00628972
4 0.00397304 0.0122855 0.00317146 0.960832 0.0111023 0.00257565 0.00606012
4 0.00301035 0.00899336 0.00250686 0.964099 0.0105199 0.00876641 0.00210438
11 0.00391374 0.00351782 0.00827734 0.0140815 0.00464909 0.944167 0.021393
0 0.000193279 0.000937094 0.00124132 0.00418553 0.979425 0.00373664 0.0102812
11 0.000546307 0.000701358 0.00780967 0.00151232 0.00348144 0.930003 0.0559463
11 0.00266996 0.00538583 0.00704152 0.00552042 0.00429047 0.968271 0.0068205
13 0.00335636 0.000641683 0.980766 0.00248804 0.0033429 0.00804924 0.00135591
4 0.00578133 0.0142688 0.00120581 0.966938 0.00171377 0.0090677 0.00102497
0 0.011013 0.0315846 3.85097e-05 0.00362261 0.952855 0.000284508 0.000602272
4 0.00103445 0.013329 0.00044301 0.972831 0.00192064 0.00800078 0.0024407
0 0.00138098 0.0108172 0.00437333 0.00539246 0.968416 0.00472708 0.00489333
0 0.015105 0.0264495 0.00415461 0.00422486 0.947349 0.0017438 0.000973738
0 0.000936037 0.00452409 0.0013188 0.00452809 0.982104 0.00455542 0.00203309
22 0.919625 0.0627917 0.00485962 0.00116645 0.00978685 0.00117446 0.00059566
13 0.000312815 0.00026885 0.995906 0.000284388 0.000882785 0.00155059 0.000795034
5 0.0182963 0.935917 0.00470879 0.00261805 0.0353361 0.00185698 0.00126694
22 0.934054 0.0559101 0.00164177 0.000641499 0.00547939 0.00125991 0.00101337
11 0.00200556 0.00211498 0.00325116 0.00759249 0.000683728 0.976411 0.00794151
13 0.000290136 0.000309051 0.993291 0.000453795 0.00088453 0.00144764 0.0033237
22 0.9605 0.0377529 0.000264114 6.21716e-05 0.00108642 0.000138393 0.000195725
11 0.00301897 0.00257732 0.0140599 0.00541127 0.00303548 0.923262 0.0486351
11 0.00252608 0.0024851 0.0117399 0.0102652 0.00501026 0.925815 0.0421586
5 0.0430311 0.894016 0.0067487 0.0218709 0.0239316 0.00789517 0.00250708
19 0.00195384 0.0038389 0.00087495 0.0148995 0.00834627 0.0315571 0.938529
0 0.0133554 0.0299036 0.00103074 0.00625993 0.948547 0.00065414 0.00024869
13 0.00515258 0.0120825 0.968899 0.00510396 0.00350756 0.00436789 0.000886966
11 0.000333278 0.000675803 0.00755678 0.00429923 0.000891375 0.97529 0.0109532
22 0.932295 0.0632681 0.000586998 0.000359913 0.0025746 0.000484112 0.000431084
19 0.00163853 0.00323141 0.000297022 0.00428047 0.00616418 0.00855948 0.975829
22 0.932494 0.0633206 0.000284592 0.000124975 0.00274725 0.000342616 0.000686273
0 0.0133734 0.0307766 0.00032697 0.00396796 0.948747 0.00126136 0.00154665
19 0.00257679 0.00382012 0.000412721 0.0144868 0.00426034 0.0286955 0.945748
4 0.00643089 0.00165572 0.000958928 0.97109 0.0105851 0.00153066 0.00774887
4 0.00172604 0.00575414 0.00247441 0.968968 0.0063935 0.00848426 0.00619923
13 0.00333391 0.00409314 0.965126 0.00651785 0.00652976 0.00882318 0.00557663
22 0.929015 0.0319205 0.00530842 0.00474265 0.0238204 0.00241355 0.00277954
5 0.0503945 0.929984 0.000287177 0.000366354 0.0180022 0.000220795 0.000744747
22 0.908501 0.0623353 0.00472692 0.00378859 0.0175451 0.0022673 0.000835934
19 0.00078812 0.000827827 0.000249322 0.00191622 0.00139297 0.00675872 0.988067
19 0.000326456 0.000407247 0.000365563 0.00547037 0.00112214 0.0505148 0.941793
19 0.00288207 0.00553777 0.00089635 0.00651313 0.00561068 0.00815137 0.970409
22 0.922813 0.0573611 0.00153552 0.000362766 0.0169449 0.000423875 0.000558936
22 0.90625 0.05263 0.00345171 0.0216047 0.00929991 0.00365652 0.00310679
19 0.00262478 0.00390485 0.00071712 0.00998255 0.00419994 0.0121474 0.966423
4 0.00719432 0.0157339 0.000248311 0.967277 0.00292287 0.00516986 0.00145395
11 0.000966485 0.0020475 0.00610549 0.0038496 0.00413672 0.978554 0.00434069
5 0.050274 0.915808 0.00593738 0.0055372 0.0173288 0.00275367 0.00236069
13 0.00215153 0.00227978 0.973584 0.0073452 0.00276869 0.0086994 0.00317145
11 0.00199391 0.00317188 0.0070992 0.0115436 0.00114858 0.94034 0.0347024
11 0.00160603 0.00101561 0.0046162 0.0106682 0.00406707 0.968182 0.00984476
19 0.0032924 0.00511075 0.00474896 0.00680049 0.00659324 0.0510359 0.922418
5 0.0455106 0.91806 0.00749953 0.00192532 0.0249172 0.00154988 0.000537783
19 0.000512413 0.00103113 0.000167474 0.000179388 0.000600845 0.00723025 0.990279
19 0.000763795 0.00228029 0.000237529 0.000373548 0.000517714 0.00623972 0.989587
11 0.00210083 0.000590092 0.00993089 0.00408022 0.00339571 0.923604 0.0562985
13 0.00240764 0.00122187 0.974133 0.00815293 0.00168293 0.0087196 0.00368189
0 0.0134426 0.0174717 0.000453952 0.00321306 0.964561 0.000331388 0.000525986
5 0.0162203 0.925087 0.00383144 0.0227838 0.0234507 0.00245706 0.0061695
4 0.00303801 0.00381979 0.00246455 0.963757 0.0106853 0.00682436 0.00941096
13 0.0068289 0.0041407 0.968425 0.00821514 0.00182135 0.009451 0.00111797
5 0.0467345 0.918456 0.0165946 0.00143434 0.0122083 0.00348761 0.00108502
19 0.00202198 0.00314573 0.000512636 0.00666665 0.0094455 0.00205648 0.976151
13 0.00282619 0.00281845 0.98538 0.00103392 0.00522253 0.00133098 0.00138799
13 0.011728 0.00914517 0.970284 0.00263955 0.00257346 0.0024124 0.00121752
13 0.000256907 0.00033113 0.987264 0.00013364 0.000902266 0.00443575 0.00667681
4 0.00326894 0.00443375 0.00297124 0.969029 0.00318355 0.00883359 0.0082803
13 0.00145799 0.00158191 0.978498 0.000883816 0.00471964 0.00803988 0.00481894
22 0.902673 0.0520339 0.00428598 0.00857809 0.026702 0.00388009 0.00184737
22 0.932012 0.0633382 0.000260853 0.000341758 0.00183309 0.000783966 0.00143056
13 0.00375392 0.00375762 0.97265 0.00529045 0.00469447 0.00877042 0.00108262
11 0.00270192 0.00480793 0.0127403 0.00391519 0.00848894 0.934168 0.0331781
22 0.961251 0.0209665 0.00144329 0.00595494 0.00838614 0.000693881 0.00130391
22 0.950953 0.0357693 0.000250678 0.000587829 0.0105198 0.000717318 0.00120209
0 0.0134144 0.017666 0.000154263 0.00143664 0.96642 0.000391317 0.00051727
19 0.00272866 0.00210833 0.000680726 0.00571216 0.00405583 0.00417612 0.980538
13 0.00536409 0.00384464 0.982097 0.00240621 0.00181794 0.00325459 0.00121511
19 0.00233094 0.00468424 0.00313272 0.00559816 0.00697161 0.0513961 0.925886
22 0.990953 0.00724926 0.000125927 0.000596682 0.000488654 0.000248034 0.000338019
13 8.79035e-05 0.000257419 0.979322 0.00197211 0.00104949 0.00854312 0.00876769
5 0.0342747 0.961748 0.00206462 0.000525076 0.000899994 0.000185828 0.00030135
19 0.00247555 0.00310047 0.00396842 0.00117056 0.00392665 0.0514115 0.933947
22 0.928938 0.063277 6.09902e-05 0.000114643 0.0068919 0.000120722 0.000597158
0 0.0153857 0.0203449 0.000385424 0.00131242 0.962145 0.000290558 0.00013628
5 0.0501789 0.92726 0.00419344 0.000553262 0.0144147 0.0025538 0.000846112
0 0.00976105 0.0179218 0.00753379 0.00704092 0.948217 0.00589917 0.00362675
19 0.000407933 0.000298271 2.74553e-05 0.00411916 0.00211418 0.00576621 0.987267
5 0.0261637 0.917198 0.00685582 0.0098545 0.0358089 0.00258091 0.00153838
13 0.000562939 0.000633063 0.985629 0.000859258 0.00314539 0.00721855 0.00195149
4 0.000963799 0.00281322 0.00209922 0.969417 0.00484338 0.00678387 0.0130793
13 0.000856561 0.000674382 0.980183 0.00220422 0.0042372 0.00815823 0.00368663
22 0.915529 0.0625399 0.00124735 0.000818733 0.0173605 0.0019289 0.000575416
22 0.972943 0.0234139 0.00100564 2.99099e-05 0.002204 0.000143443 0.000259928
22 0.913576 0.0629353 0.00125151 0.00542354 0.0115106 0.00310022 0.00220286
22 0.920461 0.0275239 0.00582383 0.0154961 0.0232802 0.00372 0.00369524
5 0.0496349 0.947952 0.000116307 0.000387476 0.00123981 0.000182152 0.000487021
22 0.917932 0.0409338 0.00450542 0.00637887 0.0261753 0.00271637 0.00135833
22 0.913174 0.0404474 0.003244 0.011208 0.0266891 0.00258044 0.00265669
5 0.0496936 0.922798 0.00588139 0.00554658 0.00860639 0.00549049 0.00198327
0 0.00434537 0.0301119 0.00590508 0.00080904 0.952419 0.00524865 0.00116068
11 0.00233441 0.00501535 0.00616145 0.00126894 0.00419851 0.97944 0.00158175
11 0.00333774 0.00503326 0.00282291 0.0108475 0.00124655 0.965352 0.0113599
22 0.914682 0.0629244 0.00363389 0.00555596 0.00948131 0.00205321 0.00166969
22 0.919465 0.0615911 0.00254958 0.00639371 0.00669637 0.0021426 0.00116174
22 0.931773 0.0633364 0.000313805 7.23129e-05 0.00367377 0.000189762 0.000641312
13 0.00380322 0.0072525 0.973926 0.00593716 0.00642172 0.00217962 0.000480214
11 0.00445293 0.00642609 0.00522143 0.0124861 0.00459221 0.950925 0.0158959
0 0.000443035 0.000693294 0.000761251 0.00834861 0.980964 0.00136738 0.00742233
0 0.014293 0.0292515 0.00268098 0.000383428 0.953067 0.000216211 0.000107641
13 0.00127521 0.00258564 0.976361 0.00486955 0.00355063 0.00809954 0.00325874
5 0.0259846 0.921425 0.004034 0.00715607 0.035459 0.00287382 0.00306727
19 0.000320535 0.000357863 9.39187e-05 0.00654807 0.0026583 0.0314722 0.958549
11 0.000310539 0.000437627 0.0059581 0.00059253 0.00219429 0.987412 0.00309447
22 0.95456 0.0226426 0.000594047 0.000382634 0.0211848 0.000215169 0.00042088
19 0.00178083 0.00255176 0.00205191 0.0126272 0.00747134 0.0186465 0.95487
11 0.00250916 0.00390402 0.00290466 0.00986777 0.00178549 0.97144 0.00758935
5 0.0499373 0.924533 0.00526376 0.00177265 0.0130878 0.00310079 0.00230444
0 0.00915035 0.0263648 0.0052881 0.00380316 0.952856 0.00189804 0.000639313
19 0.00152232 0.00379825 0.000587407 0.00696125 0.00294341 0.0135906 0.970597
0 0.0128163 0.0139116 0.000119379 0.000415462 0.972439 0.000167336 0.000131169
5 0.0397512 0.910591 0.010863 0.0170568 0.017701 0.00331491 0.000722029
5 0.0502056 0.904359 0.00530458 0.00633128 0.0280154 0.00306091 0.00272371
22 0.965744 0.0163278 9.07059e-05 0.000635118 0.0162036 0.000275808 0.000723093
19 0.000480913 0.000746118 0.00010882 0.00228415 0.000649047 0.00751904 0.988212
0 0.0110959 0.0303713 0.005192 0.00103045 0.94692 0.00461905 0.000770852
22 0.922925 0.06271 0.000121307 0.000890588 0.0104651 0.00109419 0.00179367
22 0.915166 0.0628355 0.00480266 0.00137543 0.0148635 0.000440921 0.000516137
22 0.911685 0.0602023 0.000550973 0.000878249 0.0222657 0.00233374 0.00208449
13 0.00100471 0.00105519 0.984633 0.00188874 0.00117288 0.00773484 0.00251074
4 0.00788456 0.00849034 0.00244147 0.954424 0.00727261 0.00645062 0.0130369
19 0.000637774 0.00125556 0.00234653 0.00875124 0.00324919 0.0496424 0.934117
4 0.00918291 0.0111072 0.000345319 0.962985 0.00443404 0.00835403 0.00359144
19 0.00286187 0.00578321 0.00195124 0.0105334 0.00164745 0.0135126 0.96371
22 0.927421 0.0517613 0.00454987 0.000839015 0.0130261 0.00148069 0.000922098
5 0.0277183 0.906656 0.00393544 0.019716 0.0346362 0.00444733 0.00289054
22 0.925839 0.0631404 0.000582583 0.000687594 0.00871149 0.000407977 0.000630452
5 0.0506433 0.92947 0.00222504 0.000569869 0.0149003 0.00137173 0.000819439
4 0.00383931 0.00669673 0.00247336 0.971691 0.0108121 0.00258922 0.00189844
4 0.00514175 0.00190267 0.00304522 0.973831 0.00197165 0.00842482 0.00568299
22 0.910474 0.0626677 0.00942154 0.00497288 0.00765702 0.00270021 0.00210651
5 0.050566 0.910067 0.0108172 0.00517908 0.0175792 0.00361228 0.0021789
19 0.00101358 0.00127474 0.00279778 0.00453111 0.00280981 0.0512919 0.936281
22 0.937985 0.0578811 0.000464031 0.00029286 0.00233792 0.000450878 0.00058845
22 0.93219 0.0632218 0.000456403 0.00159149 0.00113025 0.000652918 0.000757266
5 0.0298239 0.905652 0.0142345 0.00612331 0.0378078 0.00349646 0.00286163
5 0.0501999 0.923263 0.000259239 0.00694375 0.0177277 0.00048979 0.00111629
22 0.91337 0.0628701 0.00152153 0.00522019 0.0139724 0.00188192 0.00116392
5 0.0060953 0.960805 0.000237229 0.00744576 0.0201192 0.00223161 0.00306627
11 0.000574956 0.000794399 0.00685296 0.00530008 0.00131581 0.927477 0.0576844
11 0.000901843 0.000728691 0.00394067 0.0129892 0.00235265 0.948692 0.0303952
11 0.000927764 0.0013987 0.00681601 0.0018441 0.0013828 0.975686 0.0119443
22 0.991076 0.00167278 0.00140722 0.00182631 0.00236786 0.00071949 0.000930354
11 0.00038023 0.000292176 0.00477583 0.00255929 0.00370681 0.930165 0.0581211
4 0.00863297 0.00822012 0.00372533 0.962798 0.00934559 0.00614698 0.00113148
13 0.00343982 0.00473994 0.970907 0.00930385 0.00501338 0.0048794 0.00171649
13 0.00308858 0.0114101 0.963946 0.00762636 0.00576229 0.00788031 0.00028634
11 0.000515561 0.000734656 0.00255914 0.00104475 0.000454114 0.945137 0.0495547
5 0.0334192 0.905409 0.00654165 0.00692799 0.037967 0.00772212 0.00201291
5 0.0421422 0.897332 0.00716059 0.00909719 0.0368473 0.00468581 0.00273487
0 0.00405162 0.0304938 0.00110139 0.000859381 0.962725 0.00056584 0.000202637
11 0.00172837 0.00128885 0.00828866 0.00134158 0.00288834 0.927203 0.0572615
4 0.00164566 0.00262313 0.00252315 0.978133 0.00375732 0.00791113 0.00340624
22 0.98291 0.0145561 0.000412698 0.000100224 0.00123028 0.000549959 0.00024083
22 0.986972 0.00950499 0.00126053 0.000191998 0.00137272 0.000318456 0.000379162
0 0.00402446 0.0126035 0.00480381 0.00613916 0.961375 0.00678433 0.00426966
5 0.0498184 0.919586 0.00703488 0.00457938 0.0151198 0.00256096 0.00130064
11 0.00291107 0.00129295 0.005807 0.000708332 0.00416477 0.981149 0.00396695
22 0.932688 0.0328959 0.00513759 0.0017502 0.0230881 0.00283056 0.00160953
22 0.904833 0.0455464 0.0178078 0.0100329 0.0174429 0.00322834 0.00110878
19 0.00209292 0.00486703 0.00118937 0.0137041 0.00424039 0.0242641 0.949642
11 0.00138635 0.00165593 0.0147618 0.00269458 0.00099942 0.932848 0.0456542
5 0.0226278 0.971179 0.000498768 0.000676783 0.00299791 0.000564716 0.00145459
22 0.90922 0.0619006 0.00110831 0.00509221 0.0198296 0.00206009 0.000789764
4 0.0126819 0.0129558 0.00164595 0.966099 0.00394836 0.00170831 0.000960702
19 0.00260966 0.0046855 0.00440585 0.0155321 0.0132208 0.0404517 0.919094
0 0.0134114 0.0159201 0.000209396 0.00349353 0.966312 0.000290757 0.000363103
11 0.000175087 0.000139816 0.00600924 0.0010718 0.000340896 0.988789 0.00347427
5 0.0498997 0.922178 0.00127566 0.00215785 0.0225267 0.00114822 0.000813658
13 8.48934e-05 0.000168852 0.984153 0.000100695 0.000783727 0.00769321 0.00701609
22 0.920381 0.0328212 0.0168411 0.00112553 0.0236319 0.00348514 0.00171382
19 0.00250437 0.00416139 0.00246891 0.0151342 0.00552351 0.0325827 0.937625
19 0.00246821 0.00397657 0.00713338 0.0122614 0.0122518 0.0468611 0.915048
0 0.0158776 0.0218753 0.00030983 0.000513525 0.961114 0.000222248 8.7669e-05
13 0.000158098 0.000686212 0.976019 0.00213444 0.00430823 0.00858259 0.00811124
19 0.00258847 0.00361729 0.00308982 0.016219 0.00472945 0.0364001 0.933356
13 0.000896047 0.000659834 0.972169 0.00395334 0.00464252 0.00903199 0.00864712
19 0.00259933 0.00413527 0.00342508 0.0159721 0.00524426 0.0350555 0.933568
11 0.00468616 0.00663352 0.00948624 0.00857524 0.00445912 0.949746 0.0164134
0 0.00626423 0.020673 0.00346237 0.0116482 0.951362 0.00307704 0.00351312
22 0.915673 0.0628454 0.00179489 0.00157847 0.01598 0.000739973 0.00138846
0 0.0138059 0.0118097 0.000169066 0.00474772 0.968794 0.000452724 0.000221393
4 0.000369992 0.000547428 0.000123158 0.985753 0.00173893 0.00101046 0.0104565
19 0.0023778 0.00456842 0.0114938 0.00377203 0.0112667 0.0489189 0.917602
22 0.92435 0.0632825 6.21266e-05 0.000273286 0.0111473 0.000188 0.00069687
19 0.00033473 0.000453468 9.75593e-05 0.00289993 0.001132 0.00440914 0.990673
22 0.963121 0.0192128 0.000383988 0.00246728 0.0139018 0.000316084 0.000596801
19 0.00234419 0.00279418 0.00880363 0.00437558 0.00312093 0.0508808 0.927681
22 0.90961 0.0573916 0.00363256 0.00306138 0.0246341 0.000879611 0.000790803
11 0.000806336 0.00123375 0.00415465 0.0166516 0.00151047 0.928483 0.0471603
11 0.00404599 0.00297843 0.00606271 0.00394934 0.00462358 0.977364 0.000976351
13 0.00314618 0.00143923 0.974421 0.00474314 0.00380851 0.00838159 0.00406012
0 0.000995839 0.00641626 0.00224011 0.00860738 0.973075 0.00466009 0.00400497
19 0.00070787 0.000787554 0.000636176 0.00925419 0.0020925 0.0313334 0.955188
0 0.0162387 0.0260234 0.00231844 0.00189804 0.949904 0.00321337 0.000404531
0 0.00346276 0.0206805 0.00544987 0.0120095 0.946893 0.00424097 0.0072632
22 0.96048 0.034544 0.000221001 0.000439216 0.00328316 0.000332508 0.000700268
22 0.912789 0.0482819 0.00414949 0.0136586 0.0158702 0.00283367 0.00241682
11 0.00377404 0.00464015 0.00507967 0.0120355 0.0159591 0.937625 0.0208866
22 0.947677 0.0462176 0.000141411 0.00100357 0.00417105 0.000158209 0.000631154
22 0.91846 0.0628672 0.00417709 0.00466067 0.00417743 0.00353229 0.00212573
11 0.00171292 0.00175421 0.004209 0.00295817 0.00402371 0.927222 0.0581204
22 0.89724 0.0581519 0.0107845 0.00771918 0.0161854 0.00787006 0.00204933
4 0.0026296 0.00427854 0.00320028 0.960542 0.0069842 0.00757127 0.0147945
13 0.00356483 0.00432171 0.967961 0.00410298 0.00459116 0.00579433 0.00966393
11 0.000697051 0.00154347 0.00451482 0.00438652 0.00140761 0.968359 0.0190914
11 0.00182929 0.00252591 0.00345251 0.00230225 0.00392507 0.927852 0.0581134
11 0.000342526 0.000362347 0.0033575 0.000522466 0.00332668 0.933825 0.0582636
0 0.0102304 0.0308061 0.00463914 0.0043681 0.939961 0.00797588 0.00201924
0 0.00717383 0.03028 0.0060467 0.00444189 0.94892 0.0015201 0.00161725
5 0.0511549 0.919925 0.000261046 0.00644575 0.0198774 0.0006417 0.00169463
22 0.992646 0.00203881 0.00210684 0.0017781 0.000514606 0.000205596 0.000710227
13 0.00206521 0.00298675 0.968043 0.00575478 0.00500414 0.00901575 0.00713031
11 0.00332574 0.00689229 0.0075534 0.0133895 0.00480653 0.940565 0.0234679
0 0.0152716 0.0193787 0.000981294 0.00412533 0.95633 0.00307544 0.000837979
13 0.00343974 0.00284677 0.981949 0.00199226 0.000939952 0.00771271 0.00111922
19 0.00247211 0.00463801 0.0036857 0.00432546 0.00547341 0.0513183 0.928087
13 0.00295225 0.0104844 0.964675 0.00803354 0.00372781 0.00921935 0.000907205
5 0.0496594 0.946554 0.00139353 6.23587e-05 0.00180477 0.000130059 0.000395582
22 0.915532 0.0629553 0.00141894 0.00623886 0.0112646 0.0016683 0.0009224
5 0.0504053 0.927615 0.00201468 0.00457509 0.0126306 0.00161667 0.00114274
22 0.928066 0.0630444 0.00174266 0.00154864 0.00371894 0.00111643 0.000763364
0 0.00202134 0.0178125 0.00254968 0.00115588 0.969268 0.00649046 0.000701774
13 0.00851675 0.00141073 0.987145 0.00053808 0.000530007 0.00161493 0.000244451
5 0.0496787 0.947981 0.000473624 0.0002161 0.00127407 0.000133024 0.000243696
11 0.000525027 0.0017766 0.0148689 0.00261887 0.00515023 0.929074 0.0459868
0 0.00996425 0.0316701 0.00366083 0.00337723 0.946023 0.00301932 0.00228499
4 0.00553439 0.00788871 0.00370794 0.960065 0.00864519 0.0100676 0.00409128
4 0.00678929 0.0136526 0.00168323 0.962062 0.00408109 0.00983662 0.00189534
0 0.0142228 0.0236443 0.00525999 0.00406661 0.949443 0.0024278 0.000935189
13 0.00185949 0.00681172 0.968153 0.00508381 0.00703191 0.00777098 0.00328896
11 0.0024321 0.00570035 0.0120585 0.00977407 0.0123488 0.934235 0.0234513
11 0.000567981 0.000801374 0.00327865 0.00941861 0.00861132 0.943796 0.0335261
0 0.00797617 0.0306298 0.000883039 0.00637443 0.949732 0.00236345 0.00204066
19 0.00242237 0.00334779 0.0031659 0.00964226 0.00347575 0.051009 0.926937
13 0.000748101 0.000382237 0.98568 0.00164495 0.00401774 0.00189078 0.00563631
19 0.00323313 0.00458475 0.00172784 0.00744187 0.00770333 0.00932794 0.965981
22 0.97182 0.00948199 0.00847027 0.00113582 0.00280643 0.00410599 0.00217958
0 0.00600083 0.0316329 0.00264817 0.00230266 0.954016 0.000993495 0.00240632
22 0.91969 0.0629129 0.00155935 0.00309155 0.0103115 0.00123564 0.00119887
13 0.000342777 0.000659369 0.980722 0.00159254 0.00378267 0.00815251 0.00474846
0 0.0135858 0.0208589 0.00552418 0.00034191 0.956136 0.00113439 0.0024183
22 0.949634 0.0221579 0.000984634 0.00340326 0.0222893 0.000606954 0.000923441
11 0.000662716 0.00184785 0.00192431 0.00133392 0.00103832 0.990235 0.00295753
19 0.00138315 0.00121131 0.00104447 0.00697119 0.000469437 0.0501473 0.938773
22 0.903171 0.0620779 0.00587021 0.00856912 0.0151725 0.00279235 0.0023468
19 0.000766591 0.000461678 2.68483e-05 0.000759724 0.000555325 0.00191259 0.995517
19 0.00238496 0.00266133 0.00028883 0.0109852 0.00567189 0.0210063 0.957002
22 0.921664 0.0447267 0.000312237 0.00442582 0.0268492 0.000612877 0.0014087
22 0.942967 0.0533716 0.000256795 0.000111917 0.00238611 9.89327e-05 0.00080792
5 0.0494396 0.939104 0.00016699 0.000675291 0.00992703 0.00010716 0.000580073
4 0.00604151 0.00646769 0.00547475 0.967834 0.00458803 0.00829477 0.00129969
5 0.0493496 0.935716 0.00294898 0.000462055 0.00950786 0.00135549 0.000660048
4 0.0127553 0.0113478 0.000126582 0.97024 0.00434396 0.000232313 0.000954287
11 0.00191978 0.00231234 0.00347878 0.0111359 0.00279888 0.921617 0.0567377
19 0.00248541 0.00333589 0.000546651 0.00430294 0.00249794 0.00393771 0.982893
22 0.952474 0.0279878 0.00331854 0.00936157 0.00354231 0.00253792 0.000777451
4 0.000880734 0.000826405 0.00304451 0.972728 0.00465758 0.00881032 0.00905254
0 0.000314353 0.00120694 0.00182003 0.00431092 0.977154 0.00473993 0.0104542
5 0.0499282 0.919316 0.0071439 0.00505684 0.0164851 0.00105822 0.00101132
4 0.00237638 0.00420518 0.00297269 0.964684 0.0114693 0.0041037 0.0101884
13 0.00552422 0.00976263 0.966578 0.00243275 0.00433305 0.00737247 0.00399694
22 0.932959 0.0632936 0.000306821 0.00102989 0.00131969 0.000250986 0.000839876
13 0.00449668 0.00781526 0.971807 0.00217525 0.00263302 0.00894263 0.00212976
11 0.000210992 0.000642979 0.00825867 0.00235682 0.00414849 0.927183 0.057199
22 0.920024 0.061788 0.00103154 0.00105226 0.0152108 0.000447764 0.000445311
11 0.00454448 0.0058271 0.00861494 0.00763158 0.00912947 0.958178 0.00607436
4 0.00814309 0.00534736 0.00294573 0.961862 0.0114844 0.0024814 0.00773586
22 0.926707 0.0602547 9.08679e-05 0.000502661 0.0105511 0.00047118 0.00142288
19 0.00283787 0.00174986 0.000855376 0.0107246 0.00388016 0.0162603 0.963692
19 0.00248699 0.00619022 0.00394748 0.00198382 0.00591661 0.0177861 0.961689
22 0.957693 0.0256843 0.000353426 0.000850873 0.012738 0.000388419 0.00229183
4 0.000433537 0.00205211 0.000401112 0.974594 0.00403498 0.00786857 0.0106159
22 0.978702 0.017381 0.000709258 9.23381e-05 0.00216734 0.000698135 0.000250369
13 0.00138592 0.00395015 0.981637 0.000402968 0.00249346 0.00783831 0.00229218
22 0.928484 0.0630584 0.000215957 0.00115344 0.0062831 0.000199623 0.000605902
0 0.000607571 0.00286846 0.000236208 0.000308672 0.995651 0.000206343 0.000121915
5 0.0140723 0.931557 0.0115422 0.00670262 0.0335388 0.00182052 0.00076675
4 0.00419638 0.00328243 0.00321228 0.962665 0.00907002 0.0083963 0.00917733
22 0.905397 0.0614769 0.0144211 0.00215709 0.0126668 0.00247863 0.00140276
5 0.0495803 0.945687 0.000282706 0.000220717 0.00258363 0.000589633 0.00105577
0 0.00441145 0.0057706 0.00353307 0.00709861 0.971351 0.00402927 0.00380624
22 0.913603 0.0629911 0.000662264 0.00423874 0.0138266 0.0026528 0.00202596
0 0.00983111 0.0309639 0.000151771 0.00193655 0.956224 0.000194437 0.000698255
22 0.898745 0.0523945 0.020937 0.00324953 0.0162737 0.00633968 0.00206094
11 0.0023001 0.00736375 0.0050887 0.0146009 0.0058581 0.935961 0.0288277
4 0.012313 0.0141038 0.00126308 0.962229 0.00564534 0.00359745 0.000847999
5 0.0405117 0.909208 0.0051049 0.00408906 0.037436 0.000897568 0.00275322
22 0.961074 0.0156349 0.00265909 0.00595092 0.0124967 0.000959175 0.00122486
22 0.922359 0.0630441 0.000529638 0.000667627 0.0102673 0.00165787 0.0014741
22 0.91466 0.0429695 0.00693238 0.00342431 0.0267933 0.00315997 0.00206014
22 0.926058 0.0630726 0.00299191 0.00153183 0.00228394 0.00269499 0.00136704
19 0.00256351 0.00253308 0.00052489 0.0103138 0.00203128 0.00822747 0.973806
13 0.00904242 0.00292808 0.975267 0.00328316 0.00256703 0.00539494 0.00151779
13 0.000429906 0.000550234 0.970955 0.00562338 0.00596426 0.00872421 0.00775291
13 0.00394297 0.00429558 0.965676 0.0104068 0.0027896 0.00917705 0.00371248
22 0.972894 0.0208191 0.00101214 6.26182e-05 0.00397368 0.00053474 0.000703812
5 0.0497166 0.932916 0.000149101 0.00220883 0.0127036 0.000447827 0.00185791
4 0.0123176 0.00970233 0.00154194 0.970162 0.00338988 0.00217762 0.000708544
22 0.921979 0.0624802 6.91558e-05 0.00136614 0.0135689 6.93575e-05 0.000467456
5 0.0372917 0.918022 0.00344454 0.000745923 0.0379197 0.00173318 0.000842694
5 0.0508803 0.922497 0.000110823 0.00061743 0.024678 0.000303756 0.000913119
0 0.00393652 0.00189982 0.00351659 0.000183441 0.989562 0.000469867 0.000431635
22 0.926537 0.0630895 0.00051941 0.00109998 0.00427561 0.00231963 0.00215879
11 0.00227825 0.00275166 0.00773613 0.0131244 0.00642995 0.950143 0.0175362
22 0.936712 0.0410107 0.00618255 0.000957145 0.0129646 0.00096819 0.00120509
5 0.0474751 0.916619 0.000931961 0.000369232 0.0335191 0.000514824 0.000570581
19 0.00245216 0.00270988 0.00585077 0.00798318 0.00389598 0.0511772 0.925931
22 0.986391 0.00856087 0.00203156 0.000761159 0.000884872 0.000673398 0.00069743
13 0.00146953 0.00140783 0.975613 0.00421869 0.0029032 0.00802296 0.00636471
22 0.921815 0.0632009 0.000291306 0.000973597 0.0114207 0.000810737 0.00148746
0 0.00403654 0.00888522 0.00278608 0.00696115 0.975573 0.00107019 0.000687933
11 0.00322831 0.00165173 0.0108783 0.00371986 0.00363568 0.944689 0.0321968
19 0.00252977 0.00483646 0.00170579 0.00781971 0.00358599 0.0171289 0.962393
19 0.00072902 0.00168972 0.000193976 0.00554026 0.00308293 0.00875912 0.980005
4 0.00703745 0.0133295 0.00263922 0.964032 0.00986253 0.00266599 0.000433523
22 0.914981 0.0612072 0.000918444 0.00034393 0.020688 0.000424783 0.00143648
11 0.000576179 0.00109859 0.00139625 0.00324633 0.00404416 0.93155 0.0580887
13 0.00179295 0.00051064 0.99655 6.32578e-05 0.000405482 0.000486916 0.000190639
4 0.00384999 0.0164214 0.000480162 0.967809 0.00683123 0.00287252 0.00173577
5 0.00648008 0.99194 0.000267275 7.19417e-05 0.000834069 0.000209119 0.000197855
22 0.982984 0.00245083 0.00463767 0.00453643 0.00260592 0.00178547 0.000999939
0 0.015856 0.0219546 0.000761382 0.00277445 0.956561 0.000338425 0.00175381
5 0.0235341 0.925611 0.0177077 0.00528526 0.0219866 0.00462027 0.00125548
11 0.000593088 0.000864473 0.00362511 0.00159276 0.000701359 0.940998 0.0516256
22 0.927005 0.0631952 0.000537673 0.000417483 0.00775314 0.000449323 0.00064224
4 0.00662359 0.0134539 0.0011174 0.958275 0.00776304 0.00978162 0.0029855
11 0.00046008 0.00127265 0.00467789 0.00167951 0.00447321 0.929395 0.0580415
11 0.00373778 0.00580399 0.00866679 0.0125226 0.00490752 0.951301 0.0130605
11 0.00158541 0.00253427 0.00369714 0.00647796 0.00512424 0.973735 0.0068459
11 0.000394191 0.000327377 0.0137311 0.00223866 0.00160664 0.929946 0.0517564
11 0.00306558 0.00679147 0.00740632 0.00390024 0.00566544 0.964038 0.00913268
13 0.000764456 0.000798256 0.986712 0.000587788 0.00252004 0.00228456 0.00633336
11 0.00111857 0.00141331 0.00265012 0.0134459 0.000492576 0.955761 0.0251183
19 0.00266768 0.00483008 0.00231613 0.012408 0.00569542 0.0186186 0.953464
5 0.049363 0.938147 0.000374649 0.00269976 0.00770851 0.000402934 0.00130404
13 0.000999203 0.00408723 0.991396 0.000226706 0.000882091 0.00153624 0.000872551
5 0.0494925 0.925974 0.00151855 0.00178421 0.0164916 0.00309546 0.00164379
0 0.00090074 0.00371347 0.000679528 0.000270805 0.993957 0.000317791 0.000160594
22 0.90418 0.0627595 0.0044807 0.00454855 0.0187709 0.00327746 0.00198306
22 0.925324 0.0610723 0.000159008 0.00915748 0.00126256 0.00167258 0.00135231
5 0.0498247 0.932058 0.000442575 0.00021629 0.0167626 0.000203359 0.000492881
0 0.00898206 0.0309647 0.00229716 0.000383445 0.956005 0.00103967 0.000328383
22 0.917354 0.062735 0.00240198 0.00807052 0.00409189 0.00389164 0.00145491
5 0.0441209 0.902213 0.0123247 0.00588668 0.0273126 0.0044719 0.00367028
13 0.00156622 0.00283994 0.970951 0.00475095 0.00188095 0.00883346 0.0091771
5 0.050082 0.930031 0.000249389 0.00123461 0.0173771 0.000454156 0.000571451
22 0.931831 0.0629202 0.000384935 0.000198174 0.00400443 0.000209521 0.000451594
13 0.0050479 0.0041513 0.978691 0.000941122 0.000764813 0.00816955 0.00223409
13 0.00670506 0.0117777 0.970946 0.00184644 0.00354231 0.00465273 0.00052935
11 0.00261046 0.00471916 0.00385653 0.00267763 0.00259633 0.970538 0.0130023
5 0.0355976 0.948257 0.000793591 0.00109539 0.0118085 0.00118669 0.00126164
13 0.00922933 0.0120831 0.969209 0.00345559 0.00255486 0.00297933 0.000488794
19 0.000565744 0.00151946 0.000338171 0.00942453 0.00326147 0.0462115 0.938679
22 0.925397 0.0631163 0.000314762 0.00134361 0.0082331 0.000664471 0.000931218
22 0.91969 0.0628584 4.31056e-05 0.000217842 0.0162638 0.000147016 0.000780344
5 0.0175236 0.928984 0.00442845 0.00849635 0.0349297 0.00287044 0.00276735
11 0.00156733 0.00191504 0.0129602 0.00374053 0.00801311 0.922724 0.0490794
13 0.00359914 0.00470456 0.973817 0.00469024 0.00575941 0.00300591 0.00442416
0 0.00104897 0.00861669 0.0021196 0.00826026 0.960864 0.0120341 0.00705651
19 0.00241202 0.00257836 0.00302854 0.0140071 0.013648 0.039803 0.924523
19 0.00241266 0.004523 0.00237737 0.0142082 0.00577294 0.0485066 0.922199
0 0.0151526 0.0208652 0.00118172 0.00171112 0.960156 0.000516177 0.000417362
0 0.0030967 0.00439761 0.00425679 0.00629777 0.975451 0.00223909 0.00426097
4 0.00169595 0.00185158 0.000967711 0.984339 0.00297888 0.00273921 0.0054275
4 0.00158779 0.00257454 0.000681068 0.98448 0.00123511 0.00514021 0.00430166
13 0.0051701 0.00369207 0.974304 0.00522135 0.00656554 0.00436581 0.000680657
19 0.00247621 0.00376973 0.00320608 0.0143571 0.0053966 0.0482256 0.922569
22 0.930983 0.0631818 0.00157268 0.000908189 0.00162325 0.00104714 0.000683872
0 0.00248471 0.0317082 0.000194853 0.00126959 0.95893 0.00388053 0.00153233
0 0.00252801 0.0131494 0.00356004 0.0105846 0.952132 0.0060665 0.0119798
13 0.00404579 0.00463954 0.975998 0.00286515 0.00585159 0.00463742 0.00196257
22 0.979401 0.00692413 0.00201212 0.00476368 0.00508394 0.00109665 0.000718547
11 0.00201911 0.00093837 0.00603827 0.00385615 0.00347171 0.925792 0.0578841
5 0.048254 0.916341 0.00459448 0.0166335 0.00675519 0.005666 0.00175534
5 0.0485883 0.929161 0.0125377 0.00241779 0.00374364 0.00259414 0.000957415
22 0.923556 0.0629526 0.00341379 0.0013094 0.00551017 0.00216521 0.00109309
13 0.00214733 0.00922073 0.98052 0.000592709 0.00399264 0.00306682 0.000459294
0 0.0155116 0.0280251 7.3197e-05 0.00036968 0.955423 0.000430986 0.000166013
13 0.00162737 0.00107861 0.977921 0.00172252 0.00114734 0.00835276 0.00815055
22 0.902365 0.054884 0.00334996 0.00845694 0.0262536 0.00246833 0.00222179
13 0.00250868 0.00412035 0.972625 0.00667308 0.0015909 0.00887737 0.00360448
11 0.000638702 0.000829948 0.00332823 0.000577966 0.00243464 0.982622 0.00956888
13 0.00146617 0.00418701 0.968655 0.00499257 0.00346664 0.00894816 0.00828403
13 0.00940693 0.00658414 0.962773 0.00394957 0.00690884 0.0084527 0.00192441
13 0.00170692 0.00430173 0.970796 0.00509194 0.00293922 0.0084272 0.00673728
4 0.00500879 0.00816537 0.000917957 0.966846 0.0107842 0.000977041 0.00730044
13 0.00541783 0.00595884 0.969535 0.00700804 0.00243716 0.00906987 0.000572979
22 0.933244 0.0452581 0.00368727 0.00458946 0.0105446 0.000640097 0.00203695
22 0.926649 0.0631483 0.000266787 0.00465942 0.00298244 0.00161667 0.000677016
5 0.0230503 0.916197 0.0173276 0.00803925 0.0241595 0.00799978 0.00322663
22 0.955695 0.0194298 0.00585684 0.00195482 0.0128206 0.00264387 0.00159883
22 0.961068 0.0307001 0.000199564 0.000778968 0.0065614 0.000248846 0.000443199
22 0.927128 0.0631185 0.000695865 0.00264902 0.00330632 0.0019888 0.00111357
22 0.990519 0.00707324 9.50087e-05 0.00109861 0.000205216 0.000228595 0.00078071
22 0.93773 0.0529152 0.000776459 0.000887867 0.00584893 0.000820261 0.00102091
4 0.0110766 0.0137358 0.000247672 0.961504 0.00687087 0.0044854 0.00207917
13 0.000124499 0.000226815 0.995686 0.000274618 0.000524344 0.0015306 0.00163291
13 0.00150863 0.00404282 0.964805 0.00318497 0.00421035 0.00872242 0.0135254
22 0.919624 0.0628344 0.00288323 0.00610251 0.00436583 0.00261914 0.00157131
13 0.00375901 0.0102151 0.969822 0.00274408 0.00346976 0.0090015 0.000988326
22 0.918854 0.0630845 0.00205465 0.00104053 0.0129125 0.00120563 0.000847955
0 0.000840658 0.00163071 0.00153917 0.00060045 0.993401 0.000214374 0.00177343
5 0.0381533 0.901149 0.0115778 0.00776614 0.0344648 0.00372253 0.00316608
5 0.0490359 0.911366 0.00267197 0.012013 0.0163555 0.00643065 0.00212727
5 0.0499001 0.923456 0.000618125 0.00654285 0.0170899 0.00105235 0.0013407
5 0.0498576 0.923255 0.000885843 0.00663276 0.0168041 0.00122358 0.00134102
5 0.0494884 0.941261 0.00117497 0.000344421 0.0068624 0.000346068 0.000522951
13 0.000298187 0.000635787 0.973414 0.00739048 0.00388015 0.00869718 0.00568383
4 0.000541393 0.000819408 0.000537336 0.977706 0.000747427 0.00611739 0.0135313
11 0.00178325 0.00408097 0.00868942 0.00918713 0.00370762 0.960079 0.0124724
19 0.00246789 0.002388 0.00421551 0.00467959 0.00354463 0.0512725 0.931432
13 0.00146002 0.00775773 0.972092 0.00194404 0.00326157 0.00825979 0.00522524
11 0.000793827 0.00160088 0.00975058 0.00138114 0.00176246 0.954145 0.0305658
11 0.000462485 0.000458674 0.00481233 0.00490347 0.00126305 0.931568 0.0565317
0 0.00605836 0.0181241 0.00139698 0.0106466 0.957174 0.00437684 0.00222336
11 0.00201651 0.00465465 0.0103732 0.00948591 0.00321179 0.942066 0.0281921
13 0.00336411 0.00574703 0.95741 0.011539 0.00535199 0.00976515 0.00682316
4 0.00317479 0.00574322 0.00411781 0.976251 0.00601786 0.00357206 0.001123
19 0.000704241 0.00127698 0.000189903 0.00192223 0.00150515 0.00414009 0.990261
19 0.00207844 0.00385719 0.00377816 0.00598851 0.00173566 0.0513844 0.931178
22 0.928771 0.062993 0.000538041 0.000902248 0.00502478 0.000817652 0.000953715
13 0.00110811 0.00144373 0.99195 0.000906547 0.000471444 0.00307895 0.00104074
13 0.000259445 0.000489856 0.976853 0.000619473 0.00521991 0.00855165 0.00800691
0 0.0153206 0.0199139 0.002223 0.00313157 0.957852 0.00103594 0.000523119
19 0.000675919 0.000837064 0.000323451 0.0129208 0.00429808 0.0230013 0.957943
22 0.92025 0.0371438 0.00444657 0.00800375 0.0248662 0.00276078 0.00252855
22 0.915926 0.0625917 0.0011961 0.000416338 0.0192709 0.000239698 0.000359576
5 0.0502819 0.921146 0.00122296 0.00234226 0.0176059 0.00497004 0.00243083
0 0.00603341 0.0287763 0.00114725 0.00736175 0.951702 0.00273654 0.0022431
22 0.914122 0.062948 0.0027792 0.004508 0.0128338 0.00105984 0.00174885
22 0.979648 0.0164715 0.000290674 0.000370713 0.00244962 0.000299358 0.000470041
5 0.0441964 0.910838 0.00197221 0.00508201 0.0361947 0.00101762 0.000699128
11 0.000924409 0.000985455 0.00986193 0.00134074 0.00421551 0.926496 0.0561757
11 0.00377372 0.00482817 0.00752705 0.00677058 0.00566935 0.962313 0.00911766
22 0.907102 0.0621907 0.00461176 0.00359003 0.0179516 0.00230117 0.00225302
11 0.00122064 0.00258725 0.0070822 0.0146858 0.00766692 0.916736 0.0500217
5 0.0030227 0.983704 0.00524481 0.00122426 0.00206017 0.00339335 0.00135066
5 0.0264402 0.911117 0.00468312 0.0117803 0.0362713 0.00717444 0.00253361
13 0.000184381 0.000238037 0.978503 0.00486277 0.0017696 0.00786021 0.00658153
19 0.000936709 0.000743187 0.000393538 0.0090828 0.0016752 0.0494641 0.937704
22 0.923978 0.0554764 0.00156685 0.00448788 0.0130695 0.000506039 0.000914789
22 0.987321 0.00654246 0.000631048 0.00237633 0.00217743 0.000256742 0.000695039
5 0.00634666 0.991275 0.000163411 0.000195076 0.00063731 0.000301127 0.00108184
11 0.00314614 0.00529396 0.00141839 0.0100156 0.00585323 0.967945 0.00632734
13 0.00157673 0.00207357 0.984128 0.000663084 0.000487124 0.00781417 0.00325694
0 0.00895723 0.0317198 0.00275374 0.000543604 0.955068 0.000690479 0.000267439
4 0.00783153 0.00855944 0.00678575 0.962034 0.00322608 0.0081209 0.00344259
22 0.933792 0.0632951 0.000382399 0.000411915 0.00165558 8.35271e-05 0.000379652
13 0.00324535 0.00865093 0.96557 0.00563093 0.00655975 0.00826997 0.00207284
22 0.914913 0.0387434 0.00531275 0.00987622 0.0259737 0.00272636 0.00245495
0 0.00922659 0.0212061 0.00816815 0.00259083 0.950943 0.00390122 0.00396422
11 0.00337948 0.0019578 0.00855158 0.00156664 0.00505253 0.94957 0.0299215
11 0.0042531 0.00558576 0.0072987 0.00603949 0.00296806 0.968989 0.00486636
22 0.927633 0.063087 0.00409293 0.000856368 0.00176801 0.00185513 0.00070796
11 0.00444245 0.00489364 0.00713849 0.00869478 0.00210292 0.971727 0.00100106
11 0.000703822 0.000833487 0.00902207 0.00192996 0.00100392 0.929762 0.0567447
4 0.00100265 0.00320346 0.00287175 0.975008 0.00120034 0.00828612 0.00842736
13 0.0113119 0.00797743 0.967661 0.00458395 0.00657702 0.00158221 0.000306896
19 0.00179646 0.00338509 0.0042895 0.00943721 0.00486718 0.0509909 0.925234
13 0.00411637 0.0109344 0.959713 0.00876484 0.00528262 0.00839121 0.00279761
19 0.00153263 0.00367451 0.00317406 0.00677985 0.0159098 0.0443414 0.924588
11 0.00412503 0.00588634 0.0140012 0.00640039 0.00767897 0.92244 0.0394676
11 0.00195655 0.00159606 0.0143785 0.00536882 0.00422544 0.930593 0.041882
5 0.0505002 0.904906 0.00429329 0.00900822 0.023523 0.00538321 0.0023862
22 0.927778 0.0411416 0.00299939 0.00896961 0.014171 0.0028368 0.00210362
22 0.903035 0.0613144 0.0138162 0.00407731 0.012354 0.00338386 0.00201901
5 0.0499759 0.917867 0.00796347 0.00529784 0.0169474 0.000955422 0.00099317
19 0.00226528 0.00251595 0.00853615 0.00598532 0.0067281 0.0504001 0.923569
