labels 22 5 13 4 0 11 19
22 0.944585 0.046287 0.00044135 0.000219361 0.00725147 0.000143265 0.00107272
22 0.960635 0.0247624 0.000206753 0.00320028 0.00987043 0.000284656 0.00104038
11 0.000343947 0.000924148 0.00143916 0.000979189 0.000655234 0.935072 0.0605866
19 0.00299658 0.00308225 0.0107784 0.036865 0.0564993 0.096159 0.793619
22 0.409517 0.0300599 0.0336542 0.107747 0.371131 0.0152562 0.032635
0 0.00105839 0.00161224 0.000419953 0.109137 0.86302 0.00269077 0.0220609
11 0.00879312 0.0196745 0.144962 0.155964 0.0582846 0.480929 0.131392
19 0.00116977 0.00296062 0.00174895 0.00616469 0.0240315 0.0467519 0.917172
5 0.363712 0.507606 0.0558773 0.0177711 0.0360166 0.0136799 0.00533693
11 0.000667534 0.00204843 0.012698 0.00362544 0.005486 0.945357 0.0301173
0 0.00228845 0.00356043 0.0184053 0.0120995 0.536538 0.0622643 0.364844
5 0.258552 0.716011 0.0100221 0.000676024 0.0123346 0.00116577 0.00123814
11 0.00174041 0.00347303 0.013229 0.0129338 0.0111661 0.923624 0.0338337
11 0.00232567 0.00385976 0.0643395 0.00623038 0.0266518 0.509245 0.387348
0 0.00225551 0.00436682 0.000296696 0.00841277 0.982543 0.000709021 0.00141612
4 0.0323404 0.00641384 0.0109292 0.8367 0.0906736 0.00908365 0.0138598
22 0.591592 0.0140044 0.00579116 0.0122269 0.357844 0.00435841 0.0141832
19 0.00329787 0.0038871 0.0683035 0.0192661 0.210551 0.155487 0.539207
11 0.00205273 0.00987939 0.255681 0.0135803 0.0170518 0.594748 0.107007
0 0.03852 0.0586107 0.00419113 0.042538 0.850111 0.00490036 0.00112893
22 0.71549 0.0402524 0.000947578 0.200103 0.0382845 0.000963339 0.00395923
22 0.689688 0.0580126 0.00407173 0.0528115 0.180709 0.00391394 0.0107933
11 0.00128186 0.00123171 0.298888 0.000638397 0.017899 0.595292 0.0847699
11 0.000711985 0.00214671 0.0251348 0.0010313 0.00255788 0.867667 0.100751
5 0.0263626 0.723467 0.0313473 0.00376936 0.211553 0.00242257 0.00107758
11 0.000967605 0.0021303 0.0162378 0.00341059 0.000816791 0.876241 0.100196
11 0.00208433 0.0012289 0.0132205 0.00937715 0.00318116 0.921173 0.0497352
0 0.00548477 0.0036451 0.00212496 0.268958 0.687645 0.00263792 0.0295048
0 0.00187103 0.00263949 0.00995944 0.092818 0.851358 0.00293128 0.0384222
11 0.001946 0.00527502 0.11769 0.00409006 0.00574298 0.842606 0.0226507
0 0.308201 0.0842706 0.00878479 0.184527 0.3595 0.00621995 0.0484966
22 0.669806 0.307196 0.00110129 0.00121894 0.0188279 0.0005906 0.00126005
0 0.0117513 0.00463883 0.00191224 0.00943528 0.97033 0.000592449 0.00134032
22 0.64574 0.0365713 0.027341 0.0344187 0.229194 0.0105784 0.0161568
13 0.00260744 0.00290262 0.8878 0.00386992 0.0413221 0.0489843 0.0125131
22 0.717296 0.219029 0.00101474 0.0279614 0.0234283 0.00224615 0.00902477
0 0.237123 0.345453 0.00485013 0.031254 0.377774 0.00192391 0.00162148
19 0.00914722 0.0179199 0.0102908 0.124303 0.290243 0.016068 0.532027
