labels 22 5 13 4 0 11 19
13 0.001863 0.00125137 0.911764 0.000844709 0.00960293 0.0740774 0.000597041
4 0.0183378 0.0873046 0.00480755 0.829219 0.00684816 0.050444 0.0030388
11 0.00188583 0.00202456 0.0110846 0.00482814 0.0039498 0.962161 0.0140657
11 0.0111937 0.0116814 0.0711277 0.0427991 0.0528256 0.755467 0.054905
22 0.950546 0.0386533 0.00136896 0.00153474 0.00624638 0.00082761 0.000823391
13 0.00527705 0.00673649 0.970641 0.00166501 0.00373399 0.0112655 0.000680791
11 0.00283416 0.0100445 0.0122848 0.0205527 0.0715021 0.663719 0.219062
22 0.969758 0.0266483 0.000945133 2.80682e-05 0.00200233 0.00027222 0.00034614
22 0.9527 0.0359623 0.00215431 0.00199312 0.00382879 0.00252349 0.000837649
0 0.0121918 0.0697082 0.0402923 0.00151609 0.862942 0.012054 0.00129589
4 0.116614 0.0851683 0.00480223 0.573631 0.0622066 0.145705 0.0118726
11 0.000863903 0.000847057 0.166724 0.000291778 0.00278311 0.826624 0.00186602
22 0.486653 0.429646 0.0248499 0.0266346 0.0210767 0.00909315 0.00204594
22 0.643551 0.290079 0.00887966 0.00902809 0.0387379 0.00635926 0.00336556
22 0.903262 0.086886 0.000344757 0.000453622 0.00799383 0.000477639 0.000582237
22 0.389818 0.364956 0.0521424 0.019632 0.109576 0.060055 0.00382085
22 0.989924 0.00403921 0.00309207 0.00130344 0.000614212 0.000474784 0.000552509
11 0.00381484 0.00652072 0.0112124 0.0197697 0.0291889 0.705763 0.223731
13 0.00906358 0.0026673 0.983291 0.000736219 0.00141738 0.00253003 0.000294399
22 0.903382 0.0908978 0.000375776 9.31247e-05 0.00449153 0.000230479 0.000529097
22 0.575043 0.415732 0.000180255 0.000194132 0.00816099 0.000178382 0.000511479
22 0.629239 0.191805 0.00111229 0.139732 0.0293142 0.00378447 0.00501345
22 0.939188 0.0374971 0.00612954 0.00550046 0.00426108 0.00652535 0.000898493
19 0.00648108 0.0198348 0.0395819 0.0129796 0.0400939 0.097673 0.783356
13 0.00253143 0.00726049 0.886498 0.000516644 0.00853014 0.092363 0.0023002
22 0.510969 0.207783 0.00912542 0.165838 0.0579019 0.0417762 0.00660628
13 0.0170978 0.00591946 0.946361 0.00351944 0.00814522 0.0179024 0.00105474
22 0.647008 0.138969 0.0179335 0.16038 0.0106418 0.0179824 0.00708498
13 0.00305773 0.00320914 0.773766 0.00361725 0.0144915 0.198651 0.00320663
22 0.636346 0.343588 0.00121807 0.000681827 0.0132127 0.00329788 0.00165555
22 0.824127 0.164307 0.000526473 8.1649e-05 0.00981699 0.000300219 0.000840114
13 0.00276963 0.00721396 0.719862 0.0173781 0.0120545 0.208462 0.0322601
13 0.0148874 0.00820014 0.73463 0.00183735 0.00449237 0.233545 0.00240827
4 0.00881631 0.0270663 0.00354768 0.927631 0.00732752 0.0167808 0.00883038
22 0.789232 0.201396 0.00251695 0.000828417 0.0039176 0.00152616 0.000583103
13 0.00494038 0.0120081 0.911564 0.00271271 0.0337434 0.0330574 0.00197445
11 0.000274442 0.000379549 0.00688271 0.000178275 0.00173013 0.988549 0.00200625
22 0.977963 0.0175437 0.000130026 9.61164e-05 0.00371518 0.000284604 0.000267273
4 0.0998657 0.0783124 0.00196814 0.751194 0.0324637 0.0276723 0.00852394
22 0.681606 0.29115 0.0010726 0.00261795 0.0203168 0.00231238 0.000924429
0 0.28672 0.140453 0.00840529 0.0219377 0.537717 0.00285823 0.00190867
22 0.951689 0.0458479 0.000279371 5.96628e-05 0.00171097 9.12e-05 0.000321882
11 0.00197093 0.0021288 0.236736 0.00137032 0.00365371 0.742925 0.0112147
