labels 22 5 13 4 0 11 19
4 0.00838567 0.0185203 0.00252137 0.910454 0.00257081 0.0480592 0.00948849
11 0.0165618 0.0156322 0.0232087 0.171834 0.022225 0.722546 0.0279917
19 0.0118157 0.0151448 0.0124181 0.289459 0.213276 0.0605255 0.397361
19 0.010569 0.0105818 0.00309619 0.199478 0.0582101 0.0560542 0.66201
4 0.00400315 0.00308574 0.000862919 0.703802 0.0141135 0.01225 0.261883
4 0.0871536 0.121856 0.00150325 0.743415 0.0148404 0.0269061 0.00432553
11 0.00742698 0.00548685 0.0275448 0.388965 0.0400447 0.516087 0.0144446
22 0.944274 0.0195942 0.000943441 0.00961203 0.0225403 0.00182329 0.00121236
22 0.950187 0.0467563 0.000152852 0.000324881 0.00118138 0.000411612 0.000985721
22 0.991283 0.00617441 5.25155e-05 0.000231978 0.00132485 0.00029135 0.000641482
22 0.97925 0.0135076 4.29815e-05 0.000936313 0.00545792 0.000183872 0.000621151
22 0.988375 0.0102616 1.69807e-05 0.000200759 0.000541348 6.86552e-05 0.000535781
22 0.87496 0.0247032 0.00051018 0.00509621 0.0937608 0.000344431 0.000625369
19 0.00160995 0.0013108 0.000554867 0.0940731 0.031357 0.0178736 0.853221
19 0.00123152 0.00107157 0.000479804 0.0186874 0.0251237 0.040253 0.913153
11 0.0103513 0.0276905 0.0241854 0.242852 0.00811343 0.676925 0.00988281
0 0.0695125 0.0523446 0.000177389 0.0022193 0.875053 0.000266144 0.000427363
22 0.9959 0.00267009 1.80396e-05 0.000308106 0.000694941 6.59039e-05 0.000342938
22 0.978666 0.0164571 3.56128e-05 0.00124524 0.00201653 0.000501498 0.0010781
4 0.0448035 0.0175461 0.0279189 0.66456 0.0130958 0.210965 0.0211107
22 0.98715 0.00565867 6.39396e-05 0.00383916 0.00247737 0.000376555 0.000433839
5 0.18922 0.723932 0.00162649 0.0274275 0.0424913 0.00415409 0.0111488
11 0.00458893 0.00435547 0.0121585 0.147732 0.022738 0.762762 0.0456657
4 0.0721168 0.0500769 0.0121118 0.793411 0.0520514 0.0172199 0.00301188
4 0.0283879 0.0510177 0.0751424 0.621604 0.0420561 0.174158 0.00763374
5 0.362627 0.623681 0.00108715 0.00215897 0.00547737 0.000977497 0.00399031
22 0.798629 0.0182581 0.000541539 0.0205244 0.160368 0.000534215 0.00114448
4 0.00142005 0.00536364 0.00246112 0.877028 0.0490969 0.0320712 0.0325596
0 0.430719 0.0333415 0.00109411 0.052686 0.478832 0.00184132 0.00148551
22 0.978335 0.0188318 1.91849e-05 0.000374598 0.00196565 0.000112532 0.000360942
11 0.112738 0.0548642 0.154844 0.0674809 0.054299 0.543938 0.0118369
13 0.0300835 0.0259524 0.716078 0.0408153 0.128204 0.0502855 0.00858212
22 0.994845 0.00377379 3.86929e-05 0.0003558 0.000479886 0.000118762 0.000388175
0 0.00695259 0.0371454 0.0191398 0.140287 0.771363 0.0142285 0.0108837
22 0.94323 0.0395586 0.000131703 0.00749746 0.00861781 0.000311032 0.000653096
22 0.704339 0.0405928 0.00109947 0.01821 0.230627 0.00394383 0.00118786
4 0.109584 0.213625 0.00756558 0.550247 0.0214373 0.0910127 0.00652834
19 0.00199011 0.000989888 0.000156012 0.0125766 0.0040615 0.00570403 0.974522
19 0.00743825 0.00739438 0.00200211 0.210261 0.0779604 0.0521208 0.642823
22 0.974504 0.00429482 0.000143818 0.00789048 0.0121482 0.000236166 0.000782567
4 0.0651035 0.035987 0.031315 0.814951 0.0190274 0.0296713 0.00394462
11 0.119431 0.0898957 0.062405 0.112237 0.205014 0.394166 0.0168516
22 0.995651 0.00246063 9.59183e-06 0.000185445 0.00077482 0.000110881 0.000807401
22 0.887587 0.108919 0.000289714 0.000295697 0.000613435 0.000988495 0.00130714
11 0.00840534 0.0440515 0.00976197 0.302651 0.0292006 0.574648 0.0312813
11 0.0467208 0.0387307 0.142249 0.277802 0.0393979 0.445302 0.00979877
22 0.875911 0.116698 0.000157909 0.00147171 0.00316617 0.000618204 0.00197749
22 0.992553 0.0045319 2.73157e-05 0.00132119 0.00121423 5.08142e-05 0.00030146
22 0.897775 0.0929577 3.46342e-05 0.000516903 0.00786838 0.000145955 0.000701138
22 0.87268 0.11713 0.000364693 0.00162444 0.00487221 0.000941677 0.00238658
11 0.0128908 0.0200315 0.0661046 0.200377 0.0904584 0.586607 0.0235304
4 0.0676984 0.185879 0.0158881 0.518904 0.191866 0.0133325 0.00643173
11 0.00314924 0.00373475 0.00802396 0.00976549 0.00708932 0.891595 0.0766421
4 0.0204957 0.0393551 0.00254223 0.886249 0.024781 0.0217391 0.00483749
11 0.00506457 0.0154931 0.0119648 0.0211817 0.0230665 0.914385 0.00884407
11 0.00316845 0.00586427 0.00621108 0.23938 0.00248374 0.710976 0.0319168
22 0.712017 0.272192 0.000526727 0.00628078 0.00719361 0.000497276 0.00129286
22 0.747046 0.242248 0.0003045 0.00338329 0.00520652 0.000724625 0.00108669
19 0.0026672 0.00609271 0.00211558 0.106789 0.0614824 0.124628 0.696225
22 0.947092 0.0400737 0.000114604 0.000609898 0.011208 0.00011408 0.000787767
4 0.00532809 0.00453989 0.00320657 0.971727 0.00556518 0.00533093 0.00430286
22 0.754361 0.0543441 0.000146876 0.0022837 0.186703 0.000994191 0.00116706
0 0.170311 0.205739 0.212793 0.0361357 0.26131 0.0978396 0.0158721
13 0.0962934 0.203952 0.286713 0.162733 0.0472144 0.194206 0.00888832
22 0.996412 0.00201063 1.88959e-05 0.000851311 0.000101527 0.000101115 0.000504486
22 0.801751 0.180081 0.000261478 0.00741046 0.0088511 0.000644113 0.00100171
11 0.00275478 0.00280205 0.0180798 0.0491263 0.0204121 0.834373 0.0724522
22 0.655215 0.324958 0.000773888 0.00261983 0.0106226 0.00221431 0.00359576
4 0.0339077 0.120079 0.00496297 0.579189 0.0520133 0.198524 0.0113237
4 0.147878 0.141388 0.0835971 0.397639 0.0250661 0.191049 0.0133834
0 0.256696 0.244201 0.140805 0.0440389 0.281802 0.0224637 0.00999321
